0.308125,9.618125000000001,2.8181351146875
0.4953125,9.545,2.9151800530000003
0.49343750000000003,9.826562500000001,2.9905175875000003
0.4834375,9.4746875,2.8504833753125
0.5618749999999999,9.55375,3.3991280743749996
0.4759375,10.031875,2.9224158275
0.4965625,9.3534375,3.344220973125
0.569375,9.748125,2.8496321528125
0.7,9.4603125,3.5136240884375
0.44125,9.603125,2.6947006375000004
0.478125,9.5815625,2.9892406934375
0.5225,9.88125,3.0952240228125003
0.7378125,9.463125000000002,3.1663052396875
0.5003124999999999,9.76375,3.2080175296875
0.539375,9.669687499999998,3.0071174000000003
0.6034375,9.515,3.3518825215625
0.6009374999999999,9.911249999999999,3.1297005101875
0.453125,9.411249999999999,3.3306006562499997
0.7784374999999999,9.7553125,3.1824793596875
0.8290624999999999,9.8475,3.5506543478125003
0.8659375,9.5725,2.5959531684375
0.669375,9.6134375,3.1590693775000003
0.714375,9.69375,2.7006595825
0.7396875,9.690312500000001,2.8134530406250002
0.8125,9.7071875,3.1190596084374995
0.6568749999999999,9.850625,2.698957046875
0.9084375,9.563749999999999,3.0867112915625
0.7490625000000001,10.1684375,2.651285814375
0.9340624999999999,9.3971875,3.082880585625
0.7418749999999998,9.938125,2.7168337040625
0.491875,9.6084375,3.065855155125
0.7684375000000001,9.762812499999999,2.509123453125
0.56625,9.739687499999999,3.1237416281250003
0.6953125,9.755625,2.5329590290625
0.6028125,9.916875,3.15055665625
0.525625,8.669375,1.6135855316874999
0.1368749999999999,8.125625,1.4854691309374999
0.675,8.4765625,1.44247998125
1.8059375,8.3721875,1.7119074981250002
-1.1640625,8.711875000000001,1.1147403575000001
2.8178125000000005,8.6075,2.6036145344375
-1.2015625,8.646875,0.9823675962500001
1.0821875,8.5665625,1.4050239909375002
0.9921875,8.941875000000001,1.4377979369375
1.3434374999999998,8.384375,1.747235231875
1.0946875,7.9678125,1.5195199874999998
1.26625,8.854687499999999,1.645082595625
1.8790624999999999,9.0040625,1.9383457434374998
1.6896875,7.449375000000001,1.3054251921875
1.8240625,9.225625,1.4531208353124998
1.6678125,8.29125,1.683815430875
1.58875,9.0546875,1.2424311062500002
1.8415625,8.774375,1.5139867640624998
1.6309375,9.620312499999999,1.66466191625
2.0340625,7.3284375,1.7476608453750002
1.58875,8.8275,1.869392741
1.5509374999999999,8.9196875,1.5876218296875002
2.3234375,8.536874999999998,1.9758017546875
1.6549999999999998,9.1834375,1.6012420865624999
2.008125,8.4753125,1.7838399140624999
1.1418749999999998,8.059687499999999,2.01538584625
2.315,8.5234375,0.766144555625
2.7981249999999998,9.241875,2.42612441775
1.7553124999999998,8.21875,1.1040994065625003
1.1640625000000002,8.5234375,1.7540453281250001
1.308125,8.6328125,1.8579005446874999
0.9340624999999999,7.463749999999999,1.6501902509375002
0.5115624999999999,7.718125,1.559529797
1.0796875,8.4790625,1.9025923284375001
0.7671874999999999,8.2765625,1.8170394534374998
0.325625,8.4275,1.6297597596875004
-0.330625,9.50375,1.6774309906250002
-0.22031250000000008,8.5825,2.0485854271874997
-0.3843749999999999,7.8984375,1.9136588270000001
1.2415625,8.77375,2.0060218575000004
2.17625,7.593125000000001,2.0771030396875
1.3615624999999998,8.2015625,1.762132508125
1.6565625,8.7421875,2.4461293399999997
0.8746874999999998,7.76,2.23373703125
0.9162499999999998,8.86625,2.0507136428125
0.846875,8.691875,2.25118807
0.7112500000000002,8.1609375,2.3133308643749997
0.05687500000000012,7.664062500000001,2.4248475618125
-0.2221874999999999,9.630625,2.083061965
0.23937500000000006,8.8225,2.41080158125
-0.09437499999999996,8.520624999999999,2.3635560028124996
-0.6749999999999999,8.637812499999999,2.21330649
-0.7428125000000001,7.749375000000001,1.8532185587499999
-1.3259375,8.471562500000001,2.0392214281250003
-1.9856249999999998,7.543749999999999,2.0754004425
-3.013125,8.485624999999999,2.68746479125
-3.1006250000000004,8.6021875,2.2158602628125
-2.0203125,7.2153125,1.0117365100000002
-1.5309374999999998,8.5159375,1.6046472246875
-3.0690625000000002,8.510000000000002,1.9519660803125
-3.0650000000000004,7.5121875000000005,1.7787322621875001
-3.8259375,8.6496875,1.9004640762499998
-3.10125,7.4828125,2.35291504875
-3.7546874999999997,7.7875,1.9000385184375
-3.81125,8.4259375,2.0779542421875
-4.0546875,7.585,2.3814326628124998
-3.4115625,7.176875,1.632313528125
-4.514375,8.456875,1.9102537815625003
-4.696249999999999,7.984062499999999,2.094128489375
-2.9671875000000005,7.507187500000001,1.8434289274999998
-5.15875,7.586250000000001,1.65912861875
-3.0100000000000002,6.8459375,1.9843144373750001
-4.804062500000001,7.755624999999999,3.3140008076875
-4.383437499999999,8.216562499999998,1.656149112375
-5.0153125,7.9325,2.1911734196875
-4.606875,7.0659375,1.6697694953125
-4.480625,7.7025,1.8068242603125002
-4.2575,7.2943750000000005,1.8745003492499999
-4.894375,7.825625,1.8864181940625002
-5.160625,7.124375000000001,1.9247254085625
-4.7675,7.2175,1.959627531875
-5.45875,7.6215625,2.156696971875
-4.74,7.186562499999999,1.8540698815624999
-4.852187499999999,8.3440625,0.9670446531249999
-4.868437500000001,7.420625000000001,2.0579494398750002
-5.0915625,7.0153125,1.59953962625
-5.6246875,7.875937500000001,1.3637373165625
-5.335624999999999,6.967812500000001,1.9868682028125
-6.051562499999999,7.8021875,2.2873671662499997
-4.545,8.1075,2.241398559375
-5.304375,6.86125,3.0518090609375
-5.06625,7.343125,2.118815332625
-5.0403125,7.211562499999999,1.723399615
-5.7315625,7.4109375,2.4525138575
-5.1525,6.736875,1.7434045131250002
-6.051874999999999,7.5962499999999995,1.588473020625
-5.399687500000001,7.806875,2.1673377603125
-4.8090625,6.8628125,1.5237763812500003
-5.9715625,7.1384375,1.1747549806250002
-6.315312499999999,7.499687499999999,1.989422048125
-5.274375,6.5003125,1.887695065625
-5.9528125,7.2153125,1.6225239278125
-5.645312499999999,8.0159375,2.3422741771875
-5.092812500000001,6.9228125,1.1428322996874998
-6.2593749999999995,7.66875,1.9498378566875
-3.4815625,5.9278125,1.4705719021875
-5.516875,7.181875,1.9987860225
-5.5709375,7.360312499999999,2.210327035
-5.86,6.926874999999999,1.8357675118749999
-6.593125000000001,7.747187500000001,1.8264034821875001
-3.9415625,6.2865625,1.156027005625
-7.1065625,7.074999999999998,1.2368979318750002
-6.122187499999999,6.7921875,2.1009386134375
-5.319062499999999,6.9065625,1.8302342562499998
-6.0178125,7.38625,0.959808854375
-5.221875,7.01625,1.5318634625
-6.3803125000000005,8.350312500000001,0.8865994637500001
-5.3184375,5.567187499999999,0.7406064156875001
-6.1871875,8.32125,2.114133356875
-7.537812499999999,7.475312500000001,0.32092946937499983
-5.17875,6.813125000000001,1.6919025776874999
-5.5371875,7.2925,1.7199945031250001
-5.2746875,7.821250000000001,1.7932038937499999
-5.118125,6.7096875,1.3381991678125
-5.335625,7.5321875,1.6429544065625
-5.0600000000000005,6.681875000000001,1.3726756756249998
-5.26875,7.167812499999999,1.1202736026249998
-5.727812499999999,7.48625,0.8240309796875
-5.05875,7.2671875,0.83509754
-6.011875,7.784999999999999,1.0483411314375002
-4.8590625,7.003124999999999,0.9827931946875
-5.6978124999999995,8.8353125,1.1470885918749998
-5.0865625,8.034375,0.990454635
-4.772187499999999,7.2890625,0.7674214784375001
-5.42875,7.971875,0.03532773999999994
-5.73125,8.095625,-0.15110068218749995
-4.8825,8.253437499999999,-0.915968400625
-4.3184375,8.9265625,-0.8368001181249999
-4.145625,8.407499999999999,-1.3437323845
-4.2040625,8.8909375,-2.208624524375
-4.156875,9.055625,-1.115591565
-3.8078125000000003,8.1875,-1.1390016006249999
-4.4340625000000005,8.991249999999999,-1.47482828375
-4.209375,9.265625,-1.3611835364375
-3.1378125,7.930312500000001,-2.1145589790625
-4.9121875,8.671875,-1.5863448746874997
-4.366875,8.4,-1.0743049365624997
-5.024375000000001,8.3575,-1.732337947
-5.4390625,8.5815625,-1.3424555009375
-4.4615625,7.461562499999999,-1.30797901
-7.2993749999999995,7.025,-1.8655619668749996
-4.8378125,8.447187499999998,-3.2480272978125
-4.5365625,8.021875,-1.8489622327500002
-6.174375,7.0725,-1.2969125179375
-5.813125000000001,6.745625,-1.8323624459375
-7.298124999999999,6.733125000000001,-1.3322402325000002
-6.2778125,6.0053125,-1.8974847110625
-8.647187500000001,6.000937499999999,-2.203942470625
-6.084999999999999,7.443125,-1.1653910131249998
-8.57,4.3246875,-2.076251701875
-7.7659375,6.143437500000001,-1.357778381875
-7.105,5.383437499999999,-1.7621324921875
-7.970937500000001,5.7378125,-1.24370802
-6.6171875,4.93125,-2.1609532621875
-7.59875,4.7153125,-2.316735989375
-5.4690625,4.923125,-1.4820640587499998
-9.9371875,2.2996874999999997,-1.2105084025000004
-7.921250000000001,3.29625,-2.2422497490624997
-8.224375,3.4175,-1.7212714565624996
-8.3603125,2.9378124999999997,-1.3190455734375002
-8.5915625,2.6640625,-1.9906988725
-8.836875,2.4096874999999995,-1.4003420390625
-8.491249999999999,1.9625,-1.61443684375
-8.857499999999998,2.0590624999999996,-1.72425089
-8.765,1.94125,-1.34415809625
-8.873750000000001,0.17375,-3.5089421950000004
-8.7653125,2.224375,-2.4103758806249997
-8.065312500000001,-0.301875,-2.7581204012500002
-9.148125,0.6078124999999999,-1.96601207025
-8.033437500000002,3.0025,-3.3263443125000003
-8.836875,0.06500000000000006,-1.46503864
-9.2384375,1.7684375,-1.7787322759374997
-8.8146875,1.2962500000000001,-2.122220391875
-8.969375,0.80375,-2.4827340303125
-9.109375,1.0471875,-1.7753271965625
-8.6234375,0.4203125,-1.9877194571874999
-8.705312500000002,0.9040624999999999,-2.177978715
-9.946562499999999,0.3875,-0.8223284928750001
-8.561875,-0.216875,-2.34993560625
-9.058125,1.2696874999999999,-3.2799499909375
-8.129999999999999,0.75,-1.7110562093750001
-9.406875,0.9206249999999999,-1.9672889318750002
-8.993125,0.43593749999999987,-2.1175384340625
-9.1253125,0.6053125,-2.0221960445625
-8.7096875,0.30374999999999996,-2.4691136571875
2.7846875,9.0328125,0.12981895174999997
3.7778125,9.388124999999999,0.5473677190624999
3.5743750000000003,9.3775,-0.07874263425
3.8409375000000003,9.3896875,0.43883056593750003
3.7287500000000002,9.441875,-0.0663991884375
3.988125,9.0771875,0.362216118125
3.4246875,9.505,-0.1110909658125
3.7121874999999998,9.0084375,0.2672993225
3.54875,9.568437499999998,0.027240701249999943
3.483125,9.0515625,0.03064578174999999
3.83,9.539375,0.031071425312499956
3.849375,9.03375,0.20217703312500002
3.6765625,9.459375,-0.08853227187499996
4.1459375000000005,9.102187500000001,0.09151171612499992
3.7359375000000004,9.3090625,0.015322885749999987
3.91625,9.420937499999999,0.15705962156250003
3.3690625,9.122499999999999,0.16131601031249998
3.99375,9.3684375,-0.009363993312499999
4.306875,8.912812500000001,0.34689323175
4.195625,9.162500000000001,0.08597845062500008
4.2815625,9.267500000000002,0.436702401875
4.2028125,9.0265625,-0.10768587874999996
4.43,9.21,0.61674636
4.190625000000001,9.022187500000001,-0.10172698925000001
4.5334375,8.80875,0.8150926756249999
4.141249999999999,9.063437500000001,-0.19153614318749998
4.09,9.3596875,0.57077769
3.9675000000000002,8.909375,-0.16727489243750004
4.237187499999999,9.4625,0.607382365625
4.024062499999999,8.924687500000001,-0.23963299449999997
4.2209375,9.186875,0.3477444965625
3.7953125,9.11125,-0.15067509081250002
4.2090625,8.938125,0.22856645706249998
4.0528125,9.48625,-0.009363971999999943
4.17,9.0275,0.08427590093749997
3.993125,9.45875,0.10555767781250004
3.8828125,8.936875,0.1621672715625
4.0440625,9.4528125,0.13024458112500004
3.8699999999999997,9.0625,0.15152635812499998
4.065625,9.3509375,-0.04894814143749998
3.9584374999999996,9.0321875,0.20302830893749996
3.9115624999999996,9.2575,0.053204483187500096
3.9003125,9.0896875,0.15280328281249994
3.65875,9.395,0.07576319081250005
4.183125,9.2053125,0.19111051843750002
3.6174999999999997,9.5096875,-0.09193734999999997
4.1196874999999995,9.105625,0.2707044220625
3.8446875,9.214375,0.031071401562499962
4.1290625,9.3059375,0.11534732875000003
3.723125,9.26125,0.14429055812500002
4.3496875,8.7775,0.71379136825
3.68125,9.398125,0.012769083249999924
4.11125,9.100000000000001,0.22260754875000005
3.815625,9.5546875,0.10598332562499993
3.9753125,9.041875000000001,0.10853714281250001
3.8165625,9.2290625,-0.03915849887500003
3.8465624999999997,9.1153125,0.21792555687500015
4.0425,9.5821875,0.32518578756250005
4.069374999999999,9.1228125,0.09193733031249998
3.85625,9.4525,0.14684437362499994
4.0575,8.978750000000002,0.006384527874999935
3.8953125,9.206875,-0.010640901250000001
4.04875,9.1646875,0.11704986406250004
3.8850000000000002,9.470937500000002,0.05533266518750002
4.0840625,9.1803125,0.2451662673125
4.033125,9.4878125,0.01617418199999998
3.9584374999999996,9.0534375,0.1489725390625
3.9262500000000005,9.4546875,-0.02468689081250003
3.88625,8.966875000000002,0.38264663406250005
3.8006249999999997,9.5815625,-0.22047937493750003
4.2090625,8.9334375,0.235376654375
3.7275,9.376249999999999,-0.18089525543749996
3.9328125,9.182187500000001,0.17153124968749994
3.990625,9.1584375,-0.21877684612500004
4.299687499999999,9.3040625,0.5167219484375001
3.9671875,9.1059375,-0.3332729035625
4.1440625,9.237499999999999,0.2234588453125
3.7093749999999996,9.246875,-0.1430136491875
3.958125,9.23125,0.28432476600000006
3.958125,8.7734375,-0.16684925500000006
3.9006250000000002,9.096875,0.21579738512500007
3.9149999999999996,9.3115625,0.07704010462500005
3.7918749999999997,9.14375,0.1289676753125
4.140937500000001,9.3359375,0.13279839299999993
3.68375,9.1284375,0.18642850812499998
4.15,9.273125,0.06001465531250001
3.5384375000000006,9.1484375,0.04341484781250002
4.1328125,9.185937500000001,0.20856155624999997
3.7121874999999998,9.405000000000001,0.028091960437500008
3.9634375,9.08875,0.164721075
3.970625,9.4840625,0.031497034125000045
3.985,9.0571875,0.242186789875
3.75625,9.436250000000001,-0.0412866921875
4.0443750000000005,8.806249999999999,0.20430521906250002
3.6265624999999995,9.2225,-0.2664480586250001
4.114375,9.3709375,0.37626210468750004
3.7578124999999996,9.0715625,-0.19749504281250005
3.8346875000000002,9.4665625,0.1906848660625
3.8049999999999997,9.2559375,-0.04256357950000003
3.69125,9.2103125,0.17536198468750003
4.1096875,9.165312499999999,0.00851271468750002
3.9259375000000003,9.34375,0.042989217625000076
4.125625,9.1475,0.1915361535625001
3.9384375,9.432187500000001,0.15535709812499998
4.287812499999999,9.07375,0.3894568221875
3.745,9.1053125,-0.06086592906249999
4.025,9.4334375,0.36987757075
3.7796874999999996,8.9721875,-0.31454491250000005
3.703125,9.35375,0.4277640691875
3.7718750000000005,9.2184375,-0.17280816556250003
3.745,9.249375,0.17153124250000007
4.1215625,9.209687500000001,0.03064577612499997
4.1206249999999995,9.38625,0.03915848831250007
3.8240625,9.0453125,0.2477200746875
3.8174999999999994,9.371875000000001,0.07704009893750002
4.129687499999999,8.9965625,0.181746521875
3.6824999999999997,9.420312500000001,0.12130621500000005
3.7853125,9.2934375,0.09534245518750001
3.6828125,9.7578125,0.1766388785625
3.794375,9.053437500000001,0.11619859550000003
3.9821875,9.5965625,0.04298923031249996
3.8115625,9.065312500000001,0.13705475125000002
3.8390625,9.689375,0.11492169531249993
3.7596875,9.0621875,0.16046471737500007
3.7025,9.420000000000002,0.10385515768749998
3.825625,9.284062500000001,0.09278860781250003
3.8915625,9.2046875,0.01021525531250006
4.1828125,9.3890625,0.2668736945625
4.18,9.2503125,0.3311446755
3.8553125,9.2903125,-0.09108607968749997
4.19125,9.335625,0.49118379406249996
3.756875,9.2575,-0.29879637499999995
3.8618750000000004,9.475312500000001,0.4490458446874999
3.5840625,9.3984375,-0.2272895546875
4.265000000000001,9.070937500000001,0.24090991987500004
3.6706250000000002,9.618125,0.04043541187500001
3.7578125,9.216875,0.22771518406249996
3.899375,9.510312500000001,0.08938355781250004
3.9128125000000002,9.03,0.05788646043750009
3.845,9.383125,0.0412866891875
3.7468749999999997,9.237499999999999,0.07363497843749996
3.7721875000000002,9.2815625,0.01702543125
4.008125000000001,9.221250000000001,0.023409980812499967
3.9178125,9.2240625,0.14769563875000002
3.585625,9.1290625,-0.07746574168750006
3.8134375000000005,9.0984375,0.07746572531250001
4.10375,9.4296875,0.0893835225
3.7684375,9.131250000000001,0.10726025406250003
3.9365625000000004,9.4796875,-0.029794528750000014
3.92375,9.165312499999999,0.24729443950000002
3.938125,9.274375,0.08257334362500002
3.62125,9.4965625,0.39456447531250005
3.748125,9.3134375,-0.1336496635
3.9434375,9.3128125,0.3200781735
3.781875,9.230625,-0.19025923162500002
4.3715625,9.2646875,0.4426613044999999
3.7671875,9.054375,-0.36179046437499995
4.3412500000000005,9.4703125,0.4188256773125
3.8015625,9.1415625,-0.2685762290625
3.8171875,9.3003125,0.46309183068750004
3.95,9.205312500000002,-0.24388934781250005
4.1146875,9.191875,0.21494610174999995
4.05125,9.567812499999999,0.09363987593750006
4.131562499999999,9.49375,0.37839028931249996
3.7371875,9.1228125,-0.286878591125
4.0090625,9.404687500000001,0.4379793180625
3.9646875,9.153437499999999,-0.056183941250000036
3.9465624999999998,9.295312500000001,0.38817991768750004
3.9543749999999998,8.9725,-0.1830234279375
4.064375,9.4696875,0.4477689345
4.0009375,8.8140625,-0.3302934296874999
3.916875,9.3896875,0.3188012628125001
3.93125,9.1653125,-0.21324355231249997
3.8968750000000005,8.8428125,0.2830478453125
3.6078125,9.528125000000001,-0.28730420874999996
4.085312500000001,8.9159375,0.21068974218750003
3.8368749999999996,9.684999999999999,-0.17238253375
4.2971875,9.085625,0.3843491968749999
3.8421874999999996,9.2828125,-0.21962811187500003
4.314375,9.215,0.6358999891874999
3.9334375,9.006562500000001,-0.25027388656250005
4.025625,9.513124999999999,0.5746084370625
4.00625,8.918125,-0.2898580073125
4.08125,9.164375,0.49458889218750013
4.00125,9.0971875,-0.2251613690625
4.0503125,9.3590625,0.48735305812499996
3.7490625000000004,9.118437499999999,-0.15748526156249998
3.833125,9.1765625,0.31369362312500004
3.1065625,8.931875,1.2245543950000002
1.4000000000000001,7.2821875,1.9264279368750001
1.3546875,8.041562500000001,1.8468340417500002
1.840625,8.344375000000001,2.3695148353124997
1.2340624999999998,7.86,2.2052194415625
1.415625,7.707812499999999,1.9587762706250003
1.39875,8.35625,2.3844121028125
1.2121875,7.2718750000000005,1.9813349490624999
1.44625,8.049062500000002,2.384837764375
1.2578125,7.8025,2.2162859153125
1.9146875,7.821562499999999,2.4193142853125
1.209375,7.153124999999999,1.8357674821875
1.5584375,8.558125,2.4444267683125
1.7268750000000002,8.1875,2.239270244375
1.765,7.8925,2.4878416490625
1.5159374999999997,8.346874999999999,2.2575726625000003
2.1012500000000003,8.320625,2.196281105
1.6578125000000001,7.8931249999999995,1.8698183875000003
1.5790625000000003,8.0225,2.1503124071875
2.1821875,7.775312499999999,2.1175384503125
2.004375,7.25,1.7523428676875001
2.1253124999999997,7.883125,2.0477341671875
2.1871875,8.995625,1.9889964190625
1.9575,7.6675,1.6131599200000002
1.915,8.9128125,2.3456792501250003
1.93625,8.2784375,1.85236730125
1.7971875,7.9037500000000005,1.9225972125000002
2.2953124999999996,8.21875,1.9685658940625002
2.209375,7.604687500000001,2.0179396190625
1.8987500000000002,6.946562500000001,1.5212225949999998
1.27,7.967812500000001,2.104769356875
1.77625,7.2990625,1.7659631978125
1.560625,7.168125,1.9855912678124998
2.0309375000000003,8.3640625,1.7229739896875
1.79,7.390312499999999,1.5778321773125001
1.6471874999999998,8.38,1.797460289375
1.9615625,7.443437499999999,2.044754691875
1.8903124999999998,7.218125000000001,2.0417752384375003
1.54875,8.122187499999999,1.7697939228125001
1.864375,8.0371875,2.0630570365625003
1.5899999999999999,7.310625,1.5007920753125001
1.53375,8.224375,1.7131843665625
2.1259375,7.8575,2.09200029875
1.665625,7.884375,1.8008653055
2.0993749999999998,8.55375,1.9655864376875003
2.1803125,7.8968750000000005,1.9379201065625002
1.7171875000000003,7.2368749999999995,1.7778810065624997
1.8484375000000002,8.725625,2.33886907875
1.3115625,7.5309375,1.9511148024999998
1.5925,7.674375,1.9523917009375
2.1528125,8.6059375,2.1818094603125
1.6643750000000002,7.2290625,1.4607822884375001
1.4506249999999998,8.0725,2.149461128125
1.8615625000000005,8.2071875,2.090297729875
1.6853125,7.303125,2.0009142506249997
1.8246875,7.589062500000001,1.8276804
1.7171875,8.808125,2.148184194375
2.0759375,7.2478125,1.831085508125
1.4190625000000003,7.2562500000000005,1.8668388940625
2.13375,7.630625,2.3248230596875
1.4325,7.0965625,1.7587274028124997
1.9828125,7.6275,2.1443534975
1.826875,7.3740625,1.9064230484375002
1.1906250000000003,7.8628125,1.8174651496875
2.0096875,8.2878125,2.0107038354375
1.3246875,6.868125,1.7123330968750001
1.7425000000000002,7.448437499999999,1.7995884195625003
2.0084375,8.0275,2.1132820625
1.5928125,6.805625,1.5024946034375
1.7009375000000002,8.353125,2.19968616375
1.6840625,7.5756250000000005,1.7927782846875
1.6618750000000002,8.1265625,2.0511392500000003
1.7915625000000002,8.0046875,2.0898720959375003
1.748125,6.881250000000001,1.6374211781249999
1.6825,8.395,2.2558701013749998
1.4121875,6.9234375,1.8323623934375
1.4031250000000002,6.9584375000000005,2.1588250878124997
1.92875,7.8784375,2.048159819375
1.505,6.925625,1.812783132375
1.4884374999999999,7.849375,2.21671157875
1.7021875,6.900625000000001,2.010278178125
1.485625,7.305312500000001,2.14520477425
2.1190625,8.724375,2.21373215
1.255625,6.42,1.4722744668749999
1.6190625,7.5921875,2.1213691631250002
1.5062499999999999,7.3478125,1.6565748084375
1.9928124999999999,7.438749999999999,1.7395737853125
1.7978125,7.0287500000000005,1.9719709724999999
1.6134374999999999,7.887187500000001,2.2626802459374997
2.3546875,8.313437500000001,2.22650121125
1.6253125,6.4478124999999995,1.9587762303125
1.7403125,8.4184375,1.8566236178125
2.06875,7.168125,1.68041040875
1.5790625,7.562500000000001,1.9600531782500001
2.088125,8.050625,2.0945540740624997
1.7678125000000002,6.803437500000001,1.857049308125
1.5649999999999997,7.807812499999999,1.3926805415624997
2.0815625,8.0365625,1.8144856950000001
1.4928125,6.700312499999999,1.5620836545624999
2.2090625,7.913125000000001,2.250762478125
1.7040625000000003,6.5303125,1.6238008568750002
1.7271874999999997,8.1875,1.98346316125
1.9109375000000002,7.883750000000001,1.9098281221875
1.5231249999999998,7.1390625,1.5373967125
1.770625,8.075624999999999,2.1826607121875004
1.6037499999999998,7.2924999999999995,2.0370932487499998
1.8328125000000002,7.8096875,2.0809337731250004
1.9765625,7.96,1.7863937525000002
2.3131250000000003,7.56125,1.8034191534375
1.751875,8.2609375,1.7961833203124997
1.8181250000000002,6.929062500000001,1.8893976118750002
1.4446875000000001,7.3109375,1.8621569200625
2.0478125,7.4331249999999995,2.159250748125
1.3753125,7.276562500000001,1.5867705225000002
2.455625,8.180937499999999,2.1898965546875
1.75875,6.5296875,1.6127342778125
2.0453124999999996,7.633437500000001,1.8025679125
2.57125,7.266562500000001,2.0175139665625
1.7403125,6.781250000000001,1.822147143875
2.1553125,8.1528125,1.920469035
1.714375,6.942500000000001,1.8221471673124998
2.2315625,7.9350000000000005,2.2094758089375
1.2271874999999999,6.733750000000001,1.64210317625
1.9809375,8.141874999999999,2.069015990625
1.6103125,6.7621875,1.5293096974999998
1.5750000000000004,7.296250000000001,1.6714720846875
2.1234375,7.9490625,2.24948560375
1.0465625000000003,6.9521875,1.5190943921875
1.9681250000000001,8.23875,1.8166138678125
1.17875,6.3825,1.53356602675
1.2703125,6.8746874999999985,1.8600287254375
0.891875,6.4271875000000005,1.5173919101875
2.045625,7.1859375,1.9208946587500002
1.03375,6.95,1.388424198125
2.535,7.7071875,1.7438301703124999
1.0662500000000001,6.791875000000001,1.3377735349999997
2.2940625,7.27875,1.9758017209374996
1.6196875,6.670625000000001,1.5514427378125002
2.821875,7.210625,2.097107925625
1.2421875,6.764375,1.2015700390625
2.1790624999999997,7.89625,2.4976313121875
1.7912500000000002,6.1971875,1.3373478762499997
2.33625,7.606875,2.0775286415624996
1.94125,6.506875,1.5620836631250001
1.2100000000000002,7.0409375,1.8408750959374998
1.98875,6.666250000000001,1.7029691403125002
2.3265624999999996,7.1128124999999995,1.935366251875
1.9184375,6.623124999999999,1.891525770125
2.809375,7.2837499999999995,2.4852878350000003
2.1409374999999997,6.7528125,2.0047449196875
1.9021875000000001,6.7003125,1.8229984465624998
2.373125,7.253124999999999,1.74595830375
1.9603125,6.4903125,1.429710864375
2.4418749999999996,7.994999999999999,2.2562957403125
1.165625,6.0903125,1.5339916771875002
1.1890625,7.495937499999999,1.4697206381249999
1.6540625000000002,6.40125,1.979206751875
1.6640625,7.1753125,2.2018143703125
1.67,6.9315625,2.0217703549999997
1.800625,6.551874999999999,2.108174476375
2.366875,7.832812500000001,2.2631058684375
1.949375,6.196875,1.4412030183125
2.6037500000000007,8.482187500000002,2.4082477059375
1.7553125,5.354687499999999,1.533565995625
1.7240625,7.045,1.9681402328125
2.5221875,6.2175,1.5710219675000001
1.8059375000000002,6.5984375,1.5297353315624997
2.319375,6.9478124999999995,2.6810803165625003
2.0493750000000004,6.2675,1.4080034240625
2.5234375,6.4825,1.7093536006250003
1.9537500000000003,6.3009375,1.8323623975000003
2.3178125,7.053125,2.2256499971875003
1.86125,5.364375,1.57272448875
2.6621875,6.418749999999999,1.356927179375
2.51,6.996874999999999,1.9634582306250004
1.8109374999999999,6.2228125,1.5659143340625001
2.3968749999999996,7.7796875,2.3026900509375
1.6750000000000003,6.179375,1.8647107131249998
1.6928125,6.393437500000001,1.7693682612500001
3.0318750000000003,6.7978125,1.9430277374999998
2.05625,7.0134375,1.5190944096874999
2.44125,6.5425,1.6859436490625002
1.7290625,5.4425,1.761281216875
2.4559375,7.006875000000001,1.7276560006250001
2.2581249999999997,6.8396875,1.8962078015625
2.31625,7.284375000000001,2.0541187103125003
2.1693750000000005,6.0090625,2.0404983390624998
2.4828125000000005,4.8237499999999995,1.1849702606249999
2.6125,6.5668750000000005,1.7361687231249998
2.0021875,6.1409375,1.2109340584375001
2.709375,7.8415625,2.5963788068750002
1.825625,5.9125000000000005,1.336496617125
2.3184375,6.9253125,1.6272059171875
2.4903124999999995,6.9781249999999995,1.6340160884375001
1.8303125000000002,6.7371875,1.4250288896875
2.7653125000000003,8.321874999999999,1.7493634049999998
1.7678125,6.1375,1.067494736875
2.1278125,7.7865625,1.7165894259374999
1.5328125,9.6190625,1.9866602206249997
2.3578125,9.381250000000001,2.8303125
2.4475,9.334375000000001,2.8931250000000004
2.3709375,9.370625,2.8021875
2.3278125,9.3790625,2.7800000000000002
2.36125,9.3834375,2.77125
2.6571875,9.2725,2.8912500000000003
2.636875,9.307187500000001,2.8365625000000003
2.5865625000000003,9.299687500000001,2.8809375000000004
2.5590625,9.3278125,2.8128125
2.4759375,9.377500000000001,2.743125
2.54,9.340625,2.829375
2.529375,9.356875,2.8112500000000002
2.6503125,9.2540625,3.060625
2.595625,9.314375,2.915625
2.5403124999999998,9.3234375,2.8903125000000003
2.5321875,9.3284375,2.9034375
2.5040625,9.3328125,2.8918749999999998
2.54875,9.32125,2.904375
2.4796875000000003,9.3446875,2.8475
2.5040625,9.3403125,2.8565625000000003
2.5490625,9.319375,2.868125
2.5634375,9.31,2.8756250000000003
2.5059375,9.34,2.8728125
2.4790625,9.36,2.8200000000000003
2.4003125,9.3871875,2.8246875
2.4106250000000005,9.381562500000001,2.8159375
2.4040625,9.379999999999999,2.8246875
2.4193750000000005,9.350000000000001,2.8512500000000003
2.4834375000000004,9.346562500000001,2.8503125000000002
2.48875,9.3546875,2.8512500000000003
2.4943750000000002,9.36125,2.868125
2.471875,9.372812499999998,2.8256250000000005
2.8218750000000004,8.9953125,3.2653125000000003
4.744375000000001,7.051875,5.563437499999999
4.7390625,7.09375,5.5109375
4.682499999999999,7.0646875,5.5853125
4.69625,7.098750000000001,5.54125
4.70125,7.036874999999999,5.5940625
4.725,7.047812499999999,5.536875
4.7259375,7.028124999999999,5.5493749999999995
4.783125,7.071249999999999,5.4634374999999995
4.8121875,7.070625,5.436875
4.608124999999999,6.8746875,5.835
4.5975,6.728125,6.0278125
4.60375,6.750937500000001,5.966875
4.7109375,6.842812500000001,5.8409375
4.8553125,6.74375,5.8159374999999995
5.082812499999999,6.491875,5.9334375
4.9628125,6.6871875,5.7996875
5.053437499999999,6.704375,5.686249999999999
5.099375,6.6659375,5.7162500000000005
5.100937500000001,6.6978124999999995,5.71375
5.029375,6.771875,5.689375
5.039375,6.792187500000001,5.6503125
5.014999999999999,6.76375,5.6425
5.035,6.76,5.662812499999999
5.054375,6.75625,5.70875
5.05125,6.72625,5.74
5.06875,6.72875,5.704375
5.110625,6.7175,5.71875
5.1290625,6.745,5.653124999999999
5.128437499999999,6.7090625,5.702500000000001
5.140625,6.766875,5.6353124999999995
5.1759375,6.76375,5.5853125
5.1034375,6.703437500000001,5.7006250000000005
5.1815625,6.6734375,5.71875
5.135624999999999,6.7390625,5.6859375
5.2162500000000005,6.78875,5.512812499999999
5.261875,6.6709375,5.605625
5.317500000000001,6.629375,5.600937499999999
5.2865625000000005,6.61125,5.6968749999999995
5.21,6.469375,5.895625
5.304375,6.409375000000001,5.904375
5.374375,6.511875,5.759062500000001
5.2984375,6.3440625,5.959375
5.398125,6.3825,5.843125
5.3090625,6.495,5.8309375
5.363125,6.629687499999999,5.610625
5.41125,6.620625,5.5703125
5.387812500000001,6.5921875000000005,5.6709375
5.3484375,6.5649999999999995,5.6975
5.3434375,6.55875,5.6975
5.411153846153846,6.5746153846153845,5.606923076923077
