-0.8291406250000001,9.972265624999999,0.07117187499999997,2.0801010444746693,3.122775261797326,2.3217455788606522,0.3312201362442524,0.17337660410849845,-0.4957911609065137
-0.11562500000000003,10.02390625,-0.533671875,2.1933545761857567,3.4790318863458176,2.772047379390184,-0.20277741846235117,-0.08556601575037792,-0.1608294870194833
-1.48234375,9.908359375,-0.18148437499999998,2.3744573341788935,3.57995085016535,2.7511878371679495,0.06801237904404474,-0.1254829499582094,-0.45827075679383567
-1.6100781250000002,9.863203125,-0.38640624999999995,2.3943143904146096,3.4538915854062693,2.542180638243659,-0.16870192841123643,-0.096867718439208,-0.6463443788936879
-0.38140624999999995,10.050390624999999,-0.3011718750000001,2.210464365232097,3.363549883108932,2.753317493580968,0.06550741947526177,-0.15844579229770117,-0.18516790432011526
3.1545312500000002,9.37890625,-0.44976562500000006,3.2188118584771988,3.249075165137141,2.5523376126246227,-0.09802324681787383,-0.19417364625691663,-0.4550895394790437
-0.6475000000000002,9.959687500000001,-0.18171875,2.801261155711834,3.3367189951123772,2.748051613579781,-0.014373311139413623,0.11800344214082645,-0.5143028062476541
-5.15578125,8.512890625,0.564296875,2.6798745333780905,2.8606356243913886,2.686520950619078,-0.6243057379803453,0.09414629576302132,0.06325464195978425
-5.148046875,8.520859375,0.288828125,2.9300930708857584,3.490439627428701,2.630775379134255,-0.08919832579531994,-0.09654365863872261,-0.0384842888602776
-4.894609375,8.701875000000001,0.39109375,3.0208237965680995,3.3624156007065813,3.0064517173423786,-0.09970185594187708,-0.09407514667683324,-0.05272597732302983
-4.564296875,8.895859374999999,0.41929687499999996,3.1673650039291705,3.5644274451129747,3.3013761769700274,0.06662957136531539,-0.11458248802361759,0.31324530794483024
-4.418203125,8.89125,0.52171875,2.8231449754644613,3.633339330079149,3.1001613136897306,-0.18102213767212613,0.06785007298310096,0.17469943199583993
-4.11484375,9.120390624999999,0.37374999999999997,2.67067582281825,3.260292452934569,3.2671260306269176,-0.09699659452123056,-0.12628040164217338,0.2970703006226451
-4.182578125000001,8.96375,0.325859375,2.9930315542141357,3.6211445013973136,2.997659119875809,-0.32293281619616215,0.011569495542011685,-0.055720830327911315
-4.462734375,9.078984375000001,0.23570312500000004,3.0283864605501325,3.582347310040703,3.1785046316019794,0.06216290933967909,0.03598153539544719,-0.017433531733900345
-4.2533593750000005,9.03203125,0.26640625,2.923901310039313,3.373668802138621,2.968181191396667,-0.2463310863459865,-0.03464957706015331,0.1271808870395212
-4.22859375,9.013359375,0.425546875,2.920414069093788,3.128155226463292,3.426688180799025,-0.3270967466012175,0.07249034873363223,0.02329173568120868
-4.581875,8.862109375,0.4348437500000001,3.0761750168634747,3.6362297293057697,3.2676336488483435,-0.08527211612922544,0.12970063411684526,0.014243798977616058
-4.127578125,9.068984375,0.24171875,3.005372986963762,3.816027638429242,3.1354789579741142,-0.32364147358702977,-0.08570094350180563,-0.18145940736103439
-4.1609375,9.16484375,0.37781250000000005,3.007180582970326,3.6527076824030056,3.186665561734358,-0.19793261015151767,-0.10054822260406232,-0.24800422130056662
-3.977421875,9.112421874999999,0.33578125,3.0713996316046996,3.664311997602208,3.3396855225677218,-0.4061447773115849,-0.1038484152653548,0.035521683093197115
-3.8049999999999997,9.361640625,0.380625,3.1369444229217702,3.7475428986336645,3.2642147672717554,-0.38118900810143436,-0.0492944744168145,-0.15614160011754055
-3.6570312499999993,9.367265625000002,0.428359375,3.060662550661774,3.2310956720504826,3.1102061771849803,-0.28290911909353955,-0.10219990866590893,0.05864096023894586
-3.874296875,9.306875000000002,0.53140625,2.812194895560269,3.025385499713219,2.9467295786958356,-0.3589666135268611,-0.20648538031839445,-0.036406909114072496
-4.0646875,9.169531249999999,0.594453125,3.068517286873866,2.865966748808059,3.2363568948630705,-0.27268917822808786,-0.02331413504577136,0.10336008548369616
-4.0103124999999995,9.17203125,0.922421875,2.807644402313753,2.755573431524451,3.2730387128433853,0.030072534527721517,0.09727933195465806,0.38845352490491386
-3.8240625,9.22609375,0.663359375,2.7717031196709634,3.0839524747004345,3.1034671330384036,0.012746006592592181,0.16961095712296378,0.42552067431464735
-4.0220312499999995,9.177265625,0.905546875,2.7287283437571133,2.969301189580363,3.3519783823777467,-0.197460534723523,0.09819394739025332,0.2925438559671985
-4.008515625,9.09171875,0.6575,2.97233496436402,3.1386372713167154,3.025656437039738,-0.26724141454518746,0.09622186634364764,-0.08495427188192167
-4.06265625,9.2203125,0.47078125,2.713588054925791,2.98150547581985,3.1881554741179796,-0.18701074324499425,0.12193196777545433,0.3032133662129681
-4.530625000000001,8.803984375,0.8115625,3.214403801154267,3.0951520408545132,3.1710655833006283,-0.5205488906811966,0.03233200738271572,0.3117954838275869
-3.8121875,9.273359374999998,0.8051562499999999,3.0004520330016526,3.253292389387958,3.575913122977953,-0.3451742670004825,0.02347674554557225,0.26833685224450365
-4.033906249999999,9.239218750000001,0.7730468749999999,2.6066298387402336,2.853549218017527,3.22104616123438,0.17273473883777865,0.20368845051625792,0.1763579037755602
-4.17890625,9.106484374999999,0.429921875,2.4941588744927494,2.734881907255021,3.0673534235797617,-0.2455814820221053,0.18950710088844602,0.30710008215950296
-3.831796875,9.314531249999998,0.3866406250000002,2.65348928111463,3.220596523592087,3.3144098921753193,-0.20913616279406555,0.07669979408051306,0.5090074041706524
-4.2853125,9.083281249999999,0.40960937500000005,2.483491411268368,3.205153104127545,2.996426622439153,-0.3175323382560234,0.03919597206475169,0.10442581879132916
-3.8957812499999998,9.284374999999999,0.582734375,2.5369905921481926,3.1400380048456418,3.3028429313915852,-0.22795872084714303,-0.04115003009925984,0.38017735886994836
-4.209609374999999,9.111171875,0.44375,2.747878557389702,3.01772798980607,3.4093825045746917,-0.22532912250074058,0.06079979512756307,0.2093373807403631
-4.005234375000001,9.114609375,0.41218749999999993,2.5454570331412705,3.1336475108748445,3.310109736072771,-0.3342131364623319,0.15633068037648493,0.4751772584989611
-4.722890625,8.748359375,0.07554687499999994,3.519018007631832,3.514643202317927,3.5497827417220527,-0.6024319419585159,0.16573298500275596,0.1645438172750742
-4.0440625,9.0984375,0.33765624999999994,2.9135889695689317,3.375119543600456,3.381515582077944,-0.32633776154807353,0.011778520882713642,0.35876831632962153
-4.042734375,9.087031249999999,0.1489062499999999,3.0552154984457904,3.5178854087396645,3.2954765954579224,-0.4648916425201028,0.0237888961921954,0.4520406945603458
-4.05875,9.154687500000001,0.34335937499999997,2.6532403537938283,3.04827254807436,3.175023690202895,-0.25022677678552524,0.05234493544225603,0.2804999047373861
-2.8338281249999997,8.407734375,0.08132812500000003,5.218926063062111,3.84260434447698,3.35475207986134,1.6490953731381817,-0.11230275702494456,0.8934898072886299
7.493359375000001,2.3025,1.7317968750000001,6.8943158513626,5.73053989603074,6.427952317028358,0.45921654725789257,0.7933390927795964,-0.25019293823343364
7.468828125,0.8203125000000001,1.6818749999999998,6.998958250729817,3.814145124053849,5.92677264490338,0.603483924727153,0.29922820756720153,-0.24796621312765918
7.110156250000001,0.7492968750000001,1.8878906250000003,7.297087388169745,3.901586853366875,6.509172572745872,0.5652375942317841,0.3031207860800119,-0.33578077510877374
6.898828125,0.7875,1.5319531249999998,7.209486872895948,3.5458714990112097,6.372200372834547,0.5968177294131805,0.24911617762316912,-0.03319667777023179
7.376796874999999,0.553359375,1.2082031250000003,7.268523850049625,3.7830752366097093,5.796970037441132,0.5640039285502293,0.14515803846289185,-0.6708631516541045
7.052890625,0.691640625,1.8946874999999999,7.1433915212269525,3.3315147121241426,5.437276997941502,0.6057218966425061,0.12508838949370793,-0.24582279975714977
7.35171875,0.66625,1.811953125,7.329845571933861,3.4391087144782153,6.125775213518101,0.5532402188121299,-0.25138276675023247,-0.4323317001039199
7.4909375,0.736484375,1.6624999999999999,7.364527144263489,3.024927320884067,5.983274735669423,0.46055923414893246,0.25036591467089503,-0.5825885625852149
7.115156250000001,0.758671875,1.7484374999999999,7.282766900401655,3.550883334444259,6.0317868203455065,0.6177081104479766,0.4329838627427181,-0.3164324941678813
7.5265625,0.5582812499999998,2.051328125,6.990791760136598,3.3524368723957263,5.72561914925661,0.5326843056520266,-0.08410387859579263,-0.7592638585156718
6.82265625,0.727265625,1.846015625,7.270717219218193,3.5326180347503406,6.059856039420892,0.7021955310630156,-0.27916577560638667,-0.6651135843117394
7.180937500000001,0.7317187499999998,2.0290625,7.484044218942974,3.873405742482762,6.221354785823884,0.3922599353537174,-0.2359317138303014,-0.384308684598117
7.583281250000001,0.600546875,2.408984375,7.310864251810345,3.853613829209893,5.964502787303889,0.3436522655844482,0.29495582234969275,-0.3645351919046339
7.3065625,0.35296875000000005,1.95453125,7.464552841335759,4.199231581375745,5.929262293302046,0.4164487943996122,-0.38357354837690993,-0.34135893405015644
7.153203124999999,0.49117187500000004,1.8050000000000002,6.967625574486637,3.796750588721754,5.755504023324108,0.5563893163674887,-0.20636275883866376,0.04465896955320725
7.732265625,0.5408593749999999,1.7346093749999998,6.914934609104656,3.4769612332789404,5.5871997825307895,0.44499569474291684,-0.19617054475449186,0.07869734181353506
7.0493749999999995,0.516640625,1.9959375000000001,7.428883007180487,3.89867150396768,6.053046809962215,0.5138126118708095,0.003914780451266204,-0.17850983524447686
7.349765625000001,0.6905468750000001,1.9249218750000001,7.257760659378233,4.032669771029824,5.356291276984149,0.5176770840905208,-0.03462806722342412,0.06393261425599597
6.92359375,0.78,1.7646874999999997,7.09296479513052,3.792332519373796,5.49422735945135,0.6183347104449765,0.3293123886870085,0.07776077594688062
6.9448437499999995,0.633125,1.759296875,7.199876407834091,4.1109669920074765,6.0450306533023666,0.5767343724877804,-0.15424426316721696,-0.05522957447417892
6.887578125,0.48773437500000016,1.849609375,7.143314700877422,3.840714495467394,5.4080019419062815,0.49852174073639377,0.0008575831767538509,-0.021406396877868907
7.20765625,0.5818749999999999,1.863671875,7.381607261080472,4.028807544966004,5.820345897030862,0.4153694740741234,-0.2355287878090818,-0.19379538700288781
7.26921875,0.4053124999999999,1.956015625,7.251907250141057,4.218191618139668,5.192998342095428,0.42458676461129335,-0.08365916028373202,-0.16753229662736369
7.688593750000001,0.43781250000000005,1.87421875,6.887486131380661,4.001624853087025,5.425865946063213,0.29554440086256417,-0.4504421014602771,0.622107390432399
7.32796875,0.6202343749999999,1.8478906250000002,7.333228778070642,4.0465113185704,5.863885983866595,0.40484331327346307,0.09360341781436492,0.16943493325373798
7.3364843749999995,0.43039062499999997,1.8626562500000001,7.023250737488365,4.355273276863589,6.043567924399952,0.46997645841241925,0.07316247737981683,-0.058094538196874254
6.212109375,0.40742187499999993,1.892109375,7.498618586565602,3.76610671111713,5.7447226668732325,0.5736166344691432,0.21481865174158324,-0.5233851884088838
6.97484375,0.8084374999999999,1.9214843750000004,7.376826149373858,3.9020472265970527,6.048019832174896,0.4443273060930595,0.18822621364168082,0.16052382422085978
6.855703125,0.642265625,1.691875,7.040881923141108,3.8113898414086904,5.720202650201739,0.5931280060721239,-0.1968123293519298,0.21566388517317464
7.575390625000001,0.54546875,1.643125,6.896326683272197,3.5440277358922345,5.142985172482515,0.5038178259217762,-0.13800673328762258,0.4720430357010516
7.91796875,-0.016328125,1.06640625,6.916895343036747,3.959675426860639,4.7633487981105205,0.27907314381076076,-0.5156137339757076,0.18041785248831776
7.37296875,0.40929687500000006,1.5157812499999999,7.247680271060765,3.67733390676795,4.954613161201229,0.5209897004648065,-0.11010857073006487,-0.3550560978915128
7.663203125,0.409296875,1.6657812500000002,7.097171634442853,3.5570282943582603,5.894729983396053,0.44672655949044043,-0.35265790627232835,-0.35447630826105303
7.53453125,0.2246875,1.592734375,7.003453038878281,3.8546199831946795,4.999453675597301,0.43185569469374574,0.2994134842324719,-0.427715293432897
6.2055468750000005,0.6667187499999999,2.049765625,7.614028049490475,4.145922339588435,5.857930450578801,0.46155610294214444,0.21765099803158897,-0.20930401111061217
7.676406250000001,0.15867187499999993,1.395234375,6.8669585623812335,3.6920534113598604,4.812871083882089,0.38780393185903345,-0.5395290490227777,0.14967972505385452
7.037109375,-0.02335937499999996,1.807109375,7.533573205195335,4.321486520382727,5.490438443379282,0.42871918179039165,-0.4502839398560709,-0.11064034816208015
6.06953125,-0.13101562500000005,1.8889062500000002,7.396802609423442,4.539147916983524,5.695450107648291,0.6063568352562512,-0.5527009762720759,0.08038327295790422
6.445234375,0.19343749999999993,1.933671875,8.038940963837733,4.930907218361927,5.49704265251635,0.4649672180329968,0.13249744115903045,-0.03863696242396332
6.257578125,0.4500781250000001,1.8575781249999999,7.658396713952045,4.220615975500079,5.887979909593059,0.5263314820940337,-0.3784865317522832,-0.08039515962193197
6.024453125,0.728203125,2.152578125,8.068800039406586,4.71564259168252,6.001832434517103,0.48319931924910275,0.35138507498908,-0.4633816917171744
6.7974218749999995,-0.433125,1.525,7.109407636858466,4.9737529451486635,5.538903038959971,0.51027297438682,-0.4596654201632405,0.0865595972804755
7.696250000000001,-0.007343750000000045,1.7871875,7.108863415659355,3.909082469945593,5.454225417265384,0.28269984403863313,-0.3738900672315585,-0.12162157242374973
-4.076328125000001,7.532187499999999,-0.4909375000000001,5.467525987463067,4.610066759532203,3.9124339925542193,0.4649579117970612,0.39735653474888566,0.5463404087778999
-5.405468750000001,8.083359375,-1.1564062499999999,3.0258655423322165,3.013065112281779,3.075663986842668,0.039720909097699056,-0.07288619908943207,-0.022167982924116723
-5.482734375,8.1128125,-0.204921875,3.018799356440133,2.9811443737839585,2.7064174301826545,0.5481443659214718,-0.43023716512028326,-0.07286324013046552
-5.037578125,8.299140625,0.060703125000000024,3.0904754756786996,3.123603945000808,2.931040286632928,0.06644567284971062,-0.20418531588101888,0.2775147763183849
-5.073359374999999,8.474765625,-0.05179687499999994,3.103028580411339,2.8245298184066603,3.0641460967927485,0.2520682862520559,-0.18821221034829,-0.06360141337467067
-5.0340625,8.38953125,-0.83546875,2.927591917189578,3.6689454503676444,3.1954280961669967,-0.21196388732572977,-0.028831354436921117,-0.40014136439401005
-4.94140625,8.411249999999999,-1.08796875,3.105177816560742,3.9057507680982413,3.737715369918292,-0.061757656573531626,-0.09737702770021864,0.05639439878386073
-4.853671875,8.537265625,-0.8933593750000001,2.869886994479745,4.0210222415380095,3.8082618405054043,-0.18928890648053362,0.08969467640870693,-0.2670630171445605
-5.14640625,8.340234375,-1.573125,3.9677740403103776,4.229333662211857,4.573850222665254,-0.8112622534332603,-0.03967400115401881,-0.3227373106394717
-4.819296874999999,8.21265625,-1.8040625000000001,3.0225367511190386,4.502106361952807,3.7637839249342875,0.031871986482508,0.5159769075818761,0.1165604434497104
-5.063359375,8.276484375,-1.9028125,2.9931516305308703,3.963618057927739,3.358253809994675,-0.034422365443258815,0.20268680631218378,0.1886539088021578
-4.83078125,7.99609375,-1.8939843749999998,3.203366298075891,4.103528823306952,3.6837299244116495,0.16541896700982395,0.21195072881653831,0.4564713752691112
-5.12109375,8.340078125,-1.56453125,2.957950418568732,3.6070448638943327,3.647097917217666,0.06386355198717053,0.019207803578279548,0.23513635212165845
-5.304921875,8.180781249999999,-1.4056250000000001,3.0213557584131805,3.7704640814690755,3.403239208368257,-0.016916968467667663,0.21516472637794434,0.029873063081750816
-4.905,8.401015625,-1.4537499999999999,2.896589050072516,3.6242662705375084,3.3471592432987114,0.17903808960509054,-0.030635809833095565,0.013203495327535095
-5.32046875,8.176796874999999,-0.8503125,2.784369559303046,3.1654065037116847,3.351675406023643,-0.042614478936762866,-0.03343495546633512,0.11539950829783475
-5.459296875,8.097109374999999,-0.9476562499999999,2.854842974992711,3.0447532105307173,3.05042273821776,0.36195801933396826,0.05057590013741362,0.05475109064832008
-5.116093750000001,8.348671875,-1.49890625,2.870880536300829,3.2618721548880463,3.271101982315889,-0.0016343654883850295,0.0504148376352557,0.1576102949848577
-4.95015625,8.44078125,-1.4304687500000002,2.730215760811943,3.414223834145681,3.571719399361243,0.09362429150522084,0.08792485950842305,0.14048357815582405
-4.956953125,8.532109375000001,-1.063125,2.716030121851143,3.339473352085192,3.330939420324993,0.21861086609352207,-0.0021108264030535104,0.10812701903889024
-4.739374999999999,8.4984375,-1.4240624999999998,2.6618569499270617,3.4504964401653497,3.360529031431472,-0.03700885173007873,0.04188839709255402,-0.13335842980609253
-4.868359375000001,8.440937499999999,-1.56484375,2.7602006203534573,3.659692916911711,3.6083908256431894,0.20450008491246846,-0.029882551403069477,0.23335677476936093
-4.78671875,8.3496875,-1.9049218749999999,2.872323784133404,3.607291863689955,3.291751052843529,-0.15858895303235093,0.0012075278670995663,0.18697495742657336
-4.9515625000000005,8.404765625,-1.5574218749999997,2.9275340085289785,3.5666329019915075,3.5953788148151347,-0.1847675665866188,0.060896837761839,0.2086871949449465
-4.929140625,8.33203125,-1.512578125,2.902089771651561,3.6909061301424932,3.848706610281106,-0.14929892340307452,0.04006539891572689,0.056501331266585984
-4.80546875,8.42546875,-1.5242187500000002,3.1221243917841326,3.747883748567108,3.5143748575882507,0.0239056421194335,0.06582278652775278,-0.11432299943950083
-4.7584375,8.59296875,-1.328046875,2.663252662834255,3.3459565988702598,3.2877328954087397,0.23365730574455174,0.05720731284155011,-0.07207687127173006
-4.739609374999999,8.452734374999999,-1.4864843749999999,2.562055876861804,3.7019772408732283,3.400292861891584,0.006906331924480671,0.19997707397498973,0.13685468537781492
-4.780859375,8.603593749999998,-1.524296875,2.753296611377824,3.967521214179067,3.50380076746884,-0.08252392724357004,0.11116358881272312,0.09197236753752337
-4.666640624999999,8.5309375,-1.5260156249999999,2.7144222098541726,3.6395042668739586,3.318954405156217,0.008049293009951277,0.007199013462342592,0.18519713313861655
-4.685390625,8.469765625,-1.67484375,2.9934582066419617,4.125226975733379,3.7346766058905203,-0.0007004819826104308,0.17423602606600244,0.11596024551943976
-4.756953125000001,8.386328125,-1.56578125,2.679765777601232,3.6258283258565873,3.3014910479431014,-0.1973734330675783,0.12314630610544969,0.2777836113653475
-4.80390625,8.552890625,-1.39328125,2.8784927789923214,3.422443651915559,3.3214791296045254,-0.2167889237894686,-0.02850563569583841,0.21765215930045095
-4.9312499999999995,8.524140625,-1.40703125,2.706594954920296,3.5520162688217813,3.6523736629791097,-0.04559048004488307,0.03534573131341309,0.3420076142170176
-4.7440625,8.4334375,-1.653125,2.831370151286078,3.4563201705128175,3.4226535643963443,0.02133735111579967,-0.03164390244327729,0.2800116486483673
-4.951640625000001,8.369921875,-1.6240625,2.5169987017477005,3.415843256085748,3.254395690230945,-0.05913527517226479,-0.07638947935933856,0.18119182596857314
-4.76015625,8.454921875,-1.6170312500000001,2.690882750248687,3.4217966306308276,3.5173092875127483,0.13860508847653363,-0.010646372853542611,0.3970984697959438
-4.79296875,8.517812500000002,-1.46328125,3.0333820747679376,3.489839479094096,3.6835398458410133,-0.12042044056791357,-0.007257515931577805,0.045992768861781996
-4.636328125,8.5221875,-1.566484375,2.6912847974682994,3.294981254095955,3.347001594207995,-0.19787297174204138,-0.11656138871583441,0.20311726759497173
-4.93734375,8.399453125,-1.54203125,3.0298044193208145,3.356812641059631,3.598047508583431,-0.4767283315218104,0.103309899711618,0.10310936419431134
-4.6967187500000005,8.342265625,-1.795,2.8357660201255035,3.860465324697705,3.667995876497137,-0.01593929356416139,0.2329859864376744,0.20805359150476563
-4.815078125,8.288671874999999,-1.9782812499999998,2.633445341923102,3.6063031562576633,3.3230962852283468,-0.10902617286619982,0.19991886018755486,0.3294788764398243
-4.851875,8.44875,-1.7014062499999998,2.7505765730797243,3.442590548918067,3.448408540176314,0.06943757470545606,0.23855219377435094,0.22731285516893135
-4.774140624999999,8.438671875,-1.7324218750000002,2.7247389574920033,3.368362076712357,3.231878504178566,-0.21670817748455473,-0.2387594286473442,0.4691114736353851
-4.919218750000001,8.389140625,-1.3783593749999998,2.5453783514732025,3.3242851739471164,3.151081108460969,0.10507907415153513,0.15878464804302408,0.3325610227003302
-4.93125,8.419687499999998,-1.701171875,2.572687675369865,3.133415652661445,3.262490570171657,-0.038216594498769484,-0.04056679088568464,0.2671172047472971
-4.925546875,8.264843749999999,-1.640859375,2.310974432123327,3.1082023503282303,3.4532244957031986,-0.09333641602390763,0.08593006394060776,0.2871731418556794
-4.970546875,8.13890625,-1.8132031250000002,3.256917232165677,3.706519221751175,4.182607764151479,-0.40562190893270533,0.4295253616748064,0.07550455354240243
-4.95296875,7.419296875000001,-1.6683593749999996,5.535133574406623,6.110189515216794,6.585356361055916,-1.117294035051537,0.7078191674581727,0.6184426906099256
-5.0528125,7.5463281250000005,-2.810390625,5.927783225189982,6.439898930579888,7.97585148298676,-0.8310277475038199,0.48689085025244105,0.4415893456802745
-5.2753125,7.287890625,-2.483984375,5.500752922541036,6.146484088020331,7.355531543063755,-0.7862865378130137,0.6077897677860371,0.396051053398629
-5.1294531249999995,6.564609375,-2.284375,6.253441715941529,6.644784832664795,5.855728198471562,-0.7044858990809213,0.6472729084862872,0.02441643986855491
-5.3353125,6.46640625,-2.8082812500000003,6.416369804246303,6.710107200891871,7.598366200763059,-0.7288832118403078,0.6719780016230725,0.23364803030789977
-6.159140625,5.09171875,-3.4909375,6.184048788433401,5.735966857984662,6.673441114492114,-0.8235063343462696,0.6581136682065399,0.1489845788123852
-7.418984375,2.7222656250000004,0.15656250000000005,6.147938277362246,5.172157313268165,5.851868349817326,-0.5986109649303992,1.0181119858003829,0.3073244940194951
-7.2807031250000005,1.3924218750000001,0.9313281249999998,6.162843319999725,4.188076778578861,4.372292621421167,-0.76892149187611,0.9435919725613958,1.2660988624394558
-7.02109375,1.3084375000000001,1.1182812500000001,6.1650829062723025,3.7504302747943137,4.719296675183542,-0.8048665330772264,1.1344316324100079,1.2775428046937014
-7.483359375000001,2.033515625,-0.05328125000000003,6.376336045947516,5.15134942725019,4.862289698115327,-0.724057863814381,1.1197137574809897,0.7036243607811967
-9.12828125,1.690234375,-0.37101562500000007,5.9153708819395625,4.532152231701662,4.831090366030826,-0.39973730806629476,0.9761149313219136,0.6966695407846926
-7.4701562500000005,2.1046875,-0.6327343750000002,6.620505903107854,5.494280397817693,5.6988771803701255,-0.58123771048799,0.9545250992588656,0.40470005943638293
-7.344765624999999,2.025703125,-0.044062500000000115,7.026944677992588,5.4306706658216015,6.368402644784149,-0.3264194754662365,1.0667456256411672,0.6598449421282437
-7.81609375,1.7100781250000001,-0.14242187500000003,6.733676238037506,5.182131634293603,5.874718576516792,-0.2954967994172801,1.0879736294593112,0.8496934762648608
-8.589921874999998,1.8026562499999998,-0.06656249999999991,6.234811607029235,5.1872279272590225,5.804262635864589,-0.3825093023595506,0.939084642203822,0.6035139558646133
-7.9946874999999995,1.6567187499999998,-0.005312499999999998,6.354909265862397,5.174416952266066,5.92525288720606,-0.47026407925939273,1.1018632377337716,0.7574463718106359
-8.004453125,1.19765625,0.08046874999999996,6.187597323551989,4.730380614373006,5.742220805600691,-0.4634582423604162,1.329142178300281,0.5556551321285998
-8.34234375,0.7562499999999999,0.98796875,6.437409766888848,3.873106795584134,4.80806993491395,-0.39411161645855153,0.5578582130329497,0.9626861087071908
-8.811328125,0.6053906250000001,0.8623437500000001,6.266152174966227,4.087184028755264,4.581981436216862,-0.27940536032705543,0.5455597173511575,0.5255849909921804
-8.442421875,1.7966406249999998,-0.04125000000000001,5.995349466734319,4.559659437211249,6.105804487330068,-0.5994609141218603,0.641019043311111,0.4163759869097817
-9.023906250000001,0.7901562499999999,0.008281250000000087,6.104139634601337,3.9745084177902985,5.375818558219617,-0.4573468580972362,0.42917393732324755,0.610225841077616
-8.484375,1.655234375,-0.045312500000000006,6.202234067001584,4.462830688875432,5.363150009774456,-0.36621061182689846,0.43784624691243823,0.4933540876049303
-9.102265625000001,0.35960937499999995,-0.34648437499999996,5.765841522335951,3.6617158721919028,5.0534667231150205,-0.5089101512219149,0.5108931152684633,0.40518982667672937
-8.46484375,1.00875,0.19351562499999997,6.374188059124545,4.436380844787787,5.229117484971136,-0.41027095278042947,0.8193075105385088,0.22964616094971838
-8.960546874999999,0.09179687500000001,0.945390625,5.803439619714996,3.9112918329485766,4.577577467658205,-0.41644394801323964,0.9505550721207764,0.8289990477399983
-8.27265625,1.200078125,0.15250000000000002,6.322751636497825,4.53516942491088,5.06345592826678,-0.415998493666027,0.9498215587057364,0.6113190794310852
-9.292421874999999,0.9730468749999999,-0.40679687499999995,5.810781970033937,4.235112077655411,5.390488865468533,-0.15754866871662632,0.5617536253006284,0.5551658171791489
-8.9059375,1.0665624999999999,-0.6455468750000001,5.770960632433195,4.821983745938361,5.970807997116281,-0.37987175116452526,0.4379521147553622,0.49236143708069147
-8.793828125,1.2057812499999998,-0.775390625,5.763518229060179,3.985158522838011,5.077969405669171,-0.4436702368723171,0.3394446821546493,0.5554690985727407
-8.49296875,1.6326562500000001,-0.9398437500000001,5.862080256745334,4.258702759566102,6.123070484902647,-0.43087016527395006,0.26227019061891976,0.4973696327779651
-9.25328125,1.45421875,-0.6692968749999999,5.159134361343813,4.256976004413043,5.386124561023931,-0.397524994463789,0.21157109124044376,0.35657630175048116
-8.580312500000002,1.501796875,-1.349609375,5.391685140319653,3.771400898869044,5.650951994236202,-0.4866040856750296,0.041731512650771636,0.23046614741133012
-8.064296875,2.4903125000000004,-0.83671875,6.443933639913996,4.725592710427312,6.5655408561213315,-0.46139612155178494,0.651795906600432,0.42623919741620203
-8.3315625,1.597421875,-0.1630468750000001,6.123168404396024,4.192558184989385,5.29619270068629,-0.49415126672536736,0.658292184995162,0.4830992832549193
-6.621796874999999,3.4521874999999995,-2.64390625,6.969638556983441,4.438702818937505,8.211937503032457,-0.6238900570049339,1.2203703104762553,-0.2801967818517713
-7.9653125,2.580078125,-2.7946093750000003,5.689116107959456,3.48128085625772,7.097759979205559,-0.41174906883699247,0.36703512380908987,-0.4767214410970411
-8.689921875,2.6166406249999996,-2.31265625,5.145189424369766,3.0047759580956463,7.3713145965856,-0.5419547461288426,0.5147678098204785,-0.12260103704639465
-8.323203125000001,2.4456249999999997,-2.2503124999999997,5.769140281163237,4.177790375530467,7.642191576363665,-0.21289870635828562,0.21228780602738442,-0.1858733382076495
-8.365234375,2.5608593749999997,-2.415234375,5.977750408395148,3.939267267554286,6.938985872954949,-0.26899612120651795,-0.05730951730018952,-0.14017538544018976
-8.112031250000001,3.3418750000000004,-2.285,6.343877506030791,4.328379053915564,8.466114350013234,-0.2526720636968289,0.3495260390820319,-0.04147092395107177
-7.9195312499999995,3.1811718749999995,-2.3825000000000003,5.487024731607599,2.963660801350078,7.58815730266578,-0.6232323012670022,0.22664650373855894,-0.08257592051343192
-8.568203125,2.6562500000000004,-2.0132812499999995,4.56265880435851,3.372003530914521,6.87113585831327,-0.2618656907538831,0.256304142034932,-0.010928716289346036
-8.791484375,3.023359375,-1.9899218750000003,5.27071406005684,3.2508860035918836,6.917701873646079,-0.5269634369948282,0.07919611102295945,0.006881517038439511
-7.943046875,2.9553125,-1.5337500000000002,5.938499726176868,4.155447091149609,7.4031251846770765,-0.09574560954495409,0.35670210631844557,-0.09238233437451414
-8.26234375,3.2678125,-0.8061718749999998,5.734958653454786,3.387856286037492,8.026085121446755,-0.6561113979549184,0.5160717838979987,0.0034469276396505953
-8.622578125,2.95015625,-1.1427343749999999,5.0484321895041315,2.9811805506520295,6.3124844943923115,-0.7283998624883811,0.45541220810641586,-0.24031488055186187
-8.907109375,2.8128906249999996,-1.28328125,4.743794326595232,2.904591503212992,6.3926764872702915,-0.6283714716030806,-0.14550033609825408,-0.1477991179400907
-8.595078124999999,2.963046875,-0.9860937500000001,5.565355025189002,3.6006823482227275,6.69109578964544,-0.6351058436641652,0.6044553877660976,-0.04009230395383855
-9.17168316831683,3.154554455445544,-1.1447524752475242,4.378436374750294,2.448084935412781,5.882111931977804,-0.5323460241030299,0.14767787131058166,0.35820772482104796
