1619490561045 0.47953467575331354 0
1619490561217 0.503738530557438 1
1619490561456 0.530296036799379 2
1619490561627 0.5211855227854875 3
1619490561787 0.5276412325315334 4
1619490561948 0.530127791785789 5
1619490562109 0.5382969253676999 6
1619490562290 0.5374475731828591 7
1619490562486 0.5600791940506307 8
1619490562674 0.5752995799223231 9
1619490562851 0.542019368861375 10
1619490563012 0.5724617452497203 11
1619490563179 0.564921414390338 12
1619490563357 0.5677226614839757 13
1619490563521 0.5812672655379401 14
1619490563682 0.5572487961703703 15
1619490563852 0.571923854847934 16
1619490564019 0.57498023542153 17
1619490564203 0.5801149751971965 18
1619490564406 0.5787010677661547 19
1619490564566 0.6032973122512146 20
1619490564743 0.578713477912921 21
1619490564906 0.5912374689786752 22
1619490565071 0.593401650659369 23
1619490565244 0.5843149439408758 24
1619490565416 0.5871884429098396 25
1619490565571 0.5902751379925021 26
1619490565724 0.5918103301938382 27
1619490565880 0.5997090095826613 28
1619490566035 0.5978779820694986 29
1619490566205 0.588696365736567 30
1619490566358 0.5982940174299459 31
1619490566514 0.6070435085355986 32
1619490566667 0.6056986621413302 33
1619490566823 0.6144393842551197 34
1619490567000 0.5702675146702114 35
1619490567164 0.6035156069265348 36
1619490567317 0.5883323398508433 37
1619490567469 0.5953690275418143 38
1619490567627 0.5983601883539159 39
1619490567790 0.6001744479835449 40
1619490567952 0.5831119605466175 41
1619490568111 0.593482915830368 42
1619490568262 0.5937657302385044 43
1619490568415 0.6078140051483332 44
1619490568579 0.5934176307610158 45
1619490568739 0.5967239736955962 46
1619490568904 0.5932809220789033 47
1619490569067 0.619187314637099 48
1619490569229 0.6174354868060825 49
