1619490655621 0.46281718133340716 0
1619490655858 0.4671447644744323 1
1619490656040 0.5129342685592707 2
1619490656197 0.5005202904125184 3
1619490656399 0.5189607551173173 4
1619490656589 0.506816499356463 5
1619490656784 0.5206226193371652 6
1619490656979 0.5556164591024093 7
1619490657178 0.536205655795064 8
1619490657406 0.545995823853498 9
1619490657616 0.5364651637851304 10
1619490657800 0.5588679899010425 11
1619490658052 0.5529015048655342 12
1619490658254 0.549619063046809 13
1619490658436 0.5617422254997916 14
1619490658599 0.5735411417569571 15
1619490658761 0.5626655843225037 16
1619490658941 0.5722629649641765 17
1619490659171 0.5632206705672317 18
1619490659375 0.5755589798997729 19
1619490659538 0.588176002940046 20
1619490659706 0.5710106187171995 21
1619490659877 0.5882984580582189 22
1619490660060 0.5858183056341459 23
1619490660257 0.5871425749046711 24
1619490660441 0.5751370604337649 25
1619490660614 0.6026223247819664 26
1619490660789 0.5816153931691931 27
1619490660967 0.5993921900538164 28
1619490661139 0.6097818284623564 29
1619490661308 0.5778386316007794 30
1619490661479 0.5858560238014464 31
1619490661656 0.6103567505344617 32
1619490661833 0.5896733385437503 33
1619490662002 0.596588715888376 34
1619490662185 0.607306197767565 35
1619490662349 0.5913386030712894 36
1619490662532 0.5953103713517884 37
1619490662724 0.6160875625540873 38
1619490662916 0.6000276874055719 39
1619490663098 0.6105069218523256 40
1619490663268 0.6005796108459001 41
1619490663439 0.6190220616470109 42
1619490663612 0.5959583552421637 43
1619490663791 0.5977796019458421 44
1619490663968 0.61422657415881 45
1619490664145 0.6103682282752162 46
1619490664322 0.6312208496824621 47
1619490664518 0.6308078507820414 48
1619490664681 0.6069317392852346 49
1619490664852 0.6000052800392511 50
1619490665090 0.6428954524875187 51
1619490665277 0.6272221191618513 52
1619490665458 0.6294807647881451 53
1619490665631 0.611209894796134 54
1619490665793 0.6428281906740839 55
1619490665966 0.6203725276321602 56
1619490666129 0.6390062918901277 57
1619490666285 0.631922549530413 58
1619490666440 0.6531779571133417 59
1619490666596 0.6082022043942656 60
1619490666757 0.6057267200224286 61
1619490666926 0.6141341634115517 62
1619490667084 0.5993204443776619 63
1619490667244 0.6346713552583423 64
1619490667402 0.6421724758269123 65
1619490667558 0.6662520983985769 66
1619490667719 0.6550368228316196 67
1619490667892 0.6625402899551747 68
1619490668075 0.6520763566780778 69
1619490668272 0.6642281349320198 70
1619490668457 0.6621045555144535 71
1619490668660 0.6222740802541202 72
1619490668914 0.6475274393195438 73
1619490669119 0.6454775134433475 74
1619490669309 0.6623791616224532 75
1619490669476 0.6711931824060083 76
1619490669699 0.6595821124612037 77
1619490669873 0.6532646474823279 78
1619490670039 0.6362581387501974 79
1619490670195 0.6734908135714449 80
1619490670366 0.6540335937363705 81
1619490670534 0.6431557077579911 82
1619490670707 0.6134052916948687 83
1619490670873 0.6696011046751148 84
1619490671028 0.6812044450360545 85
1619490671237 0.6285042120806835 86
1619490671408 0.6473513130530223 87
1619490671561 0.6605534696472196 88
1619490671729 0.6662166918770498 89
1619490671885 0.6474172588630214 90
1619490672062 0.6661700491969837 91
1619490672229 0.6682054160007659 92
1619490672396 0.641010311100651 93
1619490672595 0.6480639786596019 94
1619490672856 0.6361852453587331 95
1619490673064 0.6773607718557633 96
1619490673305 0.63518378063655 97
1619490673575 0.655835338470796 98
1619490673757 0.6645810720274592 99
