1621396772924 0.48975577308216056 0
1621396777438 0.5288413517270714 1
1621396781740 0.5363271041973046 2
1621396786063 0.5705292021405869 3
1621396790424 0.5741926913187358 4
1621396794846 0.5749157223037478 5
1621396799222 0.5843581575024899 6
1621396803685 0.5860879966419705 7
1621396808136 0.5468116314876296 8
1621396812701 0.5994527959730693 9
1621396816965 0.5958831073025483 10
1621396821340 0.583985918892739 11
1621396825853 0.5782434424830071 12
1621396830165 0.6042816423368542 13
1621396834548 0.5867108223589701 14
1621396838968 0.5992475496531365 15
1621396843285 0.6062114859331813 16
1621396847699 0.5847189598211914 17
1621396852444 0.5999773912488887 18
1621396857044 0.5877770853249236 19
1621396861625 0.6094370916548193 20
1621396865891 0.601317333077458 21
1621396870157 0.5954226079432007 22
1621396874563 0.6113629042443535 23
1621396879055 0.609233868259394 24
1621396883377 0.5809930124709693 25
1621396887849 0.6038211552160127 26
1621396892266 0.6113837539782186 27
1621396896965 0.6192870453631062 28
1621396901444 0.6113545219563451 29
1621396906106 0.5948389521992833 30
1621396910644 0.5973654767734997 31
1621396915094 0.5719740232821119 32
1621396919590 0.5792673657340136 33
1621396924211 0.6081468289490076 34
1621396928641 0.6165911793785075 35
1621396933071 0.613326590870524 36
1621396937499 0.6037025521277494 37
1621396941851 0.6124977722569863 38
1621396946216 0.5908489696414541 39
1621396950613 0.6013124264696966 40
1621396954949 0.608773875348842 41
1621396959230 0.6120642823582751 42
1621396963607 0.6046615335596279 43
1621396968084 0.5989619242161748 44
1621396972491 0.619693854347863 45
1621396976790 0.6195294514901697 46
1621396981072 0.6137590995114756 47
1621396985374 0.6021331052147216 48
1621396989657 0.6193290971819331 49
1621396993856 0.6064619932890548 50
1621396998102 0.593119548254925 51
1621397002544 0.6012324703612012 52
1621397007089 0.6280416886943226 53
1621397011501 0.604661306977383 54
1621397015842 0.6042750017408051 55
1621397020223 0.6133270039738418 56
1621397024632 0.613060285042141 57
1621397029304 0.617702550277731 58
1621397033742 0.6152511319208833 59
1621397038270 0.5986870438581625 60
1621397042778 0.6097020602478654 61
1621397047602 0.6080579443961701 62
1621397052334 0.6096573117695725 63
1621397056974 0.6224258147031 64
1621397061364 0.6145644165738453 65
1621397065584 0.5857985897493285 66
1621397069795 0.5983204228925727 67
1621397074081 0.5842513632031029 68
1621397078271 0.587202468216974 69
1621397082551 0.5860793000566454 70
1621397086886 0.6198487458754939 71
1621397091131 0.6069124753722595 72
1621397095357 0.619121132325771 73
1621397099586 0.6240130547917738 74
1621397103822 0.6355292725911136 75
1621397108018 0.6194353830251321 76
1621397112222 0.6121883579343904 77
1621397116565 0.608115727372256 78
1621397120832 0.6233173086511196 79
1621397125164 0.6259871874613061 80
1621397129476 0.6146000401537715 81
1621397133738 0.6226967781636537 82
1621397138007 0.6222432004907565 83
1621397142288 0.6234554165585089 84
1621397146565 0.6253641752995076 85
1621397150824 0.6096773405354374 86
1621397155046 0.6262442679696995 87
1621397159327 0.6151143494436995 88
1621397163619 0.617018718239511 89
1621397167929 0.6239757379191928 90
1621397172231 0.6118719765388616 91
1621397176496 0.6290699309557191 92
1621397180814 0.6203302073688105 93
1621397185041 0.6245075198849893 94
1621397189328 0.629847334166525 95
1621397193599 0.6275882792887493 96
1621397197863 0.63762729203787 97
1621397202145 0.6191574669490308 98
1621397206589 0.6289774953466118 99
1621397210881 0.6044984694766189 100
1621397215195 0.6245832783176545 101
1621397219487 0.6265703449940171 102
1621397223719 0.6273659662126441 103
1621397227966 0.6121865557051637 104
1621397232267 0.6061597016417686 105
1621397236516 0.615927148622488 106
1621397240753 0.6185353405326397 107
1621397245029 0.627095797922152 108
1621397249292 0.621377290786006 109
1621397253584 0.6252466153861368 110
1621397257829 0.6252880246313909 111
1621397262086 0.6227101925301131 112
1621397266339 0.6339211022613935 113
1621397270599 0.6321896999561271 114
1621397274919 0.6209413253426164 115
1621397279133 0.62450254748399 116
1621397283466 0.6087679077250118 117
1621397287713 0.6306238919843236 118
1621397291943 0.6447981034616583 119
1621397296257 0.6245895631545474 120
1621397300590 0.6307389987186256 121
1621397304890 0.6349088581961052 122
1621397309193 0.6231794517683173 123
1621397313443 0.6365648423061087 124
1621397317700 0.6173017397072217 125
1621397321939 0.6270765529199221 126
1621397326153 0.6229397450569842 127
1621397330375 0.6383007677135882 128
1621397334646 0.6151700011134259 129
1621397339179 0.6261198420360122 130
1621397343485 0.6257089429945377 131
1621397347730 0.6106167627059066 132
1621397351978 0.6400954180183439 133
1621397356246 0.6256175794092208 134
1621397360515 0.6454725082549398 135
1621397364883 0.6359718702646842 136
1621397369157 0.6277435724543327 137
1621397373450 0.6378169497011317 138
1621397377669 0.6258824368606839 139
1621397381942 0.6221422112996271 140
1621397386225 0.637403791174882 141
1621397390488 0.6167657282593473 142
1621397394757 0.6197427481953739 143
1621397399017 0.6232876911301732 144
1621397403238 0.6428998250803764 145
1621397407487 0.6375929043494363 146
1621397411767 0.6383994102075855 147
1621397416035 0.6171159146621428 148
1621397420236 0.6292396317725406 149
1621397424530 0.6199470610050558 150
1621397428823 0.6224377882645651 151
1621397433105 0.6272614869462884 152
1621397437448 0.6316550012700444 153
1621397441687 0.6222410307977853 154
1621397445945 0.6328671106443732 155
1621397450187 0.6430442375796181 156
1621397454569 0.634425374007103 157
1621397458846 0.6387180792572555 158
1621397463075 0.6417844144895277 159
1621397467306 0.6335951805863618 160
1621397471560 0.6456244147728076 161
1621397475785 0.6284537953227106 162
1621397480010 0.6324619790942184 163
1621397484282 0.6413640562373852 164
1621397488534 0.6343666093710857 165
1621397492810 0.6327401424990858 166
1621397497084 0.6101740053909055 167
1621397501347 0.6347392161345138 168
1621397505653 0.6304022148875593 169
1621397509938 0.6192107982916186 170
1621397514194 0.6230534399600016 171
1621397518402 0.6364057258312343 172
1621397522617 0.6214555383193154 173
1621397526859 0.6316024000808881 174
1621397531101 0.6382474272805294 175
1621397535343 0.6296667379486167 176
1621397539679 0.6246967966845558 177
1621397544149 0.6324682899890749 178
1621397548506 0.6491458617695103 179
1621397552834 0.6299417124391157 180
1621397557052 0.6247552907871834 181
1621397561339 0.6476958848262122 182
1621397565590 0.641556240344336 183
1621397569826 0.604695501536644 184
1621397574070 0.6272341666310651 185
1621397578297 0.6347058975437232 186
1621397582582 0.6366939879347137 187
1621397586827 0.6302531612451934 188
1621397591076 0.626631569587086 189
1621397595339 0.6308537524812384 190
1621397599547 0.6312099373468192 191
1621397603788 0.6251925537271686 192
1621397608017 0.633401675573639 193
1621397612238 0.6317522822007738 194
1621397616455 0.6470025049851017 195
1621397620725 0.6272020531032129 196
1621397625032 0.6174259262446361 197
1621397629302 0.6530791307019876 198
1621397633513 0.6268723041110396 199
1621397637700 0.6161692264178233 200
1621397641994 0.6415524186298647 201
1621397646221 0.6285834352552142 202
1621397650655 0.6346789697551793 203
1621397654947 0.6121057526123086 204
1621397659204 0.6255524080331628 205
1621397663425 0.6286406919998089 206
1621397667672 0.6503209503078916 207
1621397671905 0.6381267322744808 208
1621397676118 0.6276817267241451 209
1621397680378 0.6448842942915777 210
1621397684655 0.6430508981871849 211
1621397688904 0.6346327237899273 212
1621397693129 0.6364239192337644 213
1621397697408 0.637282530132728 214
1621397701772 0.6392050824431887 215
1621397706137 0.6257599026776015 216
1621397710413 0.6327693101422572 217
1621397714683 0.6431234403231245 218
1621397718924 0.6327826691615465 219
1621397723163 0.6366195345289655 220
1621397727430 0.632075513994322 221
1621397731707 0.6495473503463209 222
1621397735928 0.6257593094810268 223
1621397740214 0.6286168450142073 224
1621397744515 0.6469933715440496 225
1621397748868 0.6366547435633023 226
1621397753220 0.627819910458267 227
1621397757483 0.6421906616575167 228
1621397761720 0.6352363430334558 229
1621397765999 0.641836131961471 230
1621397770278 0.6402355540715411 231
1621397774534 0.6306077162121939 232
1621397778752 0.6253973372062177 233
1621397782968 0.6288006677148841 234
1621397787229 0.6114286373609052 235
1621397791483 0.6269532036662047 236
1621397795715 0.6260681204036703 237
1621397799902 0.6494645958566122 238
1621397804400 0.6226104891933969 239
1621397808708 0.6250402967095818 240
1621397813004 0.6445104779407778 241
1621397817253 0.6498549490848105 242
1621397821523 0.6207539244321347 243
1621397825735 0.6308490051231367 244
1621397829970 0.6267846053099566 245
1621397834202 0.6153633128582959 246
1621397838398 0.6372453540307026 247
1621397842617 0.6374973205839994 248
1621397846896 0.6262841341196242 249
1621397851132 0.6470325575866717 250
1621397855314 0.6430734269158016 251
1621397859614 0.6403075786885576 252
1621397863836 0.6417133250399876 253
1621397868082 0.6259759553002169 254
1621397872329 0.6376346983656932 255
1621397876560 0.6263276593471029 256
1621397880851 0.631914716635182 257
1621397885045 0.603573969144525 258
1621397889269 0.6259741417304368 259
1621397893515 0.628439470161777 260
1621397897844 0.6190720735045853 261
1621397902105 0.6303331994695572 262
1621397906390 0.6396280370441189 263
1621397910677 0.6405873407647464 264
1621397914920 0.6368699498082827 265
1621397919246 0.6486320097663337 266
1621397923536 0.6456387888912325 267
1621397927816 0.6152395193190727 268
1621397932096 0.6404416623081979 269
1621397936344 0.6212370570431814 270
1621397940599 0.6396404335829146 271
1621397944853 0.6453479982811997 272
1621397949104 0.634125096620294 273
1621397953380 0.6268736313163485 274
1621397957642 0.6325620820545607 275
1621397961948 0.6369530229255896 276
1621397966629 0.626938338905032 277
1621397970838 0.6399163281247748 278
1621397974995 0.6204539963766662 279
1621397979115 0.644581749685119 280
1621397983254 0.6317294852373876 281
1621397987389 0.6371537319078119 282
1621397991509 0.6431457241013362 283
1621397995640 0.6334811875457096 284
1621397999787 0.6420537103236194 285
1621398003922 0.6411714560454975 286
1621398008096 0.6235715705691631 287
1621398012215 0.6444229064028226 288
1621398016357 0.6359188280906052 289
1621398020502 0.6441857678639772 290
1621398024651 0.6307510732841691 291
1621398028810 0.6452574262186614 292
1621398032967 0.634967751717806 293
1621398037191 0.633782690922262 294
1621398041291 0.6400391634305781 295
1621398045425 0.629323949840608 296
1621398049592 0.6389169380651235 297
1621398053658 0.6353491249681906 298
1621398057845 0.646044457337367 299
1621398061998 0.6385892036870614 300
1621398066147 0.6459880073079401 301
1621398070255 0.6477262917758698 302
1621398074395 0.6365915634511181 303
1621398078511 0.652189680199642 304
1621398082620 0.6365441798005841 305
1621398086714 0.6366949868394974 306
1621398090853 0.6391266611438954 307
1621398094943 0.6382889941494206 308
1621398099112 0.6464048696915012 309
1621398103278 0.6327401130469303 310
1621398107390 0.6473060513808873 311
1621398111557 0.6396896253912434 312
1621398115686 0.6490605517618597 313
1621398119852 0.623236909924745 314
1621398124045 0.6386111522168822 315
1621398128179 0.6250677482472458 316
1621398132314 0.6491565036740399 317
1621398136480 0.653095611708699 318
1621398140640 0.6440128878403841 319
1621398144783 0.6162618181597582 320
1621398148947 0.6434071615213514 321
1621398153110 0.6416231038828072 322
1621398157251 0.643919283280599 323
1621398161394 0.6330638293674403 324
1621398165563 0.6527951894290728 325
1621398169715 0.645542202823353 326
1621398173865 0.6049140497639934 327
1621398178016 0.6226680113575579 328
1621398182169 0.6285961251333183 329
1621398186303 0.6326200301083313 330
1621398190467 0.6476660329014715 331
1621398194672 0.6464119993562807 332
1621398198812 0.6366573556037268 333
1621398202954 0.6543229616599451 334
1621398207071 0.6155818436882451 335
1621398211188 0.6425573945482314 336
1621398215353 0.647249177933821 337
1621398219557 0.6453311275283422 338
1621398223664 0.6425098438992951 339
1621398227843 0.6350985396083092 340
1621398232001 0.6562276370077978 341
1621398236153 0.6362665350240794 342
1621398240346 0.6457870053053735 343
1621398244505 0.6472379129298513 344
1621398248730 0.654791753987009 345
1621398252866 0.6427470568295355 346
1621398257034 0.6392632036631526 347
1621398261186 0.644251612520817 348
1621398265342 0.6297997368205809 349
1621398269531 0.6354792763731711 350
1621398273674 0.6433877614575966 351
1621398277847 0.6465910014931742 352
1621398282024 0.6445097134848593 353
1621398286215 0.6463956640259284 354
1621398290357 0.6373843277066517 355
1621398294428 0.6311890216602343 356
1621398298578 0.6422799249175761 357
1621398302720 0.6336031253113753 358
1621398306898 0.6486105471572081 359
1621398311012 0.6490475217018254 360
1621398315133 0.6382904815716819 361
1621398319259 0.6500004496080424 362
1621398323398 0.6418441120048022 363
1621398327537 0.6407226479715 364
1621398331654 0.636002915485369 365
1621398335832 0.6356730404643194 366
1621398339968 0.6484762791348313 367
1621398344147 0.6383962673557643 368
1621398348315 0.6455606707151184 369
1621398352430 0.652582638385186 370
1621398356536 0.6364009185668589 371
1621398360711 0.6421012840107632 372
1621398364883 0.6455994615961419 373
1621398369006 0.6539163149099341 374
1621398373148 0.6420464821856706 375
1621398377287 0.6343752906184077 376
1621398381510 0.6377552099848359 377
1621398385624 0.635330465143367 378
1621398389778 0.6387733764228792 379
1621398393945 0.6530900884847854 380
1621398398073 0.6399469802432584 381
1621398402285 0.6389133364253401 382
1621398406533 0.6375164241604109 383
1621398410690 0.6442418808005698 384
1621398414821 0.6235888386747626 385
1621398419001 0.6483949157992259 386
1621398423164 0.641212442251015 387
1621398427332 0.6432657444224684 388
1621398431481 0.6424227036664019 389
1621398435609 0.6360107084459735 390
1621398439813 0.6440125586627083 391
1621398443988 0.6461253062292774 392
1621398448135 0.6639060261375463 393
1621398452324 0.6270140806024936 394
1621398456547 0.6380419923211875 395
1621398460755 0.6218819692037504 396
1621398464990 0.6607440049015072 397
1621398469104 0.6049248463521452 398
1621398473261 0.6562875626377307 399
1621398477400 0.639220977346805 400
1621398481597 0.6313499062664013 401
1621398485721 0.644238088583325 402
1621398489892 0.6493326279071665 403
1621398494097 0.6324485501836987 404
1621398498300 0.6421116763364442 405
1621398502462 0.6358984450147894 406
1621398506631 0.6527851481439625 407
1621398510855 0.6401528810389711 408
1621398515140 0.6430112289003906 409
1621398519299 0.6416260984926903 410
1621398523443 0.6505628394811527 411
1621398527597 0.6461005668867017 412
1621398531731 0.6481048773650016 413
1621398535879 0.6346374831022413 414
1621398540063 0.6356753806018896 415
1621398544254 0.6584427900449406 416
1621398548436 0.6334242294657336 417
1621398552709 0.6406914791835081 418
1621398556899 0.651985832900433 419
1621398561060 0.6376781597865243 420
1621398565206 0.6489829512641506 421
1621398569355 0.6490921759990937 422
1621398573510 0.6322840333865543 423
1621398577645 0.6377533266798404 424
1621398581817 0.6397806108448604 425
1621398585980 0.6407404008606191 426
1621398590176 0.6485174932747233 427
1621398594384 0.6403644385172523 428
1621398598478 0.6397594590313826 429
1621398602680 0.650865682617017 430
1621398606843 0.6492315234591263 431
1621398611039 0.6484591306406934 432
1621398615180 0.6466404469159382 433
1621398619341 0.6395132940153345 434
1621398623471 0.6190212887004122 435
1621398627608 0.6277366238639709 436
1621398631748 0.6417520442304083 437
1621398635924 0.6528559031945265 438
1621398640132 0.6432549516133454 439
1621398644451 0.6574435688003988 440
1621398648641 0.6526340479182886 441
1621398652826 0.6483440634267116 442
1621398656942 0.6545488292662528 443
1621398661070 0.6478216516737219 444
1621398665253 0.6469221760078107 445
1621398669410 0.6409391207250399 446
1621398673573 0.6337347038197706 447
1621398677715 0.6279132806801307 448
1621398681928 0.6449962968692329 449
1621398686036 0.6431304672503261 450
1621398690167 0.646767835448708 451
1621398694358 0.6488065892018346 452
1621398698467 0.6428186636315828 453
1621398702667 0.641503740575298 454
1621398706909 0.6446999787084721 455
1621398711047 0.6451261228859674 456
1621398715201 0.6401247835820805 457
1621398719314 0.6576672557892218 458
1621398723534 0.6487942078727631 459
1621398727686 0.6594958707322737 460
1621398731843 0.6397501645759684 461
1621398736006 0.6323206854378306 462
1621398740166 0.6502074773898786 463
1621398744335 0.6499567966979289 464
1621398748480 0.6373135722435147 465
1621398752640 0.6482618752574022 466
1621398756826 0.6496200540929464 467
1621398760994 0.6349057202986254 468
1621398765184 0.6614116132051349 469
1621398769350 0.6499455022001999 470
1621398773480 0.6442410575651524 471
1621398777637 0.6518654175529152 472
1621398781800 0.6443469020767287 473
1621398785960 0.6385547135869477 474
1621398790169 0.6295435409134851 475
1621398794346 0.6486438945032874 476
1621398798518 0.6376329408746201 477
1621398802656 0.6393418161882363 478
1621398806819 0.6617236082888914 479
1621398811029 0.6507377954431333 480
1621398815212 0.6408065041798445 481
1621398819370 0.641417818493264 482
1621398823560 0.6296948942196763 483
1621398827751 0.6504490132031467 484
1621398831929 0.6323066876274644 485
1621398836108 0.6506720601458392 486
1621398840242 0.6471200808882713 487
1621398844438 0.6444335649385459 488
1621398848587 0.6455684888912057 489
1621398852768 0.6330401500389709 490
1621398856938 0.6287158542022754 491
1621398861087 0.6517092831373881 492
1621398865251 0.646895855155558 493
1621398869392 0.6296210933135187 494
1621398873493 0.6534086106030428 495
1621398877707 0.6348702102317095 496
1621398881915 0.6279777033993842 497
1621398886110 0.6370707912610653 498
1621398890308 0.6314724062510068 499
1621398894433 0.6495918995623202 500
1621398898620 0.6439322128774067 501
1621398902764 0.6476902491016518 502
1621398906908 0.6436209411240279 503
1621398911044 0.6499015918480845 504
1621398915200 0.6397852747314972 505
1621398919326 0.6499485445125206 506
1621398923499 0.6455356714932405 507
1621398927657 0.655169910767318 508
1621398931809 0.6513997116002608 509
1621398935968 0.6561036577657136 510
1621398940140 0.6327147986263162 511
1621398944350 0.6429233126872748 512
1621398948485 0.6433979643915297 513
1621398952639 0.6396303626931008 514
1621398956737 0.6612492964441358 515
1621398960905 0.6437882317733687 516
1621398965038 0.6542400500423801 517
1621398969198 0.6494690505688054 518
1621398973343 0.6469399912855746 519
1621398977471 0.6394266845383662 520
1621398981648 0.6531583210544399 521
1621398985797 0.641590357357233 522
1621398989944 0.6403515232391499 523
1621398994065 0.6348126853424874 524
1621398998208 0.6620153033314554 525
1621399002405 0.6322678206458154 526
1621399006587 0.6500275259366863 527
1621399010754 0.6598979718965838 528
1621399014882 0.6509169834181008 529
1621399019006 0.6530530415770064 530
1621399023117 0.6451541469083547 531
1621399027285 0.6491173527417154 532
1621399031429 0.6497726499299329 533
1621399035592 0.658533318225674 534
1621399039763 0.637626873314547 535
1621399043937 0.6517030123695766 536
1621399048076 0.6478831869722966 537
1621399052250 0.6524179236709433 538
1621399056415 0.6346934500955159 539
1621399060649 0.6372439020342359 540
1621399064848 0.6633342464977555 541
1621399069000 0.640884373075272 542
1621399073171 0.6503133432824371 543
1621399077336 0.6440490247649667 544
1621399081461 0.6575020889575229 545
1621399085606 0.6417405752628944 546
1621399089736 0.6437390693339873 547
1621399093874 0.6645361337240433 548
1621399098028 0.6569387723452105 549
1621399102208 0.6553820793804261 550
1621399106344 0.6478269785337528 551
1621399110423 0.6474495120329211 552
1621399114553 0.6428420769302942 553
1621399118652 0.6619969495594252 554
1621399122748 0.661626782946084 555
1621399126853 0.6598321835715419 556
1621399131020 0.651990477281734 557
1621399135223 0.6557079010568091 558
1621399139312 0.6484442077934215 559
1621399143528 0.6526228383169611 560
1621399147656 0.6386450260163408 561
1621399151816 0.6645257818963761 562
1621399155920 0.6471032351220747 563
1621399160055 0.6589720815891663 564
1621399164181 0.655336748241768 565
1621399168312 0.6546182220393472 566
1621399172449 0.6475231111632108 567
1621399176682 0.6707411436819098 568
1621399181046 0.6389410419622761 569
1621404277438 0.6661179265888861 570
1621404282951 0.6531665411389057 571
1621404287979 0.6521416603444121 572
1621404292682 0.647785968586227 573
1621404297320 0.6566340928440485 574
1621404301897 0.607636641958887 575
1621404306482 0.6572653556519078 576
1621404311008 0.6384892583399553 577
1621404315549 0.6491160070711705 578
1621404320149 0.6497841816674614 579
1621404325476 0.6589088805987148 580
1621404330640 0.6481528633372514 581
1621404335321 0.6623299768105281 582
1621404340186 0.6700756190064732 583
1621404344916 0.651743363389696 584
1621404349459 0.6413901743950151 585
1621404354106 0.6605558135014126 586
1621404358767 0.6640033289381048 587
1621404364204 0.6379639313609559 588
1621404369369 0.6493577196909806 589
1621404373842 0.6412154694125507 590
1621404378373 0.6571751438070863 591
1621404383014 0.6589156563626494 592
1621404388593 0.6668135428002903 593
1621404394219 0.6400994154195166 594
1621404398934 0.6656722728598112 595
1621404403652 0.6267292061105558 596
1621404408157 0.6375560258303259 597
1621404413089 0.6627997655079996 598
1621404417999 0.6510792513429536 599
1621404422747 0.6721244084975119 600
1621404427389 0.6456356043695516 601
1621404432152 0.6591060012336274 602
1621404436803 0.6575096123867004 603
1621404441575 0.6570508889524589 604
1621404446320 0.6548927433098843 605
1621404451461 0.6465763226671516 606
1621404456199 0.6474017372251721 607
1621404461271 0.6550966719899581 608
1621404465925 0.6480511450605262 609
1621404470622 0.6627622640662661 610
1621404475299 0.6396826202194599 611
1621404479881 0.6540914667816204 612
1621404484566 0.6617236232524586 613
1621404489398 0.6639333806235106 614
1621404494754 0.6431671754808523 615
1621404500030 0.6653652873155459 616
1621404505364 0.6568333656427859 617
1621404510434 0.6598728708628168 618
1621404515654 0.6617981520134274 619
1621404520957 0.6549729345190408 620
1621404526279 0.6493638216436824 621
1621404530917 0.6714220647550616 622
1621404535580 0.6599095444545573 623
1621404540237 0.657429799049219 624
1621404544953 0.6537847659715723 625
1621404549519 0.6463647287264431 626
1621404554253 0.673442424713123 627
1621404558915 0.6271031993129688 628
1621404563774 0.6476359237011448 629
1621404568925 0.6415175678578573 630
1621404574292 0.6602750942839085 631
1621404579297 0.6318904425049172 632
1621404584260 0.6550881040857636 633
1621404589066 0.6494564183746288 634
1621404593974 0.6671496470267687 635
1621404599040 0.6282473806310888 636
1621404604126 0.6552016527646362 637
1621404609482 0.6320955091753689 638
1621404614211 0.6682353950534216 639
1621404619219 0.6506228359869437 640
1621404624665 0.6554071841620189 641
1621404630374 0.6456115621919131 642
1621404635628 0.6521943965523728 643
1621404640426 0.6530080132945686 644
1621404645431 0.6519706943538257 645
1621404650386 0.6651148821667995 646
1621404655164 0.6610932722479701 647
1621404659907 0.6723266205242924 648
1621404664559 0.6556880844574077 649
1621404669492 0.6586326670409525 650
1621404674172 0.6545940686334505 651
1621404679013 0.6620910890736709 652
1621404684132 0.6410574263447992 653
1621404688967 0.6552723325431874 654
1621404693919 0.6675971076932548 655
1621404698854 0.6644029496415319 656
1621404703913 0.6522175897694621 657
1621404708632 0.6450453725192313 658
1621404713739 0.647007551527872 659
1621404718673 0.6349869313983099 660
1621404723350 0.6539480793803389 661
1621404728048 0.643089014764662 662
1621404732761 0.6700346799452064 663
1621404737840 0.6615356590101308 664
1621404742642 0.6598837824859914 665
1621404747276 0.6687928241469129 666
1621404752450 0.6604074381219059 667
1621404757226 0.6549350460596892 668
1621404762303 0.6642714028249734 669
1621404767083 0.6581327348649363 670
1621404772023 0.6596971121311133 671
1621404776840 0.6640812322365622 672
1621404782335 0.6583626998537304 673
1621404787239 0.662181642913663 674
1621404791963 0.657699806564572 675
1621404796603 0.61269880842336 676
1621404801141 0.6361464413169818 677
1621404805775 0.6596664317496548 678
1621404810696 0.6575262177477276 679
1621404815451 0.6512008857080802 680
1621404820212 0.6511272867026026 681
1621404824895 0.6575219151119733 682
1621404829539 0.6485428240526383 683
1621404834313 0.669578684685451 684
1621404839044 0.6606434254923107 685
1621404844065 0.6699481244736796 686
1621404848945 0.6635327399498144 687
1621404853903 0.6626959775334849 688
1621404858662 0.6715989518007494 689
1621404863406 0.6537566866505529 690
1621404868032 0.6437111749288202 691
1621404872861 0.6563460524100767 692
1621404877859 0.6688592588800284 693
1621404882556 0.6530925937693803 694
1621404887462 0.6485991267138107 695
1621404892470 0.6463844247124205 696
1621404897385 0.65017972427185 697
1621404902794 0.647232351679894 698
1621404908271 0.659578455859087 699
1621404913501 0.6535277888213495 700
1621404919240 0.6560260855136444 701
1621404924188 0.6600565286487576 702
1621404929502 0.6538180327029937 703
1621404935160 0.6477955191315136 704
1621404940211 0.6524015340612566 705
1621404945319 0.6651464844336616 706
1621404950120 0.666110240983902 707
1621404955131 0.6698997608135057 708
1621404960162 0.6303827054330559 709
1621404965288 0.6647392775830473 710
1621404970434 0.6630930420914435 711
1621404975272 0.6644114713340984 712
1621404980471 0.6613603925541314 713
1621404985382 0.6398497911671973 714
1621404991292 0.6557355670872929 715
1621404996357 0.6365856964430625 716
1621405001405 0.6379092528396787 717
1621405006894 0.6581007815020314 718
1621405012102 0.6451767305750357 719
1621405018317 0.6150731825173983 720
1621405023406 0.6345501359519209 721
1621405028393 0.6575459026843795 722
1621405033489 0.6396617021302446 723
1621405038632 0.6439777954774937 724
1621405044293 0.6383023790151865 725
1621405049538 0.66440844327461 726
1621405054822 0.6551729763813383 727
1621405059837 0.6574842201284943 728
1621405064277 0.635907186698836 729
1621405068879 0.6487394715947514 730
1621405073296 0.6733089214344256 731
1621405077775 0.6572226166565677 732
1621405082286 0.6655123163276409 733
1621405086785 0.6484464414837251 734
1621405091200 0.6611617931436528 735
1621405097115 0.6716087126160512 736
1621405101510 0.6572119232497696 737
1621405105910 0.6669931354156312 738
1621405110302 0.6680160372714322 739
1621405114593 0.6590082300484541 740
1621405118899 0.6568150121203796 741
1621405123229 0.6486821628521076 742
1621405127770 0.6547954863881221 743
1621405132005 0.6389538312184362 744
1621405136318 0.6599059661234075 745
1621405140661 0.6667343749451937 746
1621405144929 0.6529391986782077 747
1621405149250 0.6429603937068558 748
1621405153577 0.6677575989822667 749
1621405157908 0.6680542975560129 750
1621405162209 0.6522185338367247 751
1621405166490 0.6699965486849891 752
1621405170731 0.6452399397510714 753
1621405175007 0.6665162655982987 754
1621405179327 0.64816261879604 755
1621405183625 0.6719534599251279 756
1621405187953 0.6615261426043821 757
1621405192275 0.6531017297413417 758
1621405196555 0.6463394055204538 759
1621405200873 0.6636299573859263 760
1621405205154 0.6405090647223053 761
1621405209423 0.6540169839063817 762
1621405213649 0.6384632450729095 763
1621405217972 0.6631712391833862 764
1621405222278 0.6695652633260549 765
1621405226604 0.6588259707285172 766
1621405230913 0.659436598673234 767
1621405235204 0.6464491059657805 768
1621405239524 0.6560965353642968 769
1621405243831 0.63141931974788 770
1621405248123 0.6701087490653315 771
1621405252379 0.6683114217936632 772
1621405256694 0.665221402198839 773
1621405261040 0.6601545986233617 774
1621405265378 0.673931806634725 775
1621405269660 0.6625834106046857 776
1621405274012 0.6537034679958298 777
1621405278307 0.632883217957143 778
1621405282710 0.6698796324303617 779
1621405287018 0.6378926848633004 780
1621405291339 0.6477880523218948 781
1621405295622 0.6547364384081542 782
1621405299936 0.6613794095699818 783
1621405304205 0.6497446671509642 784
1621405308514 0.6614642387256893 785
1621405312863 0.665366180199504 786
1621405317185 0.6581558165729406 787
1621405321501 0.6369209488417837 788
1621405325751 0.6670983695377856 789
1621405330026 0.6588142135944572 790
1621405334334 0.6475223810964542 791
1621405338583 0.6580674577835495 792
1621405342889 0.6550303915417599 793
1621405347219 0.6487956976837865 794
1621405351534 0.652065625512195 795
1621405355819 0.6577601060860653 796
1621405360086 0.6556513066026098 797
1621405364393 0.6586636338450566 798
1621405368712 0.6596350275455047 799
1621405372974 0.6503299333401312 800
1621405377244 0.663236550515255 801
1621405381538 0.6298667312590618 802
1621405385889 0.6522279791551282 803
1621405390259 0.6479269336508617 804
1621405394508 0.6550849443843277 805
1621405398761 0.6681547871248674 806
1621405403019 0.6709523947745659 807
1621405407261 0.638386132531024 808
1621405411521 0.6583873659351528 809
1621405415734 0.6579778092255033 810
1621405420005 0.6409444723151738 811
1621405424237 0.6667512009945676 812
1621405428539 0.6614241206601588 813
1621405432873 0.6524754284169021 814
1621405437149 0.6523742803332139 815
1621405441467 0.655686747177 816
1621405445823 0.6366529398987381 817
1621405450083 0.6590801198824221 818
1621405454389 0.6519163491671559 819
1621405458675 0.6562304041617524 820
1621405462893 0.651758012683822 821
1621405467153 0.6731254596171294 822
1621405471422 0.6440390041327687 823
1621405475838 0.6658811631550507 824
1621405480160 0.6547557219634116 825
1621405484466 0.6505505551691109 826
1621405488740 0.6581767137561526 827
1621405493031 0.6671784184751759 828
1621405497292 0.648623975762632 829
1621405501616 0.6720733699575586 830
1621405505866 0.654871853552984 831
1621405510231 0.6472230694456509 832
1621405514514 0.6474428308140461 833
1621405518816 0.6435121878385266 834
1621405523130 0.6403804724197878 835
1621405527352 0.6584557468438215 836
1621405531647 0.6453546019953148 837
1621405535833 0.661673782484345 838
1621405540134 0.6368115199006065 839
1621405544398 0.6735614173013756 840
1621405548647 0.6548858843241087 841
1621405552880 0.6579942748664755 842
1621405557134 0.6499229466335449 843
1621405561441 0.6704529893674258 844
1621405565719 0.62756016222598 845
1621405569987 0.663154940783506 846
1621405574241 0.6598684082770692 847
1621405578497 0.6728651487533299 848
1621405582767 0.6384847970855353 849
1621405587020 0.658986241849232 850
1621405591273 0.66504253480339 851
1621405595550 0.6716991130344088 852
1621405599835 0.6601719501137512 853
1621405604050 0.6537971751926499 854
1621405608326 0.673068828433544 855
1621405612582 0.6635477220030261 856
1621405616862 0.6581155817770248 857
1621405621094 0.6721299806546477 858
1621405625400 0.6593068423709131 859
1621405629710 0.6604332216205349 860
1621405633972 0.6708529706040667 861
1621405638232 0.6753714584774503 862
1621405642494 0.6582543681275572 863
1621405646813 0.6719735263356668 864
1621405651086 0.6536630085037164 865
1621405655365 0.6604759579844228 866
1621405659714 0.6632212245634901 867
1621405664060 0.6673806310878792 868
1621405668337 0.6425009050712912 869
1621405672651 0.6593440252925252 870
1621405676951 0.6487631971695191 871
1621405681249 0.6574729806728394 872
1621405685507 0.6667732641295036 873
1621405689797 0.6618449967328534 874
1621405694173 0.6665165934793169 875
1621405698402 0.6591523655968913 876
1621405702660 0.678875087128095 877
1621405706969 0.6626216551490915 878
1621405711179 0.6654399788382442 879
1621405715341 0.659818432569892 880
1621405719537 0.6615542817450002 881
1621405723714 0.643781673130239 882
1621405728005 0.6708256340216847 883
1621405732293 0.6691639806161708 884
1621405736784 0.6682946371298548 885
1621405741130 0.6672916297145143 886
1621405745378 0.6612593259553179 887
1621405749669 0.6554072699217033 888
1621405753935 0.6491311408021163 889
1621405758451 0.6588264047343712 890
1621405763139 0.6655808759462339 891
1621405767745 0.659765108473332 892
1621405772348 0.6587907541014528 893
1621405776935 0.6533636430728264 894
1621405781432 0.6412599842393881 895
1621405785907 0.6565040015429605 896
1621405790699 0.6594616941285999 897
1621405795327 0.6590235022998733 898
1621405800018 0.6635652710672809 899
1621405804536 0.666225000328383 900
1621405809219 0.6654941401387603 901
1621405813741 0.650737951267398 902
1621405818086 0.6594624214529603 903
1621405822419 0.6729748674524058 904
1621405826729 0.6398306316888959 905
1621405831008 0.6507671192607363 906
1621405835329 0.6364227308609587 907
1621405839684 0.6464451373337645 908
1621405844005 0.6632006260067599 909
1621405848293 0.6494613630465709 910
1621405852639 0.6584745644448302 911
1621405856937 0.6653950524509036 912
1621405861260 0.6353795936997684 913
1621405865534 0.65226024921798 914
1621405869852 0.6482419825365733 915
1621405874170 0.6628721086000664 916
1621405878466 0.6302751467332223 917
1621405882812 0.6696430907041708 918
1621405887162 0.6562806860950726 919
1621405891451 0.6614993727792413 920
1621405895742 0.6600161531169562 921
1621405899901 0.6593927975627865 922
1621405904003 0.6624286750538674 923
1621405908169 0.6640776558365307 924
1621405912351 0.6717676718625262 925
1621405916506 0.6705972517074791 926
1621405920684 0.6551660031371473 927
1621405924817 0.6699971006173431 928
1621405928928 0.6709257154346289 929
1621405933041 0.66093449015127 930
1621405937271 0.6312287548680869 931
1621405941426 0.6502158141561917 932
1621405945562 0.6651848992181135 933
1621405949760 0.6570971275538053 934
1621405953888 0.6491877962304249 935
1621405958046 0.6677604029453483 936
1621405962174 0.6574535363875139 937
1621405966350 0.6583159486011274 938
1621405970495 0.6497276080048545 939
1621405974612 0.6690956230196026 940
1621405978743 0.6693861585798625 941
1621405982907 0.646046029548553 942
1621405987077 0.6624779272399819 943
1621405991221 0.6610954435253599 944
1621405995386 0.6531219728994836 945
1621405999509 0.6620704851430923 946
1621406003659 0.6731866663759561 947
1621406007834 0.6570573185885602 948
1621406012017 0.648635450031187 949
1621406016180 0.6523554858258848 950
1621406020292 0.6649123205521208 951
1621406024498 0.6565784551532616 952
1621406028635 0.6559708324690484 953
1621406032816 0.6598409601058611 954
1621406036929 0.6652049499266144 955
1621406041114 0.6511106467721295 956
1621406045283 0.6465267561247816 957
1621406049399 0.6624879788428808 958
1621406053500 0.6346494282447166 959
1621406057603 0.6543955212695591 960
1621406061704 0.6658467263219078 961
1621406065851 0.6444463432147205 962
1621406070001 0.6698648545868511 963
1621406074173 0.6759000935489048 964
1621406078387 0.6674596840882367 965
1621406082535 0.6668534342315708 966
1621406086704 0.6702321669101549 967
1621406090888 0.669498228725859 968
1621406095019 0.6667638048910994 969
1621406099161 0.6635195182999548 970
1621406103360 0.6742740010122412 971
1621406107528 0.667204768713711 972
1621406111659 0.66106442942099 973
1621406115831 0.6745332628627221 974
1621406120003 0.6590112450373566 975
1621406124157 0.6546354120715988 976
1621406128331 0.669690142292486 977
1621406132429 0.6373811477822112 978
1621406136549 0.6590372311786032 979
1621406140731 0.6704044850337721 980
1621406144893 0.6512507969048091 981
1621406149033 0.6598830472464726 982
1621406153203 0.6655815199482102 983
1621406157354 0.6574411151359502 984
1621406161548 0.6470563221686437 985
1621406165684 0.6613086098020662 986
1621406169823 0.6588425981431243 987
1621406173955 0.6672739256476735 988
1621406178118 0.651878517351632 989
1621406182250 0.6690528053095197 990
1621406186396 0.6638998434141715 991
1621406190537 0.6629081489201921 992
1621406194723 0.6596146743240163 993
1621406198893 0.6544574975634575 994
1621406203060 0.6765068750317123 995
1621406207144 0.6347831425388339 996
1621406211290 0.6633537873077969 997
1621406215495 0.6601144662807298 998
1621406219607 0.658922769801874 999
