5.18671875,8.755781250000002,-1.0354656650781249,4.269999654086454,4.25690479716759,3.7010061900379974,0.6304915577426248,0.11042846743406867,0.7272817792220843
5.940156249999999,8.631718750000001,-1.017376137734375,4.511744913344053,3.582411048567492,3.723242065361048,0.2786375641573467,0.5714366016961153,0.6896383356829939
5.64109375,7.7769531249999995,-0.51863731075,5.158470920845725,4.644330643139304,3.6810031644421075,0.4169291062765534,0.2533667477869033,0.510265071463599
5.9084375,8.254296875,-0.813070916484375,4.747639287961307,3.888472081758494,3.8516893815234394,0.3091081613970625,0.3006601842272274,0.664658135763374
5.69328125,8.41046875,-1.5830462049999998,4.339468773179321,3.8271196862357777,3.897114665747617,0.29797715540609115,0.38767501012178324,0.6832510916599814
5.884453125,8.0071875,-0.5702456596406249,5.4788131425453575,4.118933974931347,3.814642514972595,0.6235674832831015,0.21045619565632723,1.1461892115322452
5.610703125000001,8.253124999999999,-1.1789049190625,5.264511667701501,4.378417549112351,3.994166190401718,0.3435079411644166,0.5375443013144314,0.6254343249768478
5.7340625,8.5709375,-1.1056955900781251,4.783710222838937,4.140617110841541,3.6411448207002275,0.19751586015953682,0.5212919741997902,0.8660263589195039
5.748359375,7.987500000000001,-0.940336042109375,4.695336246170194,4.281910532986415,3.5377224386455652,0.15749713746094296,0.4958345497734993,0.4146010168968946
6.0541406250000005,7.464609375,-0.7876391699999999,4.808801261642512,4.112795563532439,3.356755689309445,0.3101908907045176,0.43818968115686985,0.6781240839540075
6.194296875,8.007890625,-0.9813034671875,5.046998749813123,4.146728125195467,3.866449167392617,0.5334236399724248,0.27730490522576423,0.5172848372704363
5.99359375,7.649375,-0.8885148827031251,4.777016382896435,4.114173054439373,3.342970180359406,0.3052682385280584,0.4013584418250681,0.7565792921382266
6.300234375,7.691796875,-0.7759341844531251,4.766439555770991,4.183576227641876,3.326015676406049,0.4625685937164097,0.22102485982561906,0.7534956558095559
5.93953125,7.542890625000001,-0.7366692671875001,4.832822004820107,4.467286850039642,3.302779009540168,0.4671804826406375,0.28222613605641,0.49172655153827355
5.690078124999999,8.2415625,-0.491396599734375,4.181049228381135,3.71518704052619,3.6605751964383693,0.2624017615719398,0.20965564615353605,0.31222867826273176
2.30171875,9.82625,-0.029581687093749975,4.757559791626211,4.595989250150613,3.5097978367727998,0.6356662121019049,0.20374900666131368,0.4668014910630331
2.67203125,10.27734375,0.3440201835625,5.026160835968486,4.352996720000595,4.121996330225469,0.8031697814262576,0.01617247510485951,0.5760157856941266
2.5308593750000004,9.811015625,0.07906187890625001,5.03277275517429,4.088126832640575,4.094284300547746,0.7557227783805835,-0.02539213941310226,0.5629962241954998
2.5915625,10.064296875,0.24101630870312496,5.281298141422594,4.6509630527574854,3.9271070494614224,0.8970790069051717,0.00610675459752512,1.0341707022029683
2.8725781250000004,9.651953125,0.4923542833125,5.052557249504599,4.706034035316015,3.9126093869412384,0.6564578243528241,-0.029461443688594633,0.5787967087290308
2.7963281249999996,9.966328124999999,0.11438965132812505,4.994380884912963,4.170948796267341,3.835238833692773,0.6854282968662189,0.10492054449922489,0.6978211129211209
2.8853906249999994,10.25140625,0.13779962490624997,5.021456757994846,4.435199709140608,3.680803193022332,0.6274341760998938,0.03526819682123448,0.9436120411993956
2.8952343750000002,9.870234374999999,0.14684435543749996,5.168265691464436,4.319302328075492,3.6132524721672916,0.8162126540593737,0.0971227149063795,1.003435873084896
2.876171875,9.92484375,0.15525068007812506,5.060917672636948,4.439813126764002,3.6496596864569506,0.8007345964407768,0.1977967041720127,0.9018221004708776
2.8621875,10.054609375,0.14035342912499998,4.873091122669855,4.121363340560028,3.6496312050982382,0.7734620172283729,0.1264090401416613,0.7245282466560493
2.9928125,10.084765625,0.23697276012500001,4.717244948308679,3.9542660833040006,3.8583201006149244,0.4829623213314896,0.14635400883856856,1.097426807143543
2.953203125,9.840390625000001,0.28528244815625003,5.070751444188547,4.202808659534967,3.5581608330026757,0.5045616012855091,0.06881644058605306,1.2559729976780911
2.884296875,9.84734375,0.297200236125,4.811104778854357,4.101614294315829,3.4843180778946254,0.6807136145463688,0.1042130365637517,0.8723075542642591
3.01203125,10.122656249999999,0.31497053960937493,5.0303277663114,4.1290999481528585,3.8052219708490758,0.5524473085156723,0.1086033571235121,0.953249655866312
3.226796875,9.677265625,0.35274574518749996,5.222773738277414,4.0894440550572835,3.6915586622676915,0.4293599832693121,0.1807853579128192,1.26629652680244
3.284140625,9.48765625,0.5179988558124999,4.797357431333902,4.406150439367219,3.5154941446322243,0.6581951093262641,-0.12762243204766663,0.9524532886447535
3.08203125,10.05390625,0.278791475890625,4.794554586874931,3.7278496303111446,3.4952752561630764,0.5427449938187241,0.012577316651081808,0.9932507817743642
2.9271093749999997,9.86140625,0.3199717621875,4.885749551045071,4.049481782890366,3.713543531057766,0.5893476764105731,0.16341708496582213,0.9952798868615577
3.07203125,9.674453125,0.4973555006250001,4.895716297082934,4.538511906553484,3.785398134893016,0.6239560667030065,-0.18068419326095542,1.1194822922187617
3.00046875,9.941875,0.24825211875,4.945050217669528,4.362345761958238,3.55972778190914,0.5105466557060512,0.0726096382037023,0.9851224930371284
3.197421875,10.035,0.26453267257812507,4.878649474703167,3.975418413513224,3.670647204843965,0.46701134063144834,0.09480463132165504,0.9337087635111677
2.9146093749999995,9.710078124999999,0.40967451148437506,4.968275119184938,4.528994006691385,3.5642972644063478,0.6964747498781466,0.021156534569227264,1.0252178932620994
3.003828125,9.844609375000001,0.272300561453125,4.842398056666654,4.261962374882269,3.620097305857303,0.7350100579320689,0.09880261647691055,1.3746929408870925
2.9374999999999996,9.518437500000001,0.19823990824999987,4.727446291339543,4.4383485874358435,3.3256234466377372,0.6152205272780331,-0.16763049621416676,1.13369384603507
2.91890625,9.808359375,0.19111050148437506,4.770731441950064,3.95898656882031,3.461188759332972,0.7216279805368373,0.1863369223251714,1.0769685660361785
3.0965625,9.84,0.31092699928125,4.936697314105225,4.256969652816426,3.5903691358868617,0.661413297131803,-0.12045570249726463,0.9589977862768899
3.004765625,9.901015625,0.061078746874999944,4.913148011465598,4.208538537872245,3.65065299332925,0.5277216780411794,0.17855166458185207,0.8661964934787323
3.2490625,10.057734374999999,0.3334857125781249,4.995209023013326,4.1591448968740385,3.9198440953894456,0.4571997597538286,0.08713520534538903,0.8652362111933297
3.0200781249999995,9.8196875,0.2583609658437501,5.403038713321096,4.722647552204563,3.9001867228700644,0.5592474115091515,0.15309600746997698,0.9948997907653936
3.1828906249999998,9.895078125,0.25325334675,5.0144145583544555,4.283936382743853,3.654936322922187,0.6322120167191881,0.12932440589646266,1.0376217684247566
3.1414062499999997,9.660390625,0.13279837489062501,4.838264593060299,4.234045125959584,3.45299778379269,0.5593282672122094,-0.03748942634691425,0.8028303151536986
2.96140625,9.801171875,0.180469611171875,4.84710556904437,4.17644990188545,3.5410501875410056,0.6034511837224706,0.0937593666982999,1.0611441544500375
3.0910937499999998,9.9290625,0.24750726265625,4.7776300404814664,3.949758188306437,3.573605522010674,0.5824031241649766,0.017263902614123396,0.848563588835534
3.0455468749999994,10.011640625000002,0.24516623468750004,4.786925195355337,4.000889115509152,3.700761234895922,0.6260857525261387,0.040240060975915565,0.9889798576373766
2.966875,9.3840625,0.36210972895312504,4.970477176225136,4.666796351202155,3.9291842901854985,0.7089000222851725,0.11133774030177064,0.9122408718045055
3.020703125,9.865624999999998,0.23835608367187497,4.865351539135197,4.2988798959002095,3.5662031485970966,0.743274878183497,0.03918058280010288,1.0760669450063163
3.1724218750000004,10.014609375,0.538003720015625,4.89455449104119,4.092863625862962,4.002448640761279,0.7614205126890922,0.05911036232218322,0.9120067127247741
5.615078125,7.663515625,0.943634695515625,8.883857991120552,7.650564479770813,5.3588757669851335,0.06746030197345686,0.1967472027903251,1.0319651397394491
5.337734375,6.987109374999999,-0.19185535965625,9.695013232878713,8.207240815312849,4.64289132338874,-0.10668656468646358,0.3870836191974943,1.0044126306563685
4.316640625000001,5.885,-0.5472613158593751,9.813105656256312,8.230584730139165,3.5316146226911984,0.07487095524930462,0.5548230891442354,-0.09688999714193917
4.10234375,5.121406250000001,0.05075708231250009,10.016030080293088,8.138275475182745,4.428031347494459,-0.02710352342443969,0.6982297821504495,1.033774783236756
4.983750000000001,5.350390625,0.4647943440625,10.019154701745054,8.387476751303822,4.62271711682622,-0.21075194459863156,0.5634413550683535,0.4553679142162797
4.7739843749999995,5.836015625,0.02149458250000008,10.377348931374808,7.933720787310696,5.174885728805933,-0.3006361306311174,0.539320947845547,0.7611168059631258
4.7953125,6.0275,0.69357364359375,10.986731766196158,8.619230135284706,5.838549689196894,-0.13386203881125397,0.456054865369199,0.8270698171558502
3.358203125,7.128203125000001,-0.40211946815625,10.184483712490794,8.856153089942056,4.180990223065532,0.06702801776694059,0.3197023165439924,0.7267429079500929
3.3295312500000005,6.383203125,-0.40754633320312506,10.51286599090721,8.613636802114437,4.0907905614478395,0.12391677354744872,0.4777775005988605,0.7542853793125225
5.0443750000000005,6.782109375,-0.20941284875,11.303003386130387,8.230855500449945,5.738863837977547,-0.27354208817418246,0.4141099498384356,0.863246104712281
5.122421875,7.033046874999999,-0.15344167328125,10.582077547829229,8.464764888808356,5.035592492523385,-0.11434503492566582,0.2971148617436989,1.0185282169866767
3.701328125,6.6010937499999995,-0.723687394234375,10.072166193517361,8.969782278082949,3.8467700443833435,0.1244434979606735,0.4190626015319156,0.5094406398556282
4.5815625,5.9389843749999995,0.08842584515625002,11.158671336503005,8.64230002659916,5.627730769047677,-0.16082899114910396,0.5892051839599409,0.7269169116742128
5.346562499999999,5.938359375,0.87351121625,10.83090308428128,8.937000753306425,6.050948330293749,-0.2452475385434713,0.453034457198331,0.8838948921097207
3.563671875,7.08765625,-0.31901408109375007,10.333877000481667,9.075720743105526,4.709847466604871,0.03578440826264417,0.2996620829147251,0.2344771246829642
3.1323437500000004,6.6109375,-0.19653739343750007,10.382133427520372,8.863879162567242,4.9863970943373515,0.1627188172472638,0.4339871644976246,0.9073724602474734
4.451953125000001,6.243125,-0.12971253387499998,10.260600544268973,8.880114173498841,5.425807513251124,-0.02122876070261899,0.33267845589604544,0.9238756015720174
5.233046875,6.51359375,-0.42701921289062494,10.499415352666203,8.030774960111941,4.592622434088911,-0.03466451597910094,0.5940982337531162,0.6291679414875156
3.9303125000000003,5.418984375,0.028091981562499924,9.982842307045813,8.782318159219459,4.892964682457423,-0.0038468000608734517,0.6236340264073129,0.46836540958041556
3.703125,6.13984375,-0.7495447762187499,10.50220027169902,8.310502954128946,4.280062200259027,0.04379775850663589,0.5564056346136913,0.11509742723617641
3.6583593750000007,6.57453125,-1.4800423029218752,10.889836702269672,8.375657610317738,4.840097017586674,-0.14642506917981304,0.5044152367024822,0.9071874895682314
4.162265625,6.1440624999999995,-0.3937131829062499,9.958902833555179,8.608868559287785,3.8502705401166266,0.05002723526114336,0.42254086090089654,0.5977732801771433
4.2789062499999995,5.455859374999999,-0.571203323515625,9.25102842546227,8.221140862068635,4.20819972965959,-0.017519359549017288,0.6314568741586033,0.6477877619511789
4.311796875000001,6.260546874999999,-0.330399850390625,8.846169318693276,8.290043190911478,3.984725880650957,-0.016593449912831022,0.5399605323957577,0.7505126760072977
5.83171875,6.210546875,0.7541203535156249,8.977500531656817,8.698121681988459,4.879491321854546,-0.09246689819511392,0.43114185898193813,0.6534065331967871
5.27515625,5.83828125,-0.140991903015625,9.697787520258728,7.838985815040006,4.679643990561401,-0.026528866083812053,0.6359464041992108,0.7857334869703506
5.2390625,7.224062499999999,0.02681507273437503,9.981569456182418,8.329870238100575,5.2339804977497355,-0.09393890641278975,0.41883794768757976,0.9253190638430863
4.702812499999999,6.797734374999999,-0.41797444996874994,10.35318074143612,8.831028767119568,4.996770397643067,-0.12118231145878403,0.2930004198818824,0.9044526896388166
3.0617968749999998,5.485078125000001,-0.17983116168750002,9.38507179261247,8.642809962992157,3.5122008049448135,0.06713083502164253,0.6207090316780047,0.5732225767083499
5.556015625000001,6.887109375,-0.08948995817187505,10.228363546702173,8.148257401158673,4.760513871855416,-0.0548191932040843,0.49111878170137324,0.9035213544194115
5.62484375,6.056015624999999,-0.40626944903125006,9.873689706137515,8.490933799118084,4.39381750569365,-0.19618700096659197,0.4291895234774954,0.8190877890398037
4.892890625,5.424687499999999,0.27272618114062497,10.113784695307544,8.182456742314239,5.047212512405467,-0.22040858314188064,0.4779580628071508,0.7945728120683881
4.987421874999999,6.453749999999999,-0.11981651487499992,11.195750117657212,8.606127086994475,5.937521195340304,-0.14233039660505575,0.4189579482356309,0.6676072997540844
4.284453125,6.568671875,-0.7013414997656251,10.168367372072458,8.92620548328538,4.2845584358961535,-0.23979972093841925,0.3621945778167536,0.7254650081188605
4.35015625,6.662890624999999,-0.009576808515625035,10.195794934706463,8.390668473103743,4.691125642933156,-0.07052577921143711,0.515279116757854,0.9069499762604226
4.629921875,5.615546875,-0.42850891262499996,10.07432523299434,8.19857360007994,4.808022248769461,-0.10245745297605292,0.5661012513860245,0.4596158686675657
3.7233593750000002,5.1765625,-0.4985259878906251,9.994737621411058,7.622260925807628,3.635621756458834,0.13938514960476678,0.8320311968582723,1.224215130338393
3.9400781250000003,5.484531250000001,-0.31656668375,9.885979694756937,7.778279438942358,4.17364799421933,0.009515934280715458,0.698995175711261,0.5503930820509926
5.326015625,7.98140625,-0.5270435659218751,10.858814920077876,8.30732985215231,4.720393347497573,-0.1597965794666962,0.3046356552585792,0.7455654275963751
5.703125,6.828046875,0.08342467421875,10.14327553958163,8.27084346690546,4.964914264393882,-0.180770374889389,0.37480195943591893,1.1701162488327574
4.665234375,6.407578125,-0.91639403934375,9.933119393351133,8.157268686010745,4.387360990051774,-0.12819612597531735,0.5026886144265198,1.0822711864782892
5.542421875,6.411328125000001,0.2914541821875,9.817279627818058,7.852705979777544,5.200469818399005,-0.14962635516556427,0.6696847489358586,0.889858905083076
5.30171875,5.6420312500000005,0.17004152687500002,9.86565531824412,7.635152499231658,4.298205763012623,-0.2799014147472219,0.7066013984733021,0.714892656307753
4.305078125,6.229375,-0.13524577421874995,9.921813798716265,8.19107276532659,4.301456886142047,0.07989925882648301,0.5730056432238064,0.752547128907204
5.230234374999999,7.553671874999999,-0.9728971728593749,9.721038272803906,7.970978793321683,3.65507644191513,0.021809045295017006,0.3616702378376215,0.772443878048135
4.98078125,5.641171875,0.10204618231250007,9.186351850824593,7.58114835268767,3.391044285600491,0.03139502212528135,0.694197578674067,1.1982194200830727
5.651093749999999,6.643203124999999,-0.34221124978125,8.987810254934788,8.438478455636433,4.4121248771742065,-0.08115435622859503,0.3527045447277402,1.141293485584429
5.62015625,6.919765625000001,-0.5833339505,9.541732594926664,8.17925820529089,4.063611064610047,-0.25192015027734316,0.5814000329413318,0.5873370238399176
5.008437499999999,6.63171875,0.11907163621874996,8.880685805223251,8.326606555698332,3.872448244278334,-0.1085684013756302,0.5199772141922105,0.9905765354410505
-1.5178125000000002,9.275781250000001,1.007799324203125,3.782936800931751,5.215935110519344,4.271864593051471,-0.3975320039418415,-0.23363131241609444,1.6097898628042655
-2.0413281250000006,9.664765625,1.162943582984375,4.112473664637135,4.439340105248567,3.991994347589978,0.42821209261576393,-0.13278679396933157,0.8057661475253518
-1.3634375,9.876015625,0.905008256171875,4.0726476027387575,4.623301941632826,3.8487002835714055,0.31392146482880384,-0.22629170176441665,1.4441744669785335
-1.3404687499999999,10.09984375,0.8974532261093751,3.9277052499230947,4.593833840115023,3.9703055384156203,0.21147377015474092,-0.2838197848054752,1.3713087291829602
-1.595703125,9.633828125,0.9985417345781249,4.1222511074794115,5.014369682642973,4.229370086585169,-0.005650348928918835,-0.23994752092390503,1.0222980056108582
-1.556484375,9.88765625,1.0004571132343751,4.145741713991702,4.964787961921027,4.657181498479041,0.08897910586675219,-0.3053016739112904,1.0037825363715638
-1.7078124999999997,9.780390624999999,0.978430452109375,4.173079449260912,4.946073000741307,4.579116804630353,0.046172910464815455,-0.2872257520499261,1.0253127693550803
-1.735546875,10.086171875,1.1733716771875,4.083499534826438,4.806413215871996,4.342145786281001,-0.12930945828998164,-0.3488177599398567,1.2415285727578977
-1.660703125,9.983984375,1.23072609753125,4.255668312599707,4.803076543321568,4.435009953711306,0.12046794975323981,-0.34670806656690045,1.0932514434777274
-1.8507812499999998,9.697578125,1.075049789140625,3.795613547524094,4.745307344184514,4.3934842999262305,0.21380420319410245,-0.23333779811925712,1.230079148706698
-2.084140625,9.905625,0.9703433630781251,3.9380564145241252,4.7475123008661075,4.3742963186261905,0.16670044147404994,-0.21797917730990493,1.372989721992867
-1.8948437500000002,9.819140625,1.01460949984375,3.989559613928076,4.605028845482361,4.271465422946815,0.07985865643230387,-0.255297514382331,1.1492120933949923
-1.703984375,9.556562500000002,0.981409900078125,4.112042972295628,5.04825239524469,4.296709160102907,0.05276476438255803,-0.38029362814364276,0.7705267912578708
-2.1706250000000002,9.651093750000001,0.78561737075,3.9137214047981237,4.709930870374951,4.411937877458121,0.07797765634986616,-0.20879727545073407,1.1255847547158517
-2.238671875,9.703203125,0.9020288237031251,4.223207158645428,4.809112270860417,5.15157333889484,0.10836076562890863,-0.3921199187104711,1.0936638000020995
-2.03125,10.440156250000001,0.9656613662187501,4.109895641923283,4.6090840983416586,5.168358922543544,-0.08531774489679544,-0.36003400559144555,1.0462079036418337
-2.4080468749999997,10.3265625,0.49171582257812496,4.123621371628673,4.244170530986444,4.5520092951648135,0.0345683034079152,-0.5007529998332424,1.2138046949714276
-3.174375,11.148828125,-0.17749017382812493,4.4690656794093995,3.965272417559604,4.865679808982521,0.45861296161834736,-0.5403268802292702,1.263659959514721
-3.27875,11.563828125,-0.16227364414062503,4.997543928021043,3.8380637047486568,5.096893899699513,0.30851461204187103,-0.5043304644181198,1.2566541412076628
-4.02828125,11.540546875,-0.988858509421875,4.897127204637269,4.1166298239188,5.39055189832103,0.5090343341633596,-0.6744994392303969,1.0642723480868488
-4.286484375000001,11.44734375,-1.2886125900781251,4.765800298389649,4.4664559643901045,5.382824107015741,0.5526396431427271,-0.5869983438907033,1.2896938988001345
-4.038906249999999,11.02890625,-0.8942609325,4.8308604685098215,4.411157060932079,5.2944728665108,0.5433467098980601,-0.2658788900783212,1.2082106532699386
-4.72828125,9.9771875,-0.884471326328125,4.4379572140116945,5.119717084697527,5.012444636506871,0.7320449581236869,-0.14251184251598722,1.4463914982510624
-2.79484375,10.055625,0.5090604947187499,4.140494193098927,4.925837928401116,4.636392557984829,0.17395838130380492,-0.28757302148715086,1.0377387823346151
-1.9442968749999998,10.50109375,1.0760074692187498,4.0091987361086545,4.434707437217357,4.82467024700937,0.24067096296799625,-0.49430285429855714,0.5801607214532315
-2.506015625,10.907656249999999,-0.6952761971875001,4.38226795232855,4.263667267662421,4.516757240283148,0.2173630239457685,-0.8359438030670149,1.1116056045896647
-3.4848437499999996,11.512734375,-1.061748677109375,4.415274443688177,4.270975758470581,5.13353699835697,0.4094848417210801,-0.3361237382904736,1.1460387161704948
-2.894609375,10.074921875000001,0.27549280024999995,4.567154116341172,4.981392563219294,5.28046297891358,-0.014275189827726135,-0.10514640240622306,1.0246452192904822
-2.390625,10.19453125,0.6859121998437501,3.9081958653418334,4.7029239341364475,4.612130137170518,-0.12438927068521369,-0.2617394126712005,1.6564382281431589
-2.069453125,9.9028125,1.12825427625,4.215886122119255,4.899687480068882,4.404033330935082,0.045634353351406844,-0.23830296008471955,1.1631397858121655
-2.064296875,9.49390625,0.8533999044531251,3.888295875845257,4.733185409025399,4.179192271627101,-0.04887767791312291,-0.10138245122297099,1.2689160949277405
-2.1446875,9.823828125,0.927886206125,4.13340128131104,4.925347881288081,4.733797139048055,-0.15039638952950815,-0.2448612662426772,1.2945125818682035
-2.171484375,9.928593750000001,0.96417164721875,4.124899637007046,4.930580077177628,4.4539450624009636,-0.029777650794560403,-0.32692715787492815,1.1390878202886001
-1.9896874999999998,9.845312499999999,1.134851632140625,4.063792859182632,5.184154634783163,4.726718163986606,-0.11166602746229955,-0.21289489447842083,1.25769120612515
-2.091015625,9.801874999999999,1.162517956828125,4.139225252055734,5.090640270081456,4.604359256191281,0.0531684540120684,-0.2849235281554678,1.0527675615393732
-2.22453125,9.876875,0.8380770400000002,4.0023914451579365,4.533803030776149,4.281714425803745,-0.05116241045024044,-0.363357020390032,1.292382847862054
-2.1225,9.917578124999999,0.9741740836093751,4.311605341981105,4.870769758546537,4.884163099181821,-0.032060722245665904,-0.27251502696920477,0.9113766563367316
-2.4361718750000003,9.910546875000001,0.8914943292499999,4.13564178836961,5.353473216723675,5.020069121373747,-0.2826089835227685,-0.3593173874967554,1.0468022475684462
-2.3785937500000003,9.840625,0.896176323859375,4.11913403641602,5.194426663201146,5.079721032909769,-0.17692588168177636,-0.3571380891785052,0.9364776718700941
-2.459453125,9.832890625000001,1.08196639125,4.067803520596556,5.276082701734035,5.226929556687419,-0.2920044645538486,-0.4032152848145631,1.0227322170507287
-2.29890625,9.978671875,1.0323797892812498,3.97191649946357,4.9160142282477155,4.694138177711343,-0.19994014284610315,-0.258943712065215,1.3238288332846302
-2.34125,9.697500000000002,0.913946610625,3.8661970575101314,5.085254418414087,4.845025831761613,-0.11433785959583811,-0.2438117613098009,1.1998471637856596
-2.107109375,9.739140625000001,1.06228071328125,3.950316077611652,5.003628219125059,4.984768300231021,-0.04236025286343325,-0.28202288435928974,1.1021944165422448
-2.205234375,9.75625,1.139001553828125,3.973610009496196,4.987496083958362,4.958150612151916,-0.0382816533789978,-0.41156441317017844,0.7724858458401335
-2.25015625,9.774765625,1.195398320734375,3.8034936621592963,4.943069637893883,4.842900554219947,-0.18327718450420596,-0.3271095359378243,0.8420124241293567
-2.166796875,9.825703125,0.942357803859375,3.9886841763594463,4.783203797468307,4.58539735317621,-0.14929526758108885,-0.4677045556052457,0.6958677218980429
-2.267578125,9.9959375,1.0680267971875,3.9782368397660144,4.596632843298859,4.864062841306385,-0.08886726181787225,-0.34709927364344595,0.9745305091415905
-2.31734375,9.62578125,1.01439667425,3.9307061397204364,4.530941301445918,4.858923322835918,-0.006177845299291136,-0.29123484266703037,1.0402304325023444
-2.372734375,9.77453125,1.142725868,3.934387006503473,4.830180324560714,4.896918334770895,-0.07649512042836078,-0.375996688982624,0.6941693137007564
-2.177265625,9.673828125,1.083775324515625,3.6795492070284044,4.830342431102476,4.674815046612351,-0.12788607610183905,-0.2994494830005777,1.2979067461711082
2.359453125,7.635546875,0.46064444895312495,7.973227497831586,7.028849346687389,4.8386133414142,0.42344303376867565,-0.013319644729600339,0.738318763426416
3.8532031250000003,6.127578124999999,-0.06852735517187508,9.187103982416888,8.450259033205521,3.8266523355333253,0.14781197358559908,0.5419097142682587,1.4525504196064642
4.869921875,6.681171875,0.4429805314062501,10.26567410536914,8.425864071147776,4.027736764362926,-0.013902688675409794,0.3873536203869235,1.0089121606350993
5.1060156249999995,5.995703125,-0.44191642499999995,10.21991104565034,8.425323592041746,4.72828185038262,-0.09101451651656253,0.5285654599723719,0.7868128615336812
5.426484374999999,5.05375,-0.003298684609374991,9.400327170988831,7.671171174436143,4.086967041216006,-0.0002611767393541574,0.7406190121420931,1.1931997415501079
4.21703125,4.719453125,0.424465390078125,9.413444703535653,8.064986080718164,4.314411356577876,0.16716378408510338,0.8247583392142132,1.0786741417625327
4.071328125,6.2632031249999995,-0.46266620737499997,9.500271161516073,8.664014652356045,4.108761171318214,0.10780826125976868,0.5254286571175444,0.9191555396311469
5.549765624999999,6.582031249999999,0.10385515839062512,10.79189275168255,8.580028897038952,5.579277804085169,-0.072833370712375,0.43320254204953595,0.8563936803568927
3.3588281250000005,5.86234375,-0.12864842260937506,9.074428065749323,8.310977913689577,4.239169092901963,0.25018349263382184,0.4886836428366463,0.48616641880227907
4.08703125,5.88859375,-0.273790289296875,9.784864057513698,8.09652343740577,4.2170533714985385,0.1081560965503573,0.5956598527154191,0.6995821455225201
5.8061718749999995,6.921640625,-0.20292190317187497,10.075760293978265,8.083577756142365,4.015754328607152,-0.056657778731066755,0.42274722618280963,0.23700032523352785
5.259140625,5.776015624999999,0.565457257296875,9.362426153525837,8.381439254000822,4.570289165886166,-0.045270511081788825,0.6379167263150125,0.41221429851057423
5.436875000000001,5.568515625,1.16826407934375,9.53673037114267,7.923627551688738,5.380612857731302,-0.01571712029194428,0.7534962183682294,0.5718452268620149
4.895,6.1265624999999995,0.3584917788124999,9.414388422781375,8.441484284981744,4.53881764004121,0.029149489061390917,0.6298836671974899,0.9092667776717756
4.257109375,6.874609375,-0.6777187342499998,9.988774648976575,8.515383680281946,4.238645560358586,0.2159722260522437,0.49276699935905394,0.5389458130070469
5.7384375,5.770390624999999,-0.47160453901562494,10.346466594741113,8.527801629298263,5.151321849688169,-0.15349321612309613,0.6426831294639953,0.9889147148603155
5.02125,6.579921875,-1.3026585768749999,9.84722740165982,8.54102695231355,4.685330904581458,-0.11297416213847973,0.5012622685675984,0.7560400756320048
4.39265625,5.364375000000001,-0.7818930641406249,9.4494070981642,8.118744587180643,3.595016541540785,0.05329577414214363,0.7519609359513989,-0.14892381872015348
4.481171875,5.952656249999999,-0.5386421806249999,9.610265720595814,8.775859687622402,4.832976324249681,0.02786457786082418,0.5620162578956927,0.8045158036717602
5.064218749999999,6.507499999999999,0.2913477562499999,9.62413475083077,8.27899959989128,4.677064530714211,0.011747138807431199,0.5232601606549004,0.8488627700468732
4.542343750000001,6.1235937499999995,-0.5438562184062499,9.609495912603114,8.238066533475008,4.804741281495448,0.022529038621010928,0.5525449567098184,0.8551453320279049
3.9186718750000002,5.623046875,0.10066288023437497,9.972086853053076,8.268767343008433,4.632731923476483,0.07184669427531083,0.644413127077393,1.0633373522115703
6.184218749999999,7.9315625,-0.87319199,10.34806093017665,8.746436009660949,4.731599340919003,-0.38677835889721157,0.061858015397988596,0.6712825641379965
4.041328125,5.84921875,-0.445640755,9.110845560640021,8.013520860217962,3.9716197345703184,0.11378529137237653,0.7331095372598264,0.7298580189393736
5.0515625,6.069687499999999,-0.597273542890625,9.424081970998223,8.351747098053421,4.0174654626282935,0.07936301261763773,0.5063481975717924,1.113801382404025
5.28671875,4.750624999999999,0.09353349257812499,8.45591685498376,7.649596879697322,4.2369060666443925,0.09538859574507962,0.7586158268660556,0.9457676866683306
4.15046875,5.8432031250000005,0.020962579765625003,8.762084410559707,8.199681008810053,3.450596136461805,0.05455887857163243,0.5621708880165769,0.7828517269819152
5.101953125,6.437031249999999,-0.06991067585937488,9.418726779881277,8.250874040762193,4.50381271501937,-0.020304083414705968,0.5345121146488787,1.033925884566018
4.787421875,6.74484375,-0.11204863843749999,9.365204402976024,8.211991896798605,3.75048500913475,0.018042281371540618,0.46714709977316976,0.5107861326259862
4.534453125000001,6.687109375,-0.6506908101093751,9.477210560783575,8.293826596513645,3.8348185505311747,-0.0718359944632856,0.4209753697485357,1.0244814482949398
5.605390625,6.860390625,-0.06959143625000005,9.793736112174562,8.731499227146625,4.8575749892731865,-0.15176685586824087,0.37936622389897234,0.9294635194440504
5.914765624999999,6.4350000000000005,-0.13258558531249992,9.534760580112557,8.352786118266168,4.769916351676297,-0.22421669213822357,0.3925881271829804,0.6581896708352712
5.693359375,6.147500000000001,-0.49086457234375014,9.27913648303815,7.625560635127099,4.363681451329024,-0.020186259185762393,0.6190713165531093,1.3099852395313991
4.282890625,7.130703125,-0.9540627497187502,9.75116324409745,8.684396584499423,4.426189253697329,0.035707764283385915,0.4201922376327862,0.45929833341969445
4.6265624999999995,5.15140625,-0.32252557840624996,9.95884754545393,7.466986479494987,4.155991190113332,-0.08044900205411844,0.7590179912587259,1.0185519303056896
5.673828125,6.02296875,-0.512039947734375,9.633293028046483,8.327517389595979,4.588336477991148,-0.2836242155579691,0.35340587411194896,0.7458139945736292
5.81390625,6.848671875000001,-0.04043540137500004,9.49165326042892,8.89016462965304,4.103554981727519,-0.31483678355387396,0.30591401413879843,1.023419892147841
6.143203124999999,6.2715625,-0.248571368203125,8.787786884861298,8.499083814364568,3.4442760812459645,-0.1291544382882025,0.44998740333689174,0.9881987853253931
4.66515625,5.4067968749999995,-0.19174896749999992,8.742316089034183,8.05879352144229,4.348271852424558,0.07801314543911425,0.7056543583135397,1.0564435361123263
4.769765625,6.577890624999999,0.0702299059375,9.02999052332384,8.569850462918657,4.354008313028717,0.04652320740732444,0.5494731896270088,1.0480176940550778
5.149531250000001,5.8676562500000005,0.03192267140624999,9.341089659684968,8.11997166370277,4.241665664040766,-0.08766059419712166,0.6522892379336857,0.9234771707444749
4.2140625,6.518671875,-0.615575884078125,9.834169658445687,8.392608575695283,3.7229097637321455,0.17925411161081425,0.5253643372235302,0.5239136243612503
4.321953125,6.618359375,-0.20217704320312507,9.466547686012717,8.219834603086586,4.198197875355115,0.08607687597681556,0.5705884673822548,0.6643759965220474
7.411249999999999,6.211015625,0.968002365140625,10.097360577150843,8.123006566983426,5.472502309166292,-0.4134478115414591,0.5834603171796956,1.0981998503467258
5.361015625,6.546015625000001,-0.15578277346875008,10.095748473974371,8.448813280189464,5.1963622517287185,-0.1284497116054959,0.34242266140400984,1.1044126480210026
6.083203125000001,6.618359374999999,-0.14397137379687497,9.502766039224591,8.650028249352694,4.364770427414737,-0.24996994424048039,0.46932505538601516,1.0893196674543786
6.565546874999999,6.862187499999999,0.44351254901562503,9.090214158694376,8.52511848685071,4.451040811737996,-0.2834900628067703,0.3848803484553459,0.8125038537340435
5.631874999999999,6.3295312500000005,0.65452159125,10.130335766122217,8.393535725054933,4.9734670791302005,-0.19745989779884124,0.5492618911687372,0.8689334726383418
5.478359375,6.385703124999999,0.08619127031249996,9.237923263082434,8.332564664052432,4.794039961077361,-0.05846919217967695,0.5110226899116034,0.8450783006067206
3.958671875,5.78625,-0.862444692578125,8.914839311778646,8.571221653008397,3.896198088260187,0.03388351122691913,0.4850897047653914,0.6930351958374237
5.6609375,6.8084375,0.06756970210937516,9.402184789111187,8.427540180627664,4.639124934885825,-0.14536884324740584,0.42877160948832765,0.7319214661511901
5.340546874999999,5.855781249999999,-0.16578515354687504,9.588934321376788,8.554864899701714,4.770590016059518,-0.055023129048616046,0.4634889370874183,0.9455359290894787
3.6644531250000005,6.5619531250000005,0.303797584328125,7.567011857459173,7.829040995170017,3.7915786034299717,0.2589073141820397,0.3759074885144041,0.40391528008103766
1.54671875,8.80203125,2.846971908328125,1.4661365628407326,3.9117519970626256,2.730236141017415,1.47100331630644,-0.20258631861771528,1.5117679337500178
1.400078125,9.324218750000002,2.627450196,1.9948693942578004,3.8523332234696985,3.2519954566159686,0.7856043883734768,-0.521985516484646,2.13679322808124
0.8533593749999999,9.166484375,2.528064215390625,1.9558463151151753,3.676624553735513,3.119622853435107,-0.7518173042531922,-0.49133703795518313,1.525812186255229
0.701484375,8.922265625000001,2.3498291982031247,1.68792915369125,3.6071734551714254,2.6723462876145754,-1.0870496623285564,-0.3226863484125448,1.1899864881846165
0.7253125,9.118593749999999,2.47932893309375,1.616995157643878,4.097502237334464,3.185795059643752,0.29764806198475857,-0.5969384523047878,1.6301882193962156
0.5569531249999999,9.359296874999998,2.4675175102343747,1.7570561133050744,3.880100108162834,3.0742059875735466,-0.748310150332814,-0.6131306747642765,1.5889649560820256
0.6842187499999999,9.342421875000001,2.57839566328125,1.9743304281827898,3.7907761709538437,3.391045466581196,-0.06341266713028945,-0.5313285086084254,1.8787151049933413
0.604765625,8.888125,3.113632772859375,1.4552544691799985,3.6545095750832286,2.8541948568741056,0.5710621875782771,-0.4782865169333482,2.0091356647190475
1.13421875,8.6596875,2.9517847413593747,2.292441932666657,3.511720762652371,2.8953446569933035,0.8708131952317042,-0.26184240120359115,1.3804630480671412
4.063515624999999,9.031328125,0.6734623571874999,2.7635469141360454,3.3252998856996316,2.2661907584590266,0.8514864082532704,0.6773193179465217,0.03181477573910662
4.686328125,8.811875,1.1586872320000001,2.950374412440561,3.8728552028025782,2.4930411952975753,0.5692082678470163,0.8813830082805353,-0.10015978598745058
4.5200781249999995,8.927734375,0.8562729585312501,2.63179106553816,3.4760662066757817,2.514289743297985,0.5193085999647892,0.5914254966374008,0.11722129785283816
4.43546875,9.020234375000001,0.5712033339531251,2.600681358850683,3.312360719912365,2.3542450530326873,0.7215439259676495,0.5033600444390334,0.2282997684713747
4.898828125,9.04640625,0.8078568723906252,3.04343571814142,3.8978230571642087,2.5312165178809245,0.3368080345999244,0.8080122150764969,0.07626233216060267
4.6540625,8.801640625000001,0.888514867890625,3.13134990796202,3.9414759246505118,2.4816896800623924,0.7918780995920359,0.7553474484547581,0.02137126016837175
4.74796875,8.741875,0.7190053896093751,2.955979205191308,3.800018246255536,2.44956109313586,0.420040396256099,0.6344607591860197,0.021606488185972987
4.67796875,8.773671875000002,0.7216656135156251,2.8794081312873026,3.916530446209245,2.5226345664017296,0.373269027051331,0.7047505685827736,-0.022063516376842406
4.09171875,8.647265625,1.9606916096875,3.2930829754803383,4.395375004415818,3.128723151644755,0.6780451387376207,0.43845263311021365,0.6924658038140455
2.246875,8.764921874999999,2.767697212453125,1.5328179472380272,3.7387182370963026,3.084645280487515,0.901829290103791,-0.4280740858802998,2.2395346112191206
1.759453125,8.896015625,1.8358738778125,1.685818749800148,4.159439629445997,2.7388408540645335,0.3879179689503688,-0.4044345411574315,1.4537994615134346
1.407734375,9.125703125000001,2.3776019382968747,2.026071558630978,3.776984098538837,3.0997064496379902,-0.25504859147567766,-0.4318812075460815,1.7082755914454022
1.41828125,8.844765624999999,2.574352141796875,1.9203263514044786,3.580086408882942,3.3329772778579545,0.784935687363026,-0.45027415438174767,1.7165107554742327
1.3652343750000002,8.866953125,2.6975736946093747,1.2392752196620247,3.959081640393733,2.964684189260999,0.6608836421900905,-0.5520880292063234,1.5239201403660885
1.393125,9.276171875,2.5331718625156254,1.7073649058929963,3.4265015233046348,3.0649395617963697,-1.0206443799178555,-0.46925429887876957,1.7724951937922973
1.295703125,9.150859375,2.4384678889375,1.9177960509697674,3.7531037212851723,2.9782940724643288,0.018441668671477375,-0.08700346332605792,1.325142569782467
1.4735156249999999,8.981328125000001,2.8280310861406246,1.5302331265630276,4.066026809716579,2.910850880538833,0.9264524343517789,-0.6714677233289292,2.454474901143005
1.238984375,8.954687499999999,2.0786991626562497,2.0970533045814217,3.9347933033189624,2.5967215950481632,0.4838548027751623,-0.3358500238535169,0.48557458356323935
1.279609375,9.305234375,2.5746713383125,1.7989034864778348,3.8500679711621144,3.209996146998054,0.8616048169466096,-0.29925954565249346,1.4830576354774503
2.180703125,9.376015625,2.339507531765625,2.386677929018751,3.7516572046238257,3.075222170694437,0.6703026520615215,0.5810019131526969,0.4780797939906855
1.67,9.4525,2.7335399234062496,2.2329692256052254,4.387457798942345,3.425489774316661,-0.048953428495477805,0.5195760667410493,-0.03033392322874952
1.3313281249999998,9.485468749999999,2.422825762453125,2.0192295758120187,3.795725157038301,3.315027278507555,0.618499894965683,0.3111325390658559,0.1292620190945706
0.87921875,9.49609375,2.49773765734375,2.2654013197772347,3.9873540793000735,3.4709742870141276,0.14543339085512266,0.41711321196308554,-0.22808805952014236
0.24484374999999994,9.44609375,2.66969456834375,2.499163917810502,4.547919722654626,3.903643530775292,0.019949082052638116,0.3783453790824235,-0.21873412186801447
-0.17351562500000003,9.205234375,2.97434343125,1.9527675032196892,4.236984844210368,3.283682916548794,-0.11270326005349135,0.36195442456900034,0.23704191259139457
-0.02257812499999997,9.369765625,2.71289660575,2.1136488170984045,4.626418779825099,3.7312048737876142,0.05116048130810122,0.32748785476868186,-0.04441486784123372
-0.19703125000000005,9.577890624999998,2.669800993875,2.1510104309424998,4.536032588538922,3.8313973366878122,0.26432118151004375,0.19680743232648495,0.13373444706790907
-0.40875000000000006,9.244218749999998,2.94816685165625,2.2230957441144996,3.7786211128728477,3.256812979701569,-0.3920744754957271,0.3254865392220107,0.7590236686641675
-0.361328125,9.098828124999999,2.9307157503125,1.4440326406747128,4.311500177775595,2.8429173056790336,0.6150633976876991,-0.0998445788085238,1.5428602962300535
-0.173359375,9.235546875,2.4793289229375,1.847010793376587,4.01813969094253,2.9662675301616828,-0.5878404306597855,-0.3144421799202044,0.7872934784572522
-0.292734375,9.346328125000001,2.4822019597343745,2.084271348563655,3.8018367006729767,3.246269891546651,-2.8055707148821925,-0.3912727615951975,1.706444083922947
-0.11468749999999991,9.214375,2.5903134611249996,2.1185792473598317,3.5926906590847754,2.9262722293098737,-0.3736361667261867,-0.3639725196583751,1.0733992183671348
-0.035546874999999964,9.111015625,2.8388848057343745,1.696565376261031,4.045083790820144,2.9518773313741877,0.6820021576646206,-0.27471399187189266,1.4082292332882056
0.28046875,9.21265625,2.993603436875,1.7799279564840365,3.7124302359554093,2.9916961772240236,-0.3146833374016857,-0.638933353565163,1.7065954824879381
0.21585937499999996,9.22609375,2.7313053686718747,1.887979048208589,3.6811587922434064,2.9976593137462313,-0.28545397507209075,-0.5552838728082397,1.0834720531471451
0.16929687500000004,9.1559375,2.7347104282812498,1.7375598836774617,3.7338306480869954,2.8409961230993277,-0.586543301042758,-0.3923888673562849,1.9214007846585899
0.192109375,9.263984375,2.964021740828125,2.0106111680996674,4.046030527690796,3.2520033264798758,0.25574912444049314,-0.4307733798945545,1.3447352368657355
-0.4496875,9.231640625,3.47095408640625,1.8097016922254756,4.163684662003068,3.2851187296567836,-0.47243463008832687,0.27573689197719103,0.7682397212960415
-0.6823437499999999,9.30171875,2.758865290421875,2.0806134478407894,3.963982197033488,3.2556134112977624,-0.6063044113755831,0.32210437582380747,0.11834702846560023
-1.1390625,9.507265625,3.085647232421875,2.42157213832125,4.405841597180198,3.7108339782469653,-0.029780875637976684,0.4683907107937201,0.18491629277561955
-0.843125,9.411093750000001,3.0050956117656247,2.119814537141162,4.019093926647017,3.725528403262493,-0.012411393264328052,0.49990649737942977,0.09857160287680548
-0.6658593749999999,9.288359374999999,2.9186915418125,2.2022320095699746,4.119358410553712,3.21416090469439,-0.5091806349669576,0.42812283379026017,0.1454905939187815
-0.906953125,9.584453125000001,2.7615255131562497,2.1734486416298715,4.2221206550651456,3.321629128441419,-0.21204443478906546,0.2991054512298256,0.27315971039670883
-0.9403906249999999,9.2725,2.8093031131875,2.2055287072858762,4.196379391809087,3.7452102675972654,-0.4240926647071676,0.23411713510663257,-0.3767236214934879
-0.775390625,9.397109375,2.999455946328125,2.3038249114054024,4.14205605503319,3.630492189705385,-0.3571961180222757,0.6003342553199187,-0.40499316145516434
-1.25859375,9.400390625,2.51125160965625,1.892217091789665,3.4442446111102663,3.0112492949490033,-0.4285558510122138,0.4406908254669769,0.3586415816580459
-0.74734375,9.002187500000002,2.99860467734375,2.0247941578925834,4.066956581996389,3.6944634025078726,-0.33480774242022265,0.5637783487205261,0.37350283598249917
-0.167109375,9.010859375,2.77620994346875,1.5523244427429175,3.754960474855176,2.717439175446882,-0.4057898959398385,-0.27717417836752917,1.116616240781196
0.13390625,9.02046875,2.905177605625,1.682020378506437,3.728684180481559,2.957097161146597,-0.09902659519075513,-0.43260532425316783,1.6240100949374359
-0.10218750000000001,8.832734375000001,2.48965057703125,1.9697568605906035,4.072315395379311,2.7462847567752466,-0.2869615865136164,-0.40003004687732513,1.4342513695288759
-0.15054687499999997,9.02984375,2.746415427984375,2.169381143247478,4.189925787002192,3.1949894909504204,-0.7691657035484636,-0.5794685208045823,1.2079698044492033
-0.32773437499999997,9.100234375,2.882938121921875,1.5075027025492722,3.8228540681431142,2.995437491301781,0.06567310765712037,-0.44748417717091193,1.4883813866160505
-0.2153125,9.24234375,2.70278773315625,1.8525695573564165,3.671582059458285,2.899146424904186,-0.950341304781542,-0.38125808772732916,1.7295257913264583
-0.201796875,9.075859375,2.7202388195,1.9387993359268088,3.699694777812706,3.0080131932749903,-0.9695324428204372,-0.6222915379555821,1.9705113100874379
-0.187734375,9.405078125,2.5384922912968753,2.1343453383164963,3.9601029808448778,3.1792003038130865,-1.7774177949401357,-0.2703197948701475,1.572425398141218
0.029921875,8.87953125,3.023610782734375,1.6711403741596587,4.503630629034029,3.0058999399929984,0.7026429339188676,-0.2941272391733898,1.7918134561639136
-0.35531250000000003,9.44171875,2.97349215696875,1.8134867734129605,3.987383248560193,3.1531623168254663,-0.040198450140506374,0.2260206813366093,0.22754124954675378
-0.6504687499999999,9.375,2.9707255434374997,2.2523317290695517,4.085604874128188,3.3903447448086665,-0.6283563667565351,0.46354868328931825,0.41578348532201664
-0.6815625000000001,9.51578125,2.542110220734375,2.4632979156191706,4.190458956325481,3.642510384906577,-0.6198023316793569,0.33291258300633425,0.695446331648386
-0.677265625,9.448828125,2.9313542116875,2.19612859469644,4.1508729543264735,3.665908169115127,-0.8386028431760435,0.2690957321499199,0.07578446205937414
-0.39078124999999997,9.3146875,3.2121674828593747,2.1712289900304014,4.469403787402046,3.618377851545775,-0.15537332375028615,0.25862893860802,-0.2364524072550532
-0.16304687499999998,9.493046875,2.894536712703125,2.2922435647859793,4.252500286337761,3.892929933881013,-0.5462161782261422,0.2553594829386705,-0.1434675950085076
-0.543125,9.304921875,2.956466702765625,2.5483183026998413,4.613010303088048,3.765138074093555,-0.08925472945075803,0.30109348847860884,0.3149390643130246
-0.384140625,9.627734375,2.8096223466875,2.5663987193097277,4.349412355214594,3.7887609619986335,0.23892281676591393,0.3243750840967699,-0.051324434610855216
-0.379609375,9.2634375,3.2255750146874997,2.59480111302622,4.892418311386891,4.188340131888076,-0.3306337371645935,0.3528960642388046,-0.011489820675285126
0.35859375,5.579843749999999,7.9547179795312495,1.0896564355157718,2.003493427262974,2.3539404228451217,-3.1241750615563713,2.760180899666339,-2.6308651651537645
0.714375,4.82140625,8.675703125000002,0.6935920428284914,0.9298132661781814,0.5481641000788308,-0.05904023756524348,-0.5449383813459272,0.13262427018914624
-0.17078125,3.947578125,9.242890625000001,0.26423418050743835,0.34355846048596206,0.18560775317079134,-0.4352623522614107,1.2903186681775496,-1.3324410711681558
-0.015234374999999988,4.8125,8.8078125,0.6887159302414598,0.44267298878517536,0.3359174412616143,0.5576263460843367,0.09146404361388594,-0.08932847329675918
0.57578125,5.033515625,8.576953125,0.3737366414314196,0.32965557272835433,0.2018684542040544,0.28063744547601344,-0.5475242847545881,0.32528909565990444
0.12148437500000002,4.958125,8.6759375,0.0743417976703508,0.05558987655140083,0.060433815813251614,0.714885786215275,-0.41613370676494893,-0.0020499063036742266
0.81046875,5.497890625,8.2753125,0.2574844029712043,0.27162604217399583,0.18575831702443363,-0.5356170326982316,-1.6582287854549693,0.9899704984244854
-0.15578124999999998,4.1271875,9.202265624999999,0.3889722222067245,0.3268121055648796,0.2415969488494409,0.020387650051126208,1.3325568469207827,-1.8574165038181376
-0.160859375,3.9792968749999993,9.2890625,0.1546772210915666,0.15287445622220328,0.10106802705974842,0.35816327682192955,0.33375103097635983,-0.4888758329660117
0.4528125,4.56875,8.894375,0.40937631202079827,0.3899759607975858,0.2628799333821433,0.08571073206536448,-0.0946771471590448,0.09609243830027812
0.126328125,4.352109375,9.039140625000002,0.3644856630705581,0.4615389547883357,0.2969454583330235,-0.32423840146800875,-0.3994828137032549,0.39073755784770864
0.129453125,4.388671875,9.02109375,0.5326090096663165,0.7331656223759979,0.42916203666090696,0.23236211164149087,-0.11741015114427172,0.04047774622999313
0.35609375,4.838125,8.781171875,0.15840629315446245,0.1698747240615861,0.10291547725674881,-1.0917824599661259,-1.2229970972074868,1.1053973877190635
0.105625,4.439140625,9.007578125,0.05448265205549377,0.05865720522330877,0.05129184410297934,0.16393480319904294,0.24048746403788995,0.22889069266769516
0.020078125000000002,4.314765625,9.1153125,0.06159971709743784,0.06910097733288144,0.05101987204756601,-0.13793391671899402,-0.7991897082378481,0.5107676349459153
-0.04125,4.3146875,9.136640625,0.05563553271066972,0.05479988452314483,0.04730680024699809,-0.5942076847216464,0.20534024777376422,0.41787800703258066
-0.07484375,4.26078125,9.165468750000002,0.0853392529023866,0.0766445669857787,0.07232586171928763,-0.7356036718011614,-0.5994784382909022,0.21921287355118804
-0.14546875,4.208046875000001,9.23046875,0.06321910528817615,0.06507277889205589,0.055829810795286657,0.11403165885810769,0.18088363574769944,-0.17360942625712028
-0.09046875,4.2679687500000005,9.191015624999999,0.11508732672817412,0.08163714855038438,0.07908500019510263,-0.3319765211504938,0.4025349133842754,-0.3125802010109149
-0.08546875000000001,4.224296875,9.21140625,0.03815796474443442,0.04874492912328816,0.0496823405340116,-0.13378215712272754,-0.006453040258322239,0.4421705997214172
-0.660859375,3.750234375,9.406640625000001,0.579332896722264,0.3271669700907464,0.19401303654550986,-0.40659106044407967,-0.3831572209816572,1.2183213122377365
-1.3521874999999999,3.509609375000001,9.461171875,0.10607292229287357,0.0388788652369043,0.034178325865735056,-4.270767980486002,-0.44351554331844917,-0.3394738925149013
-0.40171875,6.956640625,5.798125,1.4064717099531145,2.7918014114276843,3.28862949940777,-0.2649725040905014,-0.3208454088197951,0.11500760431973399
-1.6416406250000002,9.756171875,0.9871875,1.5051898641366177,1.2593277727458347,1.6867664783080525,0.7754896793750133,0.4171980734122675,1.414978764022206
-0.7594531250000001,9.849609375000002,1.338203125,0.5483573603752706,0.14109727553042747,0.6016895918912295,0.5683752065229244,0.034123455610075494,0.11513609130489234
-1.342265625,9.71421875,1.53203125,0.9665703017335879,0.7424027812774125,1.3037316389976263,-0.10623566341239485,0.799750804789567,0.04328839139239107
-1.522109375,9.570546875000002,1.666484375,1.8762844152172424,1.8941634485116998,1.9133407424269362,0.8591225716844655,0.7147771025584614,0.6688949707584185
0.012187499999999997,4.153203125,9.188906249999999,0.6383706523985497,1.0748647688152377,0.7409002488263434,1.9605563971099693,2.7694346097365035,-4.375841823637369
0.050859375,4.03796875,9.213515625,0.3714961880350987,0.38394205164768996,0.23642053978209968,0.7143465837242754,0.42838485331156617,-0.4133045823961433
0.14460937499999998,4.14765625,9.1425,0.42391940261340877,0.37837746607843536,0.2527288566824137,0.7765264493463259,0.45374621466056386,-0.5200289316374413
-0.335546875,3.7224999999999993,9.36546875,0.6934062308111562,0.5788998186214952,0.356280392069838,0.19398779910842562,-2.9249368825877973,2.283548855258133
-0.954375,3.822734374999999,9.33515625,0.0938062331351174,0.08620211391467945,0.07077676586237543,-1.0194142816970597,0.7111557300892561,1.5397334438790433
-0.966015625,3.8470312499999997,9.329296875,0.043541285073587066,0.0692860846305916,0.055356565692195554,0.4756982099533837,-1.2027901856402268,1.6804966779127777
-0.94484375,3.7268749999999993,9.384296875,0.0696978341552842,0.0477746991094658,0.04093981088420379,-1.3902836563056504,-0.4318280518799374,0.0898695839041175
-0.9321875,3.753593749999999,9.361328125,0.05266250890101989,0.04162207900787147,0.03595507382810358,-0.4230678001122772,0.009247518939830402,0.4960619313420449
-0.97,3.767031249999999,9.338515625,0.06363961030678927,0.05876807401504238,0.04881549836741793,-0.5396054063221435,-1.3377918641248883,-0.15663937022150518
-0.9232031250000001,3.744140624999999,9.366562499999999,0.043010420135524995,0.029961625032854402,0.034288242791808435,-0.2774291860232419,-0.22930130068351606,0.3513795447304601
-0.7982031250000001,3.7232812499999994,9.4015625,0.047523572995244956,0.052397360605640195,0.041616506265543154,0.37121402435564227,0.09504773477029932,0.06637339103618897
-0.859140625,3.72578125,9.412343750000002,0.06645049077779167,0.0635856874495943,0.044554818324592925,-0.13451800595278568,0.323867328835274,0.05615404255031312
-0.909453125,3.7230468749999996,9.425859375,0.11371777423839413,0.10147781926477518,0.060422048745547886,-0.44531420042388015,0.3691189123233544,-0.5994252233259387
-0.9357812499999999,3.7353906249999995,9.391953125,0.06340112103454876,0.041342743161398576,0.04505306929316107,-0.6957893645283697,0.48920580207987396,-0.1362020512683871
-0.8678125000000001,3.7467968749999994,9.398203125,0.10562268858417682,0.14675092415461777,0.13826171737047957,1.842892003809186,-0.025960188614981974,0.14645112482086456
-0.847109375,3.762187499999999,9.398671875000002,0.07597442357207704,0.032184465876413076,0.040857433032244726,-0.9265469641023721,-0.014867934969369593,0.1691440573922736
-0.822265625,3.767109374999999,9.411249999999999,0.08726051909861283,0.046370659226599026,0.04226035376094233,-0.34593448870100757,-0.18281077712517432,0.04083547891109941
-0.81515625,3.7611718749999987,9.40671875,0.06587137531536365,0.029304998873645655,0.037083296757940566,-0.0956452251960108,-0.689050466966923,0.18065759735046327
-0.882265625,3.773515624999999,9.384453125,0.054546637782354426,0.035057761349797795,0.04063574076763419,0.3728285931992704,-0.2795493113837295,-0.07125103556595255
-0.8469531250000001,3.751015624999999,9.394140625,0.02972684481633352,0.027037007154257466,0.03808968330938655,-0.2612770956366473,-0.3400366563883562,0.04991942061444069
-0.8425,3.771953124999999,9.401640625,0.05762215285808055,0.027840466101241485,0.037765256514544744,0.12109313367740801,-1.107589078292571,0.07019172027318331
-0.7840625000000001,3.773281249999999,9.40265625,0.05092024247536534,0.0349577730760628,0.042801948973586246,-0.8425274751279939,0.7479115257021525,-0.33606373237485415
-0.8367968749999999,3.8392968749999996,9.36328125,0.21773670163808942,0.12870863166561272,0.08097172900733626,-0.8738450219572272,1.4334602761080308,-1.4290356631733647
-0.971171875,3.6626562500000004,9.420000000000002,0.4493043600489365,0.4456902728756121,0.2160331282465724,-1.1732629045400627,-0.10029046075323157,-0.7879500233529133
-1.29875,4.085312500000001,9.150234375,1.1469851786313543,0.8541982146104908,0.6243665100070306,0.9390358753314663,1.2087321696112556,-1.5098734112441277
-1.2453124999999998,4.768046875,8.85109375,0.7717754870062602,0.3906326171132339,0.21849711945684214,0.029619414868698825,-0.11689531696528102,1.0648696961680404
-1.0793750000000002,4.613515625,8.975312500000001,0.3254990159355324,0.2547044544778504,0.09653316706578087,0.5681671923811684,0.4125439866018649,-0.34476304108856415
-0.9671875000000001,4.892734375,8.83203125,0.25298510794857076,0.16649284351995242,0.09341071417903574,0.5909533027345931,-0.8221436475976402,0.9313240548787037
-1.6906250000000003,4.69296875,8.81625,0.15841869957489235,0.22828285420380903,0.11425711137605402,-0.31557079404392796,-0.027265224378283888,-0.21947256773598925
-1.58828125,4.851953125,8.781484374999998,0.07858225562070292,0.08214943123804559,0.05848463799032512,0.4328832832443776,0.370040052921714,-0.5909278348458075
-1.433125,4.3794531249999995,9.005546875,0.3386064040667276,0.5770727702618921,0.3384796167093883,1.2366827185874227,-0.842866681831923,1.0785969391348162
-0.3694531250000001,5.279609375000001,8.601875,0.39193890745591253,0.40013357602444377,0.22035394113788848,-0.9327865191835518,-1.2754065328311397,0.6833709564095808
-0.7271093750000001,5.239140625,8.62546875,0.36487187893438616,0.3336540764393705,0.19076269361024842,0.17758535066654874,0.2213498492451033,-0.25453648350316305
-0.356015625,5.374296875,8.580234375,0.3149934023211587,0.23029425332655254,0.16501640469468287,-0.6828302874741107,-0.3851097973260316,0.07762359692249556
-2.086875,3.1222656250000007,9.258984375,1.2878644811761057,0.7490089440009107,0.3607519054084946,1.2965651952152026,-0.3785350046877883,1.1507176642815935
-2.1999999999999997,3.5521875,9.1578125,0.7671803080110959,0.5583218962603473,0.11760591967987848,0.13461137256989306,0.050911529027693705,1.1317118030185438
-2.578515625,3.13828125,9.227578125,0.1339606392969942,0.10690320808300137,0.07409607460239975,0.9103691048399941,0.019281995278884526,0.17308555178641394
-2.791796875,3.0916406249999997,9.15734375,0.21098516533214923,0.140916516418798,0.09781586955058721,-0.6483503703098523,0.4993036062274646,-0.7989020060062458
-2.21703125,3.734453125,9.069374999999999,0.6167256776910116,0.47762074486744643,0.053877030124163346,-0.1222967937886095,-0.23816096656562932,0.13631162268546315
-2.2396874999999996,3.7080468750000004,9.122578125,0.1472982598123617,0.15549346144688647,0.04543618625593901,1.2699737888840672,1.0967838833632222,-1.0032082059927663
-2.320703125,3.4889062500000003,9.19546875,0.10324563848044326,0.19890416338261374,0.068997954849673,0.6296003814268167,-0.9176552452051338,1.677461401542109
-1.84671875,3.79765625,9.19046875,0.5191205143301866,0.364027995950775,0.057293915675554044,0.38570920960529625,0.24921046224174026,-0.2002584394241725
-2.3396875,3.2950781250000003,9.262578125000001,0.1623987064103345,0.20794754481956354,0.0471242721056186,0.7666383830513522,1.4216967115457995,0.21219175548516703
-1.96296875,3.8150000000000004,9.134296875,0.4615570782941558,0.4119655628811709,0.09603615525016805,0.12305184851607087,-0.30689293595996014,0.007311972919473544
-2.090390625,3.2006249999999996,9.352578125,0.8391228701221944,0.8787506667849533,0.29355111909424625,-0.44194417332455255,1.7808614905880733,-1.3360937811638733
-1.69046875,3.0335156250000006,9.523046875000002,0.17301489899265177,0.09257252092742947,0.03730278545543699,0.5357127340097628,0.02637644069457954,0.24342438805615188
-1.871796875,2.9109375,9.5203125,0.14327875798678036,0.0787047240878843,0.03852632014285799,0.9328031034485187,1.2829291199805901,0.04998727376710108
-1.596796875,3.1265625,9.493671875,0.5515120318181955,0.4944780036500612,0.19529973395779207,0.6548153887369816,0.19345827874000995,-0.5463224554702223
-0.9788281250000002,3.7892968750000007,9.3459375,0.32814254975389034,0.3852579971463725,0.11873314025052152,-1.0184871559367752,-3.5651592904970237,1.1852875091621335
-0.63015625,4.114140625,9.262656250000003,0.09111277674364611,0.06825420481266616,0.042324718970567325,0.10607829972803089,0.027387507016064964,0.0016889981342066128
-0.9771875000000001,3.791015624999999,9.358125,0.13914884959549612,0.07829072266788305,0.0426605423664538,0.4132627349227231,0.3036641371187757,0.16273137291199377
-0.801640625,3.9359375,9.3003125,0.14503651126392064,0.09166376652609243,0.04406914843459099,0.3583283780821624,0.6425442000572721,-0.08937025678241996
-0.8104687500000001,3.9732812500000003,9.29703125,0.22001725562654742,0.1558049129470488,0.07436564410692288,-0.05912910256151703,-0.05478644456236979,-0.24517166637638943
-1.0034375,3.7978125,9.3359375,0.38149876617592093,0.39252774085884673,0.1348461942130737,-0.8604864331605623,-1.4670787215062884,2.942133201924947
-1.66390625,3.3715625,9.389453125,0.276134688532494,0.22151268833579268,0.11579419103622762,-1.2214545229187517,-0.09728303254276403,-0.9663272052339903
-2.0728125,3.3274999999999997,9.304296874999999,0.4118838912166268,0.26200548658377365,0.09339669756064396,-0.7501033964512965,-0.38864519176581475,0.5149362815270625
-2.2942187499999998,3.3557812499999997,9.1959375,0.4254916446282318,0.5808568689001082,0.37631111941284706,-0.2788833141535816,2.2673157287774024,-4.293696296258591
-3.7700781249999995,3.235234375,8.659296874999999,0.4721418882565752,0.331226331333062,0.18720469910030144,3.818973903845514,0.5791792862355928,2.2229634233036406
-3.6704687500000004,3.607734375,8.54546875,0.2123928383289735,0.2965510465221113,0.05612290328767287,-0.6406088549980904,-0.6716638212445646,0.05774146798470545
-3.88234375,3.2557031249999997,8.589296874999999,0.381511149032289,0.24896875931577114,0.15929131917726835,1.8198967883260606,-0.7633509017462224,1.3224684386263146
-4.06046875,3.3899218749999998,8.444453125,0.05422550390210767,0.07172534521690632,0.03912736801440112,0.1156005381840798,-0.5457987011104486,-0.5506681363151827
-3.986484375,3.460390625,8.45609375,0.29139371412379395,0.2652222014879398,0.06746798285807484,1.6614805600147398,1.3519339882977863,0.02425648012047374
-3.72375,3.435390625,8.611718750000001,0.22126765466285397,0.32764286565116807,0.09698670475089614,0.48167958764498914,0.1311883060987818,0.8690548678801168
-3.5637499999999998,3.82890625,8.520624999999999,0.25121579369139996,0.2849787118557059,0.06006181711370359,-0.372170633662042,-0.6039190845553999,0.609232901073415
-3.940625,3.2350000000000003,8.589140624999999,0.11860352808833292,0.1561499679795036,0.08011736843287724,1.819747987589858,-0.36638797575664034,1.062110489727525
-4.010390624999999,3.3020312499999998,8.531171874999998,0.03547451426178183,0.04334381759187233,0.03694635244492152,-0.09699016701477095,0.10012039268318988,-0.05103784017160942
-4.015624999999999,3.269609375,8.551328125,0.11387870465982647,0.10008123531466512,0.06570972023973595,-0.5995016161089806,0.29069290781384965,-1.228749787564024
-3.786953125,3.5714062500000003,8.523359374999998,0.2771578932715688,0.3132409575086526,0.05145200044322239,0.8446577702165287,0.6284648947740643,0.1081240049329812
-4.03046875,3.12453125,8.586328125,0.12003163238678992,0.2286026143189038,0.0963057557157638,-0.09057966330633233,-0.27916256688662594,0.34970877939714473
-3.42578125,4.004218750000001,8.494296875,0.18819707662032778,0.16877133834996233,0.07005225274917541,-0.3227337421752436,-0.29585452244979027,1.5845904489897138
-4.285,3.1878124999999997,8.411171874999999,0.6251074907565898,0.5032145688905976,0.23019564061681175,1.2301959483026303,0.6778317870159442,0.07942421461168343
-4.458984375,3.3936718750000003,8.247968749999998,0.19312334078474142,0.1679791239529019,0.0632993801189041,0.8368229608066289,0.04774449535163429,-0.0159440221763137
-4.329062499999999,3.481328125000001,8.29109375,0.20063741199923316,0.18187552016141253,0.05359329445870549,0.939542850833597,1.6183948956522314,0.12401363797519104
-4.463749999999999,3.32109375,8.277265624999998,0.131172596223449,0.10626642795792804,0.046346433987518275,-0.8566595341663765,0.530297179910033,-0.21541804212965282
-4.523125,3.2720312500000004,8.262421875000001,0.21558695316507442,0.11377993682296327,0.04494347306878249,0.7926349512685555,0.9213521419641464,0.025185672925394795
-4.4536718749999995,3.401328125,8.254140625,0.17526707786684972,0.14131840762612774,0.05092162089534653,1.001275287469121,0.21130474861599874,0.06786662703737331
-4.184765625000001,3.75703125,8.229375000000001,0.16960876324164217,0.25136614036786564,0.05695049933933871,-0.7210954004652047,-1.0524686168584847,0.4015749938680324
-4.28265625,3.69171875,8.2134375,0.12787618752503357,0.18524101435275478,0.05745157607716263,-0.09045985299354152,-0.4177775820067125,-0.16801274446081915
-4.67203125,3.1525781250000007,8.24453125,0.1744202870179886,0.22882937862408392,0.06460044716128138,1.7938182620564853,2.25295859508421,-1.5148863590792325
-4.70109375,3.039765625,8.27640625,0.06849081114235327,0.1082276596732987,0.03397458551531576,2.048247835715611,3.049094296445479,-0.15681667768081242
-4.565781250000001,3.2615625,8.254609375000001,0.2147768077526936,0.30336250360542255,0.04496356760878054,1.3758697992448359,1.0586488950056028,0.1311495566074778
-4.631171875,3.1989062500000003,8.24203125,0.11326559697889019,0.15512210097512702,0.04441212135709689,1.2034349254383059,0.8505164062203436,-0.331903664394121
-4.224609375,3.8811718749999997,8.170703125,0.26171579989008953,0.22694169506501954,0.04994033305089565,-0.07931624084482641,-0.31184124924671014,-0.00968679052213879
-4.6315625,3.5184375,8.099218749999999,0.15145356910205188,0.14470032340582384,0.07574225800989491,0.21185841769877156,-0.4226729611449987,0.5925854696886563
-4.6381250000000005,3.5081250000000006,8.099374999999998,0.09097346797281065,0.17149503454910875,0.07174989111489986,-0.2278205097092292,-1.2416008919147468,1.659607480839546
-4.600781250000001,3.5341406250000005,8.119375000000002,0.12187730366412566,0.18129968001794539,0.06391828279138917,1.3203596714068209,0.6781525007088328,0.5126706357637074
-4.522656250000001,3.5531250000000005,8.146953125,0.16799127755909676,0.3227851210557885,0.11147139903461498,-0.09281957881569103,-0.8738393719444063,1.9413624221642856
-4.626250000000001,3.4496875000000005,8.129296875000001,0.10571187255932998,0.11509464515671441,0.04265016840804228,-1.2148431392957006,-1.006494088727295,-0.16412178692055446
-4.7885156250000005,3.172421875,8.126562499999999,0.09434883613940029,0.065844823422076,0.048773031418499965,-0.020012409892333223,-0.45157718615530196,0.09731655292277952
-4.782500000000001,3.15390625,8.142578125,0.06241243866409975,0.04791324149895829,0.03644872455223061,-0.6956075054815498,-0.40351476648870266,0.03768622884966874
-4.580625000000001,3.483515625,8.111015625,0.24091865198651602,0.31144218425071984,0.04063634156588604,1.3317433173218511,1.0437576707937086,0.25274167849378426
-4.283984374999999,3.5940625,8.2209375,0.300820076633624,0.4482421177151361,0.22205868277045604,-0.1906019250876924,-0.3172612755678311,0.48863111409250787
-3.3240625,3.9099218749999998,8.498359375,0.4601399880403245,0.306391538960338,0.21154113571504096,2.8745553841211033,-1.9139958551428686,2.217197182082274
-2.3434375000000003,4.378671875,8.607421875,0.4848653767735432,0.7458126556542096,0.2699023147760767,-1.5302273237677828,-1.0848926436368929,1.4771820716446322
-1.943359375,4.619843749999999,7.63703125,1.523558887391495,3.0880925505214276,3.2875592578725388,1.9874610640070802,2.3198398397119324,-1.8461101815866925
-1.0146875,9.63421875,2.1303906250000004,1.7076944149477535,1.929890544732638,1.3900648604155523,1.779249697070607,0.5823447118666577,0.5599774747137244
-1.1053125,9.59,2.7042968750000003,0.2809107328738971,0.1630663208636289,0.24929802569461787,0.3531755190720616,0.38787232446748615,0.3026574212888738
-1.18234375,9.526796874999999,2.898125,0.31885901169002184,0.16114790175560564,0.37750569118226546,-0.338403934441145,-0.16762209339240383,0.12501971439314824
-1.2418749999999998,9.5259375,2.864921875,0.22457164085208978,0.10829962416255173,0.16159360722653715,-0.043892057270532664,0.0046591345898260896,0.16687168733909677
-1.1928125,9.493203125,2.9477343749999996,0.22218002800375644,0.1131090015880006,0.16644825980874464,-0.6360916040184723,0.3695198453694256,-0.8945969565789124
-1.2755468749999999,9.4796875,2.988125,0.2659910965196662,0.13453007040713966,0.25389697098429503,-0.2998818726723521,0.12012104305385335,-0.47115261012502035
-1.291484375,9.482734375,2.926953125,0.39384738843981104,0.16585816061731581,0.1786256499015031,-0.672705182203431,-0.486131827999573,-0.0686171152353267
-1.42265625,9.4184375,3.0043750000000005,0.29775326502985233,0.16063563923908664,0.23604405706350662,0.04152569766853519,0.27457851458789123,-0.20975372843173443
-1.205546875,9.429140624999999,3.1117968750000005,0.23631549553030665,0.1711314705850719,0.2655608263472502,0.2706209674586615,-0.71169982485326,0.8087467914375829
-1.265390625,9.409609374999999,3.1750781249999998,0.23241565117717303,0.11611149237741007,0.20834540166868182,-0.12708294531918451,0.2573785792934982,-0.4979221864581659
-1.112734375,9.439296875,3.110234375,0.26183461754198845,0.11750786937577562,0.23716906168039573,-0.21014037939111704,-0.6190484770695933,-0.20338550130674798
-1.13953125,9.50953125,2.8822656249999996,0.31001728624939207,0.14435665129614736,0.2968775390516422,0.45135488707618726,0.4515925414184538,-0.2609456625424708
-1.3053906249999998,9.468828124999998,2.9409375,0.594087933232202,0.35083075757262844,0.44437181345552285,-1.564928690898565,-0.22231583689849493,-0.8649863159191372
-1.9274999999999998,9.691796875,1.3875781249999999,0.4978971404818469,0.5720336987365643,0.6342462875504156,0.16257401334945068,2.689522017664613,2.2737345942873195
-1.907890625,9.734765625,1.183515625,0.3032651798131618,0.22467672903164537,0.44277990766390857,-0.4962205531640547,-6.325164115894732,3.7462239204856047
-1.865390625,9.6375,1.88671875,0.4765843680945792,0.23190111038975214,0.4640954060303092,-0.20492047319304468,-0.8083839452409791,-0.3081230340980317
-1.73875,9.7425,1.3567968750000001,0.4045464281142524,0.12669476113873077,0.40166632139156794,0.2846610954343205,-0.30294799203834016,0.7552803985384847
-1.8775781249999999,9.562265624999998,2.093828125,0.711466076683551,0.4388411850468907,0.886314455601952,-0.1203998352033652,0.4019517852707025,0.3806766837335358
-1.3601562499999997,9.500859375000001,2.8816406249999997,0.19222782859393042,0.09957744586305343,0.18663038900353118,0.4944806351369696,0.04056477658597088,0.3603121210351532
-1.381953125,9.4571875,2.996328125,0.1709260558040651,0.10354601558606666,0.1810812623768245,-0.2611499078894656,-0.5644100312909581,0.5619884156675793
-1.2696874999999999,9.529765625,2.7996875,0.5232619108474741,0.3113967145272399,0.5935472515678512,-1.497235067463491,-0.28678742004199853,-0.7318000213420685
-1.490390625,9.72328125,1.769921875,0.3481006552164322,0.15894235086482617,0.6177004938855758,-0.19997242591607595,0.4627028588652447,-0.4829406355913365
-1.3165624999999999,9.590234375000001,2.5859375,0.14876280144495127,0.08526122400223546,0.1825275557107748,0.05927099709873483,0.33975869245663165,-0.7967173026621754
-1.3230468749999997,9.608203125,2.5455468750000003,0.13746907944237632,0.07892276281425005,0.19792994575792308,-0.1877419984472582,-0.19541621433521397,0.1272056949073095
-1.39375,9.593593749999998,2.5260937500000002,0.23655073451587505,0.13850617300661175,0.31884124766243394,0.09933343125014651,-0.6762602907332663,0.35902902432757133
-1.305703125,9.50359375,2.8984375,0.1633137490085705,0.13399355380367176,0.16293901034973174,0.10343791867431237,-2.996012936254518,-0.08481648072489698
-1.2761718750000002,9.546015624999999,2.77140625,0.22990528312543054,0.1317866400886651,0.27531724421281256,-0.5821000640942197,-0.7940736989470127,-0.22341453393131133
-1.3328125,9.571796875,2.62890625,0.14476779629375452,0.08625392739020268,0.22910571514245887,0.6980084658466613,0.32214913371395426,-0.9913907013623596
-1.226796875,9.583046875,2.6409374999999997,0.21275695344743584,0.11744386021727296,0.2532243246486206,0.5293294389921596,0.1672908025668911,-0.8666205983885457
-1.2599218749999999,9.610703125,2.42828125,0.40369097109854263,0.18078899818637856,0.6648227082451663,-1.3863820358557952,1.2552802325100247,-1.2281331976720655
-1.3004687499999998,9.641796875,2.378984375,0.30332753382018834,0.13993544043677567,0.19297765351423307,0.06881694359269723,0.10128324972731845,-0.8262462166007091
-1.2892968749999998,9.606874999999999,2.4463281250000004,0.24511854145542392,0.14049994439500668,0.21920620676428026,-0.4623156962344522,-0.047119505618074806,-0.6992904943835568
-1.1803906249999998,9.569609374999999,2.683046875,0.24896787676748453,0.12461441996057021,0.19505431372500934,0.035142845558745986,0.0587512871494917,0.20358552977594052
-1.2990625,9.557890624999999,2.64171875,0.38399918111078046,0.15925928320543628,0.4409756749509405,-2.2673903755163876,-0.10831915427625799,-1.6698439812427686
-1.695234375,9.65109375,2.0286718749999997,0.4618863578504559,0.169268806077604,0.3787198236612184,-0.9285981680509812,-0.12390128239828499,-0.5991425549860182
-1.588046875,9.628203125,2.199375,0.3395494684913148,0.1490303743880233,0.23460988230464636,-0.3017514820816891,-0.10494640156228127,-0.14986183590205457
-1.3839062500000001,9.597109375,2.448671875,0.4035201249144056,0.25518116219092146,0.5288273747963359,0.04479073292141928,0.29625641331005936,-0.02709400807499553
-1.78265625,9.59515625,1.8964843749999996,0.8235873173719575,0.5440587979124476,1.010152827116204,-0.13918660383603226,-1.4586090710856985,1.5744488246539434
-1.1311718750000002,9.585625,2.567109375,0.5353643926887409,0.30952016796163706,0.8364687235857114,-1.0128513419606355,-0.07246310845703154,-0.005902730574455553
-1.338828125,9.807109375,1.3030468750000002,0.5954628203834261,0.23680210733249274,0.677393394050115,-0.890144207912932,-1.954480998046311,2.1234795291894746
-1.1184375,9.63546875,2.1763281250000004,0.5130917886633444,0.4939253792562572,1.2048916387310455,-0.7444536362636268,0.8718298634414359,-0.597059867880416
-1.396328125,9.832578125000001,0.9078125,0.6965471438344891,0.41170993675339485,0.9918834179699498,-0.7459342020479358,-1.2570202105339074,1.7024097020375828
-1.3478571428571429,9.880892857142857,0.7457142857142857,0.19086002991828374,0.141121487501705,0.2694760600475959,-0.025361841148751684,-1.7717932602392843,0.6802420220786262
