41,42
42,41
46,397
397,46
70,126
126,70
74,101
101,74
74,199
199,74
76,87
87,76
83,106
106,83
84,140
140,84
87,96
96,87
92,203
203,92
98,115
115,98
98,175
175,98
99,130
130,99
100,119
119,100
100,175
175,100
100,204
204,100
101,199
199,101
103,143
143,103
104,109
109,104
104,162
162,104
107,187
187,107
115,138
138,115
125,193
193,125
132,187
187,132
137,196
196,137
141,208
208,141
142,194
194,142
143,192
192,143
144,158
158,144
148,193
193,148
150,157
157,150
150,195
195,150
151,158
158,151
151,196
196,151
153,203
203,153
154,168
168,154
154,204
204,154
157,195
195,157
158,196
196,158
163,177
177,163
164,190
190,164
165,179
179,165
165,184
184,165
168,187
187,168
168,204
204,168
345,696
696,345
409,547
547,409
409,589
589,409
421,457
457,421
428,438
438,428
431,594
594,431
435,451
451,435
436,453
453,436
436,1218
1218,436
436,1659
1659,436
439,1207
1207,439
439,1766
1766,439
443,532
532,443
444,498
498,444
447,550
550,447
447,601
601,447
448,551
551,448
449,515
515,449
449,543
543,449
453,1667
1667,453
459,532
532,459
459,1654
1654,459
463,570
570,463
468,591
591,468
470,529
529,470
482,572
572,482
522,559
559,522
528,545
545,528
530,1659
1659,530
536,569
569,536
536,571
571,536
537,539
539,537
537,541
541,537
539,541
541,539
543,585
585,543
547,589
589,547
548,587
587,548
549,1658
1658,549
549,1666
1666,549
556,562
562,556
559,565
565,559
567,591
591,567
569,571
571,569
569,593
593,569
670,743
743,670
776,792
792,776
864,881
881,864
871,879
879,871
920,942
942,920
954,1056
1056,954
960,1037
1037,960
984,990
990,984
1007,1078
1078,1007
1014,1106
1106,1014
1030,1649
1649,1030
1033,1665
1665,1033
1034,1685
1685,1034
1044,1085
1085,1044
1046,1062
1062,1046
1104,1109
1109,1104
1115,1153
1153,1115
1115,1154
1154,1115
1117,1130
1130,1117
1117,1159
1159,1117
1120,1222
1222,1120
1120,1226
1226,1120
1120,1227
1227,1120
1123,1229
1229,1123
1125,1126
1126,1125
1126,1320
1320,1126
1130,1159
1159,1130
1132,1136
1136,1132
1133,1134
1134,1133
1133,1135
1135,1133
1133,1136
1136,1133
1134,1135
1135,1134
1134,1136
1136,1134
1135,1136
1136,1135
1138,1140
1140,1138
1142,1143
1143,1142
1143,1193
1193,1143
1144,1145
1145,1144
1144,1155
1155,1144
1144,1183
1183,1144
1144,1193
1193,1144
1145,1148
1148,1145
1145,1155
1155,1145
1145,1228
1228,1145
1145,1229
1229,1145
1145,1233
1233,1145
1146,1147
1147,1146
1146,1156
1156,1146
1146,1158
1158,1146
1147,1156
1156,1147
1147,1158
1158,1147
1148,1149
1149,1148
1148,1155
1155,1148
1148,1223
1223,1148
1148,1228
1228,1148
1148,1230
1230,1148
1148,1233
1233,1148
1149,1155
1155,1149
1149,1223
1223,1149
1149,1233
1233,1149
1153,1154
1154,1153
1155,1228
1228,1155
1155,1233
1233,1155
1156,1158
1158,1156
1156,1222
1222,1156
1156,1226
1226,1156
1156,1227
1227,1156
1158,1222
1222,1158
1158,1227
1227,1158
1160,1161
1161,1160
1162,1163
1163,1162
1164,1165
1165,1164
1164,1221
1221,1164
1165,1166
1166,1165
1166,1167
1167,1166
1166,1168
1168,1166
1167,1168
1168,1167
1169,1170
1170,1169
1169,1171
1171,1169
1170,1171
1171,1170
1170,1174
1174,1170
1171,1172
1172,1171
1171,1173
1173,1171
1171,1174
1174,1171
1171,1175
1175,1171
1171,1177
1177,1171
1171,1179
1179,1171
1172,1173
1173,1172
1172,1174
1174,1172
1172,1175
1175,1172
1172,1177
1177,1172
1172,1178
1178,1172
1172,1179
1179,1172
1172,1180
1180,1172
1172,1186
1186,1172
1172,1188
1188,1172
1172,1189
1189,1172
1172,1190
1190,1172
1172,1191
1191,1172
1172,1192
1192,1172
1173,1174
1174,1173
1173,1175
1175,1173
1173,1176
1176,1173
1173,1177
1177,1173
1173,1178
1178,1173
1173,1179
1179,1173
1173,1186
1186,1173
1174,1175
1175,1174
1174,1176
1176,1174
1174,1177
1177,1174
1174,1178
1178,1174
1174,1179
1179,1174
1174,1186
1186,1174
1175,1176
1176,1175
1175,1177
1177,1175
1175,1178
1178,1175
1175,1179
1179,1175
1175,1185
1185,1175
1175,1186
1186,1175
1176,1177
1177,1176
1176,1185
1185,1176
1177,1178
1178,1177
1177,1179
1179,1177
1177,1180
1180,1177
1177,1184
1184,1177
1177,1185
1185,1177
1177,1186
1186,1177
1177,1187
1187,1177
1177,1188
1188,1177
1177,1189
1189,1177
1177,1190
1190,1177
1177,1191
1191,1177
1177,1192
1192,1177
1178,1179
1179,1178
1178,1180
1180,1178
1178,1184
1184,1178
1178,1186
1186,1178
1178,1187
1187,1178
1178,1188
1188,1178
1178,1189
1189,1178
1178,1190
1190,1178
1178,1191
1191,1178
1178,1192
1192,1178
1179,1180
1180,1179
1179,1186
1186,1179
1179,1188
1188,1179
1179,1189
1189,1179
1179,1190
1190,1179
1179,1191
1191,1179
1180,1181
1181,1180
1180,1182
1182,1180
1180,1184
1184,1180
1180,1185
1185,1180
1180,1186
1186,1180
1180,1187
1187,1180
1180,1188
1188,1180
1180,1189
1189,1180
1180,1190
1190,1180
1180,1191
1191,1180
1180,1192
1192,1180
1181,1182
1182,1181
1181,1183
1183,1181
1181,1184
1184,1181
1181,1187
1187,1181
1181,1189
1189,1181
1181,1190
1190,1181
1181,1191
1191,1181
1181,1192
1192,1181
1182,1183
1183,1182
1182,1184
1184,1182
1182,1187
1187,1182
1182,1189
1189,1182
1182,1190
1190,1182
1182,1191
1191,1182
1182,1192
1192,1182
1183,1184
1184,1183
1183,1187
1187,1183
1183,1188
1188,1183
1183,1189
1189,1183
1183,1190
1190,1183
1183,1191
1191,1183
1183,1192
1192,1183
1183,1193
1193,1183
1184,1186
1186,1184
1184,1187
1187,1184
1184,1188
1188,1184
1184,1189
1189,1184
1184,1190
1190,1184
1184,1191
1191,1184
1184,1192
1192,1184
1185,1186
1186,1185
1186,1187
1187,1186
1186,1188
1188,1186
1186,1189
1189,1186
1186,1190
1190,1186
1186,1191
1191,1186
1186,1192
1192,1186
1187,1188
1188,1187
1187,1189
1189,1187
1187,1190
1190,1187
1187,1191
1191,1187
1187,1192
1192,1187
1188,1189
1189,1188
1188,1190
1190,1188
1188,1191
1191,1188
1188,1192
1192,1188
1189,1190
1190,1189
1189,1191
1191,1189
1189,1192
1192,1189
1190,1191
1191,1190
1190,1192
1192,1190
1191,1192
1192,1191
1195,1261
1261,1195
1195,1262
1262,1195
1195,1263
1263,1195
1195,1264
1264,1195
1195,1268
1268,1195
1195,1269
1269,1195
1195,1278
1278,1195
1195,1284
1284,1195
1195,1285
1285,1195
1195,1286
1286,1195
1195,1289
1289,1195
1195,1290
1290,1195
1195,1291
1291,1195
1195,1297
1297,1195
1195,1304
1304,1195
1195,1306
1306,1195
1195,1308
1308,1195
1195,1309
1309,1195
1195,1310
1310,1195
1196,1198
1198,1196
1196,1199
1199,1196
1196,1200
1200,1196
1196,1201
1201,1196
1196,1410
1410,1196
1196,1413
1413,1196
1197,1198
1198,1197
1197,1199
1199,1197
1197,1201
1201,1197
1198,1199
1199,1198
1198,1200
1200,1198
1198,1201
1201,1198
1199,1200
1200,1199
1199,1201
1201,1199
1199,1413
1413,1199
1200,1201
1201,1200
1200,1413
1413,1200
1207,1663
1663,1207
1207,1668
1668,1207
1209,1757
1757,1209
1215,1217
1217,1215
1219,1749
1749,1219
1219,1750
1750,1219
1222,1226
1226,1222
1222,1227
1227,1222
1223,1224
1224,1223
1223,1232
1232,1223
1223,1233
1233,1223
1224,1232
1232,1224
1226,1227
1227,1226
1228,1229
1229,1228
1228,1230
1230,1228
1230,1232
1232,1230
1236,1237
1237,1236
1236,1238
1238,1236
1236,1244
1244,1236
1236,1245
1245,1236
1236,1246
1246,1236
1236,1248
1248,1236
1236,1249
1249,1236
1236,1250
1250,1236
1236,1252
1252,1236
1236,1255
1255,1236
1236,1257
1257,1236
1236,1258
1258,1236
1236,1259
1259,1236
1236,1260
1260,1236
1236,1261
1261,1236
1236,1262
1262,1236
1236,1263
1263,1236
1236,1264
1264,1236
1236,1265
1265,1236
1236,1266
1266,1236
1236,1267
1267,1236
1236,1268
1268,1236
1236,1269
1269,1236
1236,1270
1270,1236
1236,1273
1273,1236
1236,1274
1274,1236
1236,1275
1275,1236
1236,1277
1277,1236
1236,1278
1278,1236
1236,1279
1279,1236
1236,1280
1280,1236
1236,1281
1281,1236
1236,1282
1282,1236
1236,1283
1283,1236
1236,1284
1284,1236
1236,1285
1285,1236
1236,1286
1286,1236
1236,1287
1287,1236
1236,1288
1288,1236
1236,1289
1289,1236
1236,1290
1290,1236
1236,1291
1291,1236
1236,1292
1292,1236
1236,1293
1293,1236
1236,1294
1294,1236
1236,1295
1295,1236
1236,1296
1296,1236
1236,1297
1297,1236
1236,1298
1298,1236
1236,1299
1299,1236
1236,1300
1300,1236
1236,1301
1301,1236
1236,1302
1302,1236
1236,1303
1303,1236
1236,1304
1304,1236
1236,1305
1305,1236
1236,1306
1306,1236
1236,1307
1307,1236
1236,1309
1309,1236
1236,1310
1310,1236
1236,1421
1421,1236
1237,1238
1238,1237
1237,1244
1244,1237
1237,1245
1245,1237
1237,1246
1246,1237
1237,1248
1248,1237
1237,1249
1249,1237
1237,1250
1250,1237
1237,1252
1252,1237
1237,1255
1255,1237
1237,1257
1257,1237
1237,1258
1258,1237
1237,1259
1259,1237
1237,1260
1260,1237
1237,1263
1263,1237
1237,1264
1264,1237
1237,1265
1265,1237
1237,1266
1266,1237
1237,1267
1267,1237
1237,1268
1268,1237
1237,1269
1269,1237
1237,1270
1270,1237
1237,1273
1273,1237
1237,1274
1274,1237
1237,1275
1275,1237
1237,1277
1277,1237
1237,1279
1279,1237
1237,1280
1280,1237
1237,1281
1281,1237
1237,1282
1282,1237
1237,1283
1283,1237
1237,1284
1284,1237
1237,1286
1286,1237
1237,1287
1287,1237
1237,1288
1288,1237
1237,1289
1289,1237
1237,1290
1290,1237
1237,1291
1291,1237
1237,1292
1292,1237
1237,1293
1293,1237
1237,1294
1294,1237
1237,1295
1295,1237
1237,1296
1296,1237
1237,1297
1297,1237
1237,1298
1298,1237
1237,1299
1299,1237
1237,1300
1300,1237
1237,1301
1301,1237
1237,1302
1302,1237
1237,1303
1303,1237
1237,1304
1304,1237
1237,1305
1305,1237
1237,1306
1306,1237
1237,1307
1307,1237
1237,1415
1415,1237
1237,1421
1421,1237
1237,1426
1426,1237
1238,1239
1239,1238
1238,1240
1240,1238
1238,1241
1241,1238
1238,1242
1242,1238
1238,1243
1243,1238
1238,1244
1244,1238
1238,1245
1245,1238
1238,1248
1248,1238
1238,1249
1249,1238
1238,1250
1250,1238
1238,1251
1251,1238
1238,1252
1252,1238
1238,1253
1253,1238
1238,1254
1254,1238
1238,1255
1255,1238
1238,1256
1256,1238
1238,1257
1257,1238
1238,1258
1258,1238
1238,1259
1259,1238
1238,1260
1260,1238
1238,1275
1275,1238
1238,1276
1276,1238
1238,1279
1279,1238
1238,1280
1280,1238
1238,1294
1294,1238
1238,1295
1295,1238
1238,1296
1296,1238
1238,1302
1302,1238
1238,1415
1415,1238
1238,1421
1421,1238
1238,1422
1422,1238
1238,1424
1424,1238
1238,1426
1426,1238
1238,1430
1430,1238
1239,1240
1240,1239
1239,1241
1241,1239
1239,1242
1242,1239
1239,1243
1243,1239
1239,1244
1244,1239
1239,1251
1251,1239
1239,1253
1253,1239
1239,1256
1256,1239
1239,1311
1311,1239
1239,1422
1422,1239
1239,1424
1424,1239
1239,1430
1430,1239
1240,1241
1241,1240
1240,1242
1242,1240
1240,1243
1243,1240
1240,1244
1244,1240
1240,1251
1251,1240
1240,1253
1253,1240
1240,1254
1254,1240
1240,1256
1256,1240
1240,1276
1276,1240
1240,1422
1422,1240
1240,1423
1423,1240
1240,1424
1424,1240
1240,1430
1430,1240
1241,1242
1242,1241
1241,1243
1243,1241
1241,1244
1244,1241
1241,1251
1251,1241
1241,1311
1311,1241
1241,1426
1426,1241
1241,1430
1430,1241
1242,1243
1243,1242
1242,1244
1244,1242
1242,1251
1251,1242
1242,1253
1253,1242
1242,1254
1254,1242
1242,1256
1256,1242
1242,1311
1311,1242
1242,1422
1422,1242
1242,1424
1424,1242
1242,1426
1426,1242
1242,1430
1430,1242
1243,1244
1244,1243
1243,1251
1251,1243
1243,1253
1253,1243
1243,1254
1254,1243
1243,1255
1255,1243
1243,1256
1256,1243
1243,1276
1276,1243
1243,1311
1311,1243
1243,1415
1415,1243
1243,1422
1422,1243
1243,1424
1424,1243
1243,1426
1426,1243
1243,1430
1430,1243
1244,1245
1245,1244
1244,1246
1246,1244
1244,1248
1248,1244
1244,1249
1249,1244
1244,1250
1250,1244
1244,1251
1251,1244
1244,1252
1252,1244
1244,1253
1253,1244
1244,1254
1254,1244
1244,1255
1255,1244
1244,1256
1256,1244
1244,1257
1257,1244
1244,1258
1258,1244
1244,1259
1259,1244
1244,1260
1260,1244
1244,1274
1274,1244
1244,1275
1275,1244
1244,1276
1276,1244
1244,1279
1279,1244
1244,1280
1280,1244
1244,1281
1281,1244
1244,1282
1282,1244
1244,1293
1293,1244
1244,1294
1294,1244
1244,1295
1295,1244
1244,1296
1296,1244
1244,1300
1300,1244
1244,1301
1301,1244
1244,1302
1302,1244
1244,1415
1415,1244
1244,1421
1421,1244
1244,1422
1422,1244
1244,1424
1424,1244
1244,1426
1426,1244
1244,1430
1430,1244
1245,1246
1246,1245
1245,1248
1248,1245
1245,1249
1249,1245
1245,1250
1250,1245
1245,1251
1251,1245
1245,1252
1252,1245
1245,1253
1253,1245
1245,1254
1254,1245
1245,1255
1255,1245
1245,1257
1257,1245
1245,1258
1258,1245
1245,1259
1259,1245
1245,1260
1260,1245
1245,1265
1265,1245
1245,1266
1266,1245
1245,1267
1267,1245
1245,1269
1269,1245
1245,1270
1270,1245
1245,1271
1271,1245
1245,1272
1272,1245
1245,1273
1273,1245
1245,1274
1274,1245
1245,1275
1275,1245
1245,1276
1276,1245
1245,1277
1277,1245
1245,1278
1278,1245
1245,1279
1279,1245
1245,1280
1280,1245
1245,1281
1281,1245
1245,1282
1282,1245
1245,1283
1283,1245
1245,1284
1284,1245
1245,1288
1288,1245
1245,1292
1292,1245
1245,1293
1293,1245
1245,1294
1294,1245
1245,1295
1295,1245
1245,1296
1296,1245
1245,1297
1297,1245
1245,1298
1298,1245
1245,1299
1299,1245
1245,1300
1300,1245
1245,1301
1301,1245
1245,1302
1302,1245
1245,1415
1415,1245
1245,1422
1422,1245
1246,1248
1248,1246
1246,1249
1249,1246
1246,1250
1250,1246
1246,1251
1251,1246
1246,1252
1252,1246
1246,1253
1253,1246
1246,1254
1254,1246
1246,1255
1255,1246
1246,1257
1257,1246
1246,1258
1258,1246
1246,1259
1259,1246
1246,1260
1260,1246
1246,1265
1265,1246
1246,1266
1266,1246
1246,1267
1267,1246
1246,1268
1268,1246
1246,1269
1269,1246
1246,1270
1270,1246
1246,1271
1271,1246
1246,1272
1272,1246
1246,1273
1273,1246
1246,1274
1274,1246
1246,1275
1275,1246
1246,1276
1276,1246
1246,1277
1277,1246
1246,1278
1278,1246
1246,1279
1279,1246
1246,1280
1280,1246
1246,1281
1281,1246
1246,1282
1282,1246
1246,1283
1283,1246
1246,1284
1284,1246
1246,1286
1286,1246
1246,1288
1288,1246
1246,1292
1292,1246
1246,1293
1293,1246
1246,1294
1294,1246
1246,1295
1295,1246
1246,1296
1296,1246
1246,1297
1297,1246
1246,1298
1298,1246
1246,1299
1299,1246
1246,1300
1300,1246
1246,1301
1301,1246
1246,1302
1302,1246
1246,1303
1303,1246
1246,1415
1415,1246
1246,1422
1422,1246
1247,1253
1253,1247
1247,1254
1254,1247
1247,1256
1256,1247
1247,1258
1258,1247
1247,1259
1259,1247
1247,1271
1271,1247
1247,1275
1275,1247
1247,1276
1276,1247
1247,1414
1414,1247
1247,1415
1415,1247
1247,1423
1423,1247
1247,1424
1424,1247
1247,1435
1435,1247
1248,1249
1249,1248
1248,1250
1250,1248
1248,1251
1251,1248
1248,1252
1252,1248
1248,1253
1253,1248
1248,1254
1254,1248
1248,1255
1255,1248
1248,1256
1256,1248
1248,1257
1257,1248
1248,1258
1258,1248
1248,1259
1259,1248
1248,1260
1260,1248
1248,1265
1265,1248
1248,1266
1266,1248
1248,1267
1267,1248
1248,1269
1269,1248
1248,1270
1270,1248
1248,1271
1271,1248
1248,1272
1272,1248
1248,1273
1273,1248
1248,1274
1274,1248
1248,1275
1275,1248
1248,1276
1276,1248
1248,1277
1277,1248
1248,1279
1279,1248
1248,1280
1280,1248
1248,1281
1281,1248
1248,1282
1282,1248
1248,1283
1283,1248
1248,1284
1284,1248
1248,1288
1288,1248
1248,1292
1292,1248
1248,1293
1293,1248
1248,1294
1294,1248
1248,1295
1295,1248
1248,1296
1296,1248
1248,1297
1297,1248
1248,1298
1298,1248
1248,1299
1299,1248
1248,1300
1300,1248
1248,1301
1301,1248
1248,1302
1302,1248
1248,1415
1415,1248
1248,1422
1422,1248
1249,1250
1250,1249
1249,1251
1251,1249
1249,1252
1252,1249
1249,1253
1253,1249
1249,1254
1254,1249
1249,1255
1255,1249
1249,1256
1256,1249
1249,1257
1257,1249
1249,1258
1258,1249
1249,1259
1259,1249
1249,1260
1260,1249
1249,1264
1264,1249
1249,1265
1265,1249
1249,1266
1266,1249
1249,1267
1267,1249
1249,1270
1270,1249
1249,1272
1272,1249
1249,1273
1273,1249
1249,1274
1274,1249
1249,1275
1275,1249
1249,1276
1276,1249
1249,1277
1277,1249
1249,1279
1279,1249
1249,1280
1280,1249
1249,1281
1281,1249
1249,1282
1282,1249
1249,1283
1283,1249
1249,1284
1284,1249
1249,1292
1292,1249
1249,1293
1293,1249
1249,1294
1294,1249
1249,1295
1295,1249
1249,1296
1296,1249
1249,1297
1297,1249
1249,1298
1298,1249
1249,1299
1299,1249
1249,1300
1300,1249
1249,1301
1301,1249
1249,1302
1302,1249
1249,1415
1415,1249
1249,1422
1422,1249
1250,1251
1251,1250
1250,1252
1252,1250
1250,1253
1253,1250
1250,1254
1254,1250
1250,1255
1255,1250
1250,1257
1257,1250
1250,1258
1258,1250
1250,1259
1259,1250
1250,1260
1260,1250
1250,1264
1264,1250
1250,1265
1265,1250
1250,1266
1266,1250
1250,1267
1267,1250
1250,1268
1268,1250
1250,1269
1269,1250
1250,1270
1270,1250
1250,1272
1272,1250
1250,1273
1273,1250
1250,1274
1274,1250
1250,1275
1275,1250
1250,1276
1276,1250
1250,1277
1277,1250
1250,1278
1278,1250
1250,1279
1279,1250
1250,1280
1280,1250
1250,1281
1281,1250
1250,1282
1282,1250
1250,1283
1283,1250
1250,1284
1284,1250
1250,1286
1286,1250
1250,1287
1287,1250
1250,1288
1288,1250
1250,1290
1290,1250
1250,1292
1292,1250
1250,1293
1293,1250
1250,1294
1294,1250
1250,1295
1295,1250
1250,1296
1296,1250
1250,1297
1297,1250
1250,1298
1298,1250
1250,1299
1299,1250
1250,1300
1300,1250
1250,1301
1301,1250
1250,1302
1302,1250
1250,1303
1303,1250
1250,1415
1415,1250
1250,1422
1422,1250
1251,1252
1252,1251
1251,1253
1253,1251
1251,1254
1254,1251
1251,1255
1255,1251
1251,1256
1256,1251
1251,1257
1257,1251
1251,1258
1258,1251
1251,1259
1259,1251
1251,1260
1260,1251
1251,1271
1271,1251
1251,1275
1275,1251
1251,1276
1276,1251
1251,1280
1280,1251
1251,1294
1294,1251
1251,1295
1295,1251
1251,1415
1415,1251
1251,1422
1422,1251
1251,1423
1423,1251
1251,1424
1424,1251
1251,1430
1430,1251
1252,1253
1253,1252
1252,1254
1254,1252
1252,1255
1255,1252
1252,1256
1256,1252
1252,1257
1257,1252
1252,1258
1258,1252
1252,1259
1259,1252
1252,1260
1260,1252
1252,1265
1265,1252
1252,1266
1266,1252
1252,1267
1267,1252
1252,1270
1270,1252
1252,1271
1271,1252
1252,1272
1272,1252
1252,1273
1273,1252
1252,1274
1274,1252
1252,1275
1275,1252
1252,1276
1276,1252
1252,1277
1277,1252
1252,1279
1279,1252
1252,1280
1280,1252
1252,1281
1281,1252
1252,1282
1282,1252
1252,1293
1293,1252
1252,1294
1294,1252
1252,1295
1295,1252
1252,1296
1296,1252
1252,1298
1298,1252
1252,1300
1300,1252
1252,1301
1301,1252
1252,1302
1302,1252
1252,1415
1415,1252
1252,1422
1422,1252
1252,1424
1424,1252
1253,1254
1254,1253
1253,1255
1255,1253
1253,1256
1256,1253
1253,1257
1257,1253
1253,1258
1258,1253
1253,1259
1259,1253
1253,1260
1260,1253
1253,1271
1271,1253
1253,1274
1274,1253
1253,1275
1275,1253
1253,1276
1276,1253
1253,1280
1280,1253
1253,1294
1294,1253
1253,1295
1295,1253
1253,1415
1415,1253
1253,1422
1422,1253
1253,1423
1423,1253
1253,1424
1424,1253
1253,1430
1430,1253
1253,1435
1435,1253
1254,1255
1255,1254
1254,1256
1256,1254
1254,1257
1257,1254
1254,1258
1258,1254
1254,1259
1259,1254
1254,1260
1260,1254
1254,1271
1271,1254
1254,1275
1275,1254
1254,1276
1276,1254
1254,1294
1294,1254
1254,1295
1295,1254
1254,1415
1415,1254
1254,1422
1422,1254
1254,1423
1423,1254
1254,1424
1424,1254
1254,1430
1430,1254
1254,1435
1435,1254
1255,1256
1256,1255
1255,1257
1257,1255
1255,1258
1258,1255
1255,1259
1259,1255
1255,1260
1260,1255
1255,1271
1271,1255
1255,1273
1273,1255
1255,1274
1274,1255
1255,1275
1275,1255
1255,1276
1276,1255
1255,1279
1279,1255
1255,1280
1280,1255
1255,1281
1281,1255
1255,1294
1294,1255
1255,1295
1295,1255
1255,1296
1296,1255
1255,1300
1300,1255
1255,1302
1302,1255
1255,1415
1415,1255
1255,1422
1422,1255
1255,1424
1424,1255
1255,1430
1430,1255
1256,1257
1257,1256
1256,1258
1258,1256
1256,1259
1259,1256
1256,1271
1271,1256
1256,1275
1275,1256
1256,1276
1276,1256
1256,1295
1295,1256
1256,1414
1414,1256
1256,1415
1415,1256
1256,1422
1422,1256
1256,1423
1423,1256
1256,1424
1424,1256
1256,1430
1430,1256
1256,1435
1435,1256
1257,1258
1258,1257
1257,1259
1259,1257
1257,1260
1260,1257
1257,1264
1264,1257
1257,1265
1265,1257
1257,1266
1266,1257
1257,1267
1267,1257
1257,1268
1268,1257
1257,1269
1269,1257
1257,1270
1270,1257
1257,1271
1271,1257
1257,1272
1272,1257
1257,1273
1273,1257
1257,1274
1274,1257
1257,1275
1275,1257
1257,1276
1276,1257
1257,1277
1277,1257
1257,1278
1278,1257
1257,1279
1279,1257
1257,1280
1280,1257
1257,1281
1281,1257
1257,1282
1282,1257
1257,1283
1283,1257
1257,1284
1284,1257
1257,1286
1286,1257
1257,1287
1287,1257
1257,1288
1288,1257
1257,1292
1292,1257
1257,1293
1293,1257
1257,1294
1294,1257
1257,1295
1295,1257
1257,1296
1296,1257
1257,1297
1297,1257
1257,1298
1298,1257
1257,1299
1299,1257
1257,1300
1300,1257
1257,1301
1301,1257
1257,1302
1302,1257
1257,1303
1303,1257
1257,1415
1415,1257
1257,1422
1422,1257
1258,1259
1259,1258
1258,1260
1260,1258
1258,1271
1271,1258
1258,1273
1273,1258
1258,1274
1274,1258
1258,1275
1275,1258
1258,1276
1276,1258
1258,1280
1280,1258
1258,1294
1294,1258
1258,1295
1295,1258
1258,1296
1296,1258
1258,1300
1300,1258
1258,1302
1302,1258
1258,1415
1415,1258
1258,1422
1422,1258
1258,1423
1423,1258
1258,1424
1424,1258
1258,1430
1430,1258
1258,1435
1435,1258
1259,1260
1260,1259
1259,1265
1265,1259
1259,1266
1266,1259
1259,1267
1267,1259
1259,1270
1270,1259
1259,1271
1271,1259
1259,1272
1272,1259
1259,1273
1273,1259
1259,1274
1274,1259
1259,1275
1275,1259
1259,1276
1276,1259
1259,1277
1277,1259
1259,1279
1279,1259
1259,1280
1280,1259
1259,1281
1281,1259
1259,1282
1282,1259
1259,1293
1293,1259
1259,1294
1294,1259
1259,1295
1295,1259
1259,1296
1296,1259
1259,1297
1297,1259
1259,1298
1298,1259
1259,1300
1300,1259
1259,1301
1301,1259
1259,1302
1302,1259
1259,1415
1415,1259
1259,1422
1422,1259
1260,1264
1264,1260
1260,1265
1265,1260
1260,1266
1266,1260
1260,1267
1267,1260
1260,1268
1268,1260
1260,1269
1269,1260
1260,1270
1270,1260
1260,1272
1272,1260
1260,1273
1273,1260
1260,1274
1274,1260
1260,1275
1275,1260
1260,1276
1276,1260
1260,1277
1277,1260
1260,1278
1278,1260
1260,1279
1279,1260
1260,1280
1280,1260
1260,1281
1281,1260
1260,1282
1282,1260
1260,1283
1283,1260
1260,1284
1284,1260
1260,1286
1286,1260
1260,1287
1287,1260
1260,1288
1288,1260
1260,1290
1290,1260
1260,1292
1292,1260
1260,1293
1293,1260
1260,1294
1294,1260
1260,1295
1295,1260
1260,1296
1296,1260
1260,1297
1297,1260
1260,1298
1298,1260
1260,1299
1299,1260
1260,1300
1300,1260
1260,1301
1301,1260
1260,1302
1302,1260
1260,1303
1303,1260
1260,1304
1304,1260
1260,1415
1415,1260
1260,1422
1422,1260
1261,1262
1262,1261
1261,1263
1263,1261
1261,1264
1264,1261
1261,1265
1265,1261
1261,1266
1266,1261
1261,1267
1267,1261
1261,1268
1268,1261
1261,1269
1269,1261
1261,1270
1270,1261
1261,1277
1277,1261
1261,1278
1278,1261
1261,1279
1279,1261
1261,1281
1281,1261
1261,1282
1282,1261
1261,1283
1283,1261
1261,1284
1284,1261
1261,1285
1285,1261
1261,1286
1286,1261
1261,1287
1287,1261
1261,1288
1288,1261
1261,1289
1289,1261
1261,1290
1290,1261
1261,1291
1291,1261
1261,1292
1292,1261
1261,1293
1293,1261
1261,1296
1296,1261
1261,1297
1297,1261
1261,1298
1298,1261
1261,1299
1299,1261
1261,1300
1300,1261
1261,1301
1301,1261
1261,1303
1303,1261
1261,1304
1304,1261
1261,1305
1305,1261
1261,1306
1306,1261
1261,1307
1307,1261
1261,1308
1308,1261
1261,1309
1309,1261
1261,1310
1310,1261
1262,1263
1263,1262
1262,1264
1264,1262
1262,1265
1265,1262
1262,1266
1266,1262
1262,1268
1268,1262
1262,1269
1269,1262
1262,1270
1270,1262
1262,1277
1277,1262
1262,1278
1278,1262
1262,1281
1281,1262
1262,1282
1282,1262
1262,1283
1283,1262
1262,1284
1284,1262
1262,1285
1285,1262
1262,1286
1286,1262
1262,1287
1287,1262
1262,1288
1288,1262
1262,1289
1289,1262
1262,1290
1290,1262
1262,1291
1291,1262
1262,1292
1292,1262
1262,1293
1293,1262
1262,1297
1297,1262
1262,1298
1298,1262
1262,1299
1299,1262
1262,1300
1300,1262
1262,1301
1301,1262
1262,1303
1303,1262
1262,1304
1304,1262
1262,1305
1305,1262
1262,1306
1306,1262
1262,1307
1307,1262
1262,1308
1308,1262
1262,1309
1309,1262
1262,1310
1310,1262
1263,1264
1264,1263
1263,1265
1265,1263
1263,1266
1266,1263
1263,1267
1267,1263
1263,1268
1268,1263
1263,1269
1269,1263
1263,1270
1270,1263
1263,1277
1277,1263
1263,1278
1278,1263
1263,1279
1279,1263
1263,1281
1281,1263
1263,1282
1282,1263
1263,1283
1283,1263
1263,1284
1284,1263
1263,1285
1285,1263
1263,1286
1286,1263
1263,1287
1287,1263
1263,1288
1288,1263
1263,1289
1289,1263
1263,1290
1290,1263
1263,1291
1291,1263
1263,1292
1292,1263
1263,1293
1293,1263
1263,1296
1296,1263
1263,1297
1297,1263
1263,1298
1298,1263
1263,1299
1299,1263
1263,1300
1300,1263
1263,1301
1301,1263
1263,1302
1302,1263
1263,1303
1303,1263
1263,1304
1304,1263
1263,1305
1305,1263
1263,1306
1306,1263
1263,1307
1307,1263
1263,1308
1308,1263
1263,1309
1309,1263
1263,1310
1310,1263
1264,1265
1265,1264
1264,1266
1266,1264
1264,1267
1267,1264
1264,1268
1268,1264
1264,1269
1269,1264
1264,1270
1270,1264
1264,1274
1274,1264
1264,1277
1277,1264
1264,1278
1278,1264
1264,1279
1279,1264
1264,1281
1281,1264
1264,1282
1282,1264
1264,1283
1283,1264
1264,1284
1284,1264
1264,1285
1285,1264
1264,1286
1286,1264
1264,1287
1287,1264
1264,1288
1288,1264
1264,1289
1289,1264
1264,1290
1290,1264
1264,1291
1291,1264
1264,1292
1292,1264
1264,1293
1293,1264
1264,1294
1294,1264
1264,1296
1296,1264
1264,1297
1297,1264
1264,1298
1298,1264
1264,1299
1299,1264
1264,1300
1300,1264
1264,1301
1301,1264
1264,1302
1302,1264
1264,1303
1303,1264
1264,1304
1304,1264
1264,1305
1305,1264
1264,1306
1306,1264
1264,1307
1307,1264
1264,1308
1308,1264
1264,1309
1309,1264
1264,1310
1310,1264
1265,1266
1266,1265
1265,1267
1267,1265
1265,1268
1268,1265
1265,1269
1269,1265
1265,1270
1270,1265
1265,1272
1272,1265
1265,1273
1273,1265
1265,1274
1274,1265
1265,1275
1275,1265
1265,1277
1277,1265
1265,1278
1278,1265
1265,1279
1279,1265
1265,1280
1280,1265
1265,1281
1281,1265
1265,1282
1282,1265
1265,1283
1283,1265
1265,1284
1284,1265
1265,1285
1285,1265
1265,1286
1286,1265
1265,1287
1287,1265
1265,1288
1288,1265
1265,1289
1289,1265
1265,1290
1290,1265
1265,1291
1291,1265
1265,1292
1292,1265
1265,1293
1293,1265
1265,1294
1294,1265
1265,1295
1295,1265
1265,1296
1296,1265
1265,1297
1297,1265
1265,1298
1298,1265
1265,1299
1299,1265
1265,1300
1300,1265
1265,1301
1301,1265
1265,1302
1302,1265
1265,1303
1303,1265
1265,1304
1304,1265
1265,1305
1305,1265
1265,1306
1306,1265
1265,1307
1307,1265
1265,1309
1309,1265
1265,1310
1310,1265
1266,1267
1267,1266
1266,1268
1268,1266
1266,1269
1269,1266
1266,1270
1270,1266
1266,1272
1272,1266
1266,1273
1273,1266
1266,1274
1274,1266
1266,1275
1275,1266
1266,1277
1277,1266
1266,1278
1278,1266
1266,1279
1279,1266
1266,1280
1280,1266
1266,1281
1281,1266
1266,1282
1282,1266
1266,1283
1283,1266
1266,1284
1284,1266
1266,1285
1285,1266
1266,1286
1286,1266
1266,1287
1287,1266
1266,1288
1288,1266
1266,1289
1289,1266
1266,1290
1290,1266
1266,1291
1291,1266
1266,1292
1292,1266
1266,1293
1293,1266
1266,1294
1294,1266
1266,1295
1295,1266
1266,1296
1296,1266
1266,1297
1297,1266
1266,1298
1298,1266
1266,1299
1299,1266
1266,1300
1300,1266
1266,1301
1301,1266
1266,1302
1302,1266
1266,1303
1303,1266
1266,1304
1304,1266
1266,1305
1305,1266
1266,1306
1306,1266
1266,1307
1307,1266
1266,1309
1309,1266
1266,1310
1310,1266
1267,1268
1268,1267
1267,1269
1269,1267
1267,1270
1270,1267
1267,1272
1272,1267
1267,1273
1273,1267
1267,1274
1274,1267
1267,1275
1275,1267
1267,1277
1277,1267
1267,1278
1278,1267
1267,1279
1279,1267
1267,1281
1281,1267
1267,1282
1282,1267
1267,1283
1283,1267
1267,1284
1284,1267
1267,1286
1286,1267
1267,1288
1288,1267
1267,1289
1289,1267
1267,1290
1290,1267
1267,1291
1291,1267
1267,1292
1292,1267
1267,1293
1293,1267
1267,1294
1294,1267
1267,1295
1295,1267
1267,1296
1296,1267
1267,1297
1297,1267
1267,1298
1298,1267
1267,1299
1299,1267
1267,1300
1300,1267
1267,1301
1301,1267
1267,1302
1302,1267
1267,1303
1303,1267
1267,1304
1304,1267
1268,1269
1269,1268
1268,1270
1270,1268
1268,1272
1272,1268
1268,1273
1273,1268
1268,1274
1274,1268
1268,1277
1277,1268
1268,1278
1278,1268
1268,1279
1279,1268
1268,1281
1281,1268
1268,1282
1282,1268
1268,1283
1283,1268
1268,1284
1284,1268
1268,1285
1285,1268
1268,1286
1286,1268
1268,1287
1287,1268
1268,1288
1288,1268
1268,1289
1289,1268
1268,1290
1290,1268
1268,1291
1291,1268
1268,1292
1292,1268
1268,1293
1293,1268
1268,1294
1294,1268
1268,1296
1296,1268
1268,1297
1297,1268
1268,1298
1298,1268
1268,1299
1299,1268
1268,1300
1300,1268
1268,1301
1301,1268
1268,1302
1302,1268
1268,1303
1303,1268
1268,1304
1304,1268
1268,1305
1305,1268
1268,1306
1306,1268
1268,1307
1307,1268
1268,1308
1308,1268
1268,1309
1309,1268
1268,1310
1310,1268
1269,1270
1270,1269
1269,1272
1272,1269
1269,1273
1273,1269
1269,1274
1274,1269
1269,1277
1277,1269
1269,1278
1278,1269
1269,1279
1279,1269
1269,1280
1280,1269
1269,1281
1281,1269
1269,1282
1282,1269
1269,1283
1283,1269
1269,1284
1284,1269
1269,1285
1285,1269
1269,1286
1286,1269
1269,1287
1287,1269
1269,1288
1288,1269
1269,1289
1289,1269
1269,1290
1290,1269
1269,1291
1291,1269
1269,1292
1292,1269
1269,1293
1293,1269
1269,1294
1294,1269
1269,1295
1295,1269
1269,1296
1296,1269
1269,1297
1297,1269
1269,1298
1298,1269
1269,1299
1299,1269
1269,1300
1300,1269
1269,1301
1301,1269
1269,1302
1302,1269
1269,1303
1303,1269
1269,1304
1304,1269
1269,1305
1305,1269
1269,1306
1306,1269
1269,1307
1307,1269
1269,1308
1308,1269
1269,1309
1309,1269
1269,1310
1310,1269
1270,1272
1272,1270
1270,1273
1273,1270
1270,1274
1274,1270
1270,1275
1275,1270
1270,1277
1277,1270
1270,1278
1278,1270
1270,1279
1279,1270
1270,1280
1280,1270
1270,1281
1281,1270
1270,1282
1282,1270
1270,1283
1283,1270
1270,1284
1284,1270
1270,1285
1285,1270
1270,1286
1286,1270
1270,1287
1287,1270
1270,1288
1288,1270
1270,1289
1289,1270
1270,1290
1290,1270
1270,1291
1291,1270
1270,1292
1292,1270
1270,1293
1293,1270
1270,1294
1294,1270
1270,1295
1295,1270
1270,1296
1296,1270
1270,1297
1297,1270
1270,1298
1298,1270
1270,1299
1299,1270
1270,1300
1300,1270
1270,1301
1301,1270
1270,1302
1302,1270
1270,1303
1303,1270
1270,1304
1304,1270
1270,1306
1306,1270
1271,1273
1273,1271
1271,1274
1274,1271
1271,1275
1275,1271
1271,1276
1276,1271
1271,1415
1415,1271
1271,1422
1422,1271
1271,1423
1423,1271
1271,1424
1424,1271
1271,1435
1435,1271
1272,1273
1273,1272
1272,1274
1274,1272
1272,1275
1275,1272
1272,1277
1277,1272
1272,1278
1278,1272
1272,1284
1284,1272
1272,1294
1294,1272
1272,1296
1296,1272
1272,1297
1297,1272
1272,1298
1298,1272
1272,1300
1300,1272
1273,1274
1274,1273
1273,1275
1275,1273
1273,1276
1276,1273
1273,1277
1277,1273
1273,1278
1278,1273
1273,1279
1279,1273
1273,1280
1280,1273
1273,1281
1281,1273
1273,1282
1282,1273
1273,1283
1283,1273
1273,1284
1284,1273
1273,1286
1286,1273
1273,1288
1288,1273
1273,1292
1292,1273
1273,1293
1293,1273
1273,1294
1294,1273
1273,1295
1295,1273
1273,1296
1296,1273
1273,1297
1297,1273
1273,1298
1298,1273
1273,1299
1299,1273
1273,1300
1300,1273
1273,1301
1301,1273
1273,1302
1302,1273
1273,1303
1303,1273
1273,1415
1415,1273
1274,1275
1275,1274
1274,1276
1276,1274
1274,1277
1277,1274
1274,1278
1278,1274
1274,1279
1279,1274
1274,1280
1280,1274
1274,1281
1281,1274
1274,1282
1282,1274
1274,1283
1283,1274
1274,1284
1284,1274
1274,1286
1286,1274
1274,1288
1288,1274
1274,1292
1292,1274
1274,1293
1293,1274
1274,1294
1294,1274
1274,1295
1295,1274
1274,1296
1296,1274
1274,1297
1297,1274
1274,1298
1298,1274
1274,1299
1299,1274
1274,1300
1300,1274
1274,1301
1301,1274
1274,1302
1302,1274
1274,1415
1415,1274
1274,1422
1422,1274
1275,1276
1276,1275
1275,1277
1277,1275
1275,1280
1280,1275
1275,1281
1281,1275
1275,1294
1294,1275
1275,1295
1295,1275
1275,1296
1296,1275
1275,1300
1300,1275
1275,1302
1302,1275
1275,1415
1415,1275
1275,1422
1422,1275
1275,1424
1424,1275
1275,1435
1435,1275
1276,1280
1280,1276
1276,1294
1294,1276
1276,1295
1295,1276
1276,1302
1302,1276
1276,1415
1415,1276
1276,1422
1422,1276
1276,1423
1423,1276
1276,1424
1424,1276
1276,1430
1430,1276
1276,1435
1435,1276
1277,1278
1278,1277
1277,1279
1279,1277
1277,1281
1281,1277
1277,1282
1282,1277
1277,1283
1283,1277
1277,1284
1284,1277
1277,1285
1285,1277
1277,1286
1286,1277
1277,1288
1288,1277
1277,1289
1289,1277
1277,1290
1290,1277
1277,1291
1291,1277
1277,1292
1292,1277
1277,1293
1293,1277
1277,1294
1294,1277
1277,1295
1295,1277
1277,1296
1296,1277
1277,1297
1297,1277
1277,1298
1298,1277
1277,1299
1299,1277
1277,1300
1300,1277
1277,1301
1301,1277
1277,1302
1302,1277
1277,1303
1303,1277
1277,1304
1304,1277
1278,1281
1281,1278
1278,1282
1282,1278
1278,1283
1283,1278
1278,1284
1284,1278
1278,1285
1285,1278
1278,1286
1286,1278
1278,1288
1288,1278
1278,1289
1289,1278
1278,1290
1290,1278
1278,1291
1291,1278
1278,1292
1292,1278
1278,1293
1293,1278
1278,1294
1294,1278
1278,1296
1296,1278
1278,1297
1297,1278
1278,1298
1298,1278
1278,1299
1299,1278
1278,1300
1300,1278
1278,1301
1301,1278
1278,1302
1302,1278
1278,1303
1303,1278
1278,1304
1304,1278
1278,1306
1306,1278
1278,1309
1309,1278
1279,1280
1280,1279
1279,1281
1281,1279
1279,1282
1282,1279
1279,1283
1283,1279
1279,1284
1284,1279
1279,1285
1285,1279
1279,1286
1286,1279
1279,1287
1287,1279
1279,1288
1288,1279
1279,1289
1289,1279
1279,1290
1290,1279
1279,1291
1291,1279
1279,1292
1292,1279
1279,1293
1293,1279
1279,1294
1294,1279
1279,1295
1295,1279
1279,1296
1296,1279
1279,1297
1297,1279
1279,1298
1298,1279
1279,1299
1299,1279
1279,1300
1300,1279
1279,1301
1301,1279
1279,1302
1302,1279
1279,1303
1303,1279
1279,1304
1304,1279
1279,1305
1305,1279
1279,1306
1306,1279
1279,1307
1307,1279
1279,1309
1309,1279
1279,1310
1310,1279
1279,1421
1421,1279
1280,1281
1281,1280
1280,1282
1282,1280
1280,1283
1283,1280
1280,1284
1284,1280
1280,1286
1286,1280
1280,1287
1287,1280
1280,1288
1288,1280
1280,1290
1290,1280
1280,1291
1291,1280
1280,1292
1292,1280
1280,1293
1293,1280
1280,1294
1294,1280
1280,1295
1295,1280
1280,1296
1296,1280
1280,1297
1297,1280
1280,1298
1298,1280
1280,1299
1299,1280
1280,1300
1300,1280
1280,1301
1301,1280
1280,1302
1302,1280
1280,1303
1303,1280
1280,1304
1304,1280
1280,1305
1305,1280
1280,1415
1415,1280
1280,1421
1421,1280
1280,1422
1422,1280
1280,1426
1426,1280
1281,1282
1282,1281
1281,1283
1283,1281
1281,1284
1284,1281
1281,1285
1285,1281
1281,1286
1286,1281
1281,1287
1287,1281
1281,1288
1288,1281
1281,1289
1289,1281
1281,1290
1290,1281
1281,1291
1291,1281
1281,1292
1292,1281
1281,1293
1293,1281
1281,1294
1294,1281
1281,1295
1295,1281
1281,1296
1296,1281
1281,1297
1297,1281
1281,1298
1298,1281
1281,1299
1299,1281
1281,1300
1300,1281
1281,1301
1301,1281
1281,1302
1302,1281
1281,1303
1303,1281
1281,1304
1304,1281
1281,1305
1305,1281
1281,1306
1306,1281
1281,1307
1307,1281
1281,1309
1309,1281
1281,1310
1310,1281
1281,1421
1421,1281
1282,1283
1283,1282
1282,1284
1284,1282
1282,1285
1285,1282
1282,1286
1286,1282
1282,1287
1287,1282
1282,1288
1288,1282
1282,1289
1289,1282
1282,1290
1290,1282
1282,1291
1291,1282
1282,1292
1292,1282
1282,1293
1293,1282
1282,1294
1294,1282
1282,1295
1295,1282
1282,1296
1296,1282
1282,1297
1297,1282
1282,1298
1298,1282
1282,1299
1299,1282
1282,1300
1300,1282
1282,1301
1301,1282
1282,1302
1302,1282
1282,1303
1303,1282
1282,1304
1304,1282
1282,1305
1305,1282
1282,1306
1306,1282
1282,1307
1307,1282
1282,1308
1308,1282
1282,1309
1309,1282
1282,1310
1310,1282
1282,1421
1421,1282
1283,1284
1284,1283
1283,1285
1285,1283
1283,1286
1286,1283
1283,1287
1287,1283
1283,1288
1288,1283
1283,1289
1289,1283
1283,1290
1290,1283
1283,1291
1291,1283
1283,1292
1292,1283
1283,1293
1293,1283
1283,1294
1294,1283
1283,1295
1295,1283
1283,1296
1296,1283
1283,1297
1297,1283
1283,1298
1298,1283
1283,1299
1299,1283
1283,1300
1300,1283
1283,1301
1301,1283
1283,1302
1302,1283
1283,1303
1303,1283
1283,1304
1304,1283
1283,1305
1305,1283
1283,1306
1306,1283
1283,1307
1307,1283
1283,1308
1308,1283
1283,1309
1309,1283
1283,1310
1310,1283
1283,1421
1421,1283
1284,1285
1285,1284
1284,1286
1286,1284
1284,1287
1287,1284
1284,1288
1288,1284
1284,1289
1289,1284
1284,1290
1290,1284
1284,1291
1291,1284
1284,1292
1292,1284
1284,1293
1293,1284
1284,1294
1294,1284
1284,1295
1295,1284
1284,1296
1296,1284
1284,1297
1297,1284
1284,1298
1298,1284
1284,1299
1299,1284
1284,1300
1300,1284
1284,1301
1301,1284
1284,1302
1302,1284
1284,1303
1303,1284
1284,1304
1304,1284
1284,1305
1305,1284
1284,1306
1306,1284
1284,1307
1307,1284
1284,1308
1308,1284
1284,1309
1309,1284
1284,1310
1310,1284
1284,1421
1421,1284
1285,1286
1286,1285
1285,1287
1287,1285
1285,1288
1288,1285
1285,1289
1289,1285
1285,1290
1290,1285
1285,1291
1291,1285
1285,1292
1292,1285
1285,1293
1293,1285
1285,1296
1296,1285
1285,1297
1297,1285
1285,1298
1298,1285
1285,1299
1299,1285
1285,1300
1300,1285
1285,1301
1301,1285
1285,1302
1302,1285
1285,1303
1303,1285
1285,1304
1304,1285
1285,1305
1305,1285
1285,1306
1306,1285
1285,1307
1307,1285
1285,1308
1308,1285
1285,1309
1309,1285
1285,1310
1310,1285
1286,1287
1287,1286
1286,1288
1288,1286
1286,1289
1289,1286
1286,1290
1290,1286
1286,1291
1291,1286
1286,1292
1292,1286
1286,1293
1293,1286
1286,1294
1294,1286
1286,1295
1295,1286
1286,1296
1296,1286
1286,1297
1297,1286
1286,1298
1298,1286
1286,1299
1299,1286
1286,1300
1300,1286
1286,1301
1301,1286
1286,1302
1302,1286
1286,1303
1303,1286
1286,1304
1304,1286
1286,1305
1305,1286
1286,1306
1306,1286
1286,1307
1307,1286
1286,1308
1308,1286
1286,1309
1309,1286
1286,1310
1310,1286
1287,1288
1288,1287
1287,1289
1289,1287
1287,1290
1290,1287
1287,1291
1291,1287
1287,1292
1292,1287
1287,1293
1293,1287
1287,1294
1294,1287
1287,1295
1295,1287
1287,1296
1296,1287
1287,1297
1297,1287
1287,1298
1298,1287
1287,1299
1299,1287
1287,1300
1300,1287
1287,1301
1301,1287
1287,1302
1302,1287
1287,1303
1303,1287
1287,1304
1304,1287
1287,1305
1305,1287
1287,1306
1306,1287
1287,1307
1307,1287
1287,1308
1308,1287
1287,1309
1309,1287
1287,1310
1310,1287
1287,1421
1421,1287
1288,1289
1289,1288
1288,1290
1290,1288
1288,1291
1291,1288
1288,1292
1292,1288
1288,1293
1293,1288
1288,1294
1294,1288
1288,1295
1295,1288
1288,1296
1296,1288
1288,1297
1297,1288
1288,1298
1298,1288
1288,1299
1299,1288
1288,1300
1300,1288
1288,1301
1301,1288
1288,1302
1302,1288
1288,1303
1303,1288
1288,1304
1304,1288
1288,1305
1305,1288
1288,1306
1306,1288
1288,1307
1307,1288
1288,1308
1308,1288
1288,1309
1309,1288
1288,1310
1310,1288
1288,1421
1421,1288
1289,1290
1290,1289
1289,1291
1291,1289
1289,1292
1292,1289
1289,1293
1293,1289
1289,1296
1296,1289
1289,1297
1297,1289
1289,1298
1298,1289
1289,1299
1299,1289
1289,1300
1300,1289
1289,1301
1301,1289
1289,1302
1302,1289
1289,1303
1303,1289
1289,1304
1304,1289
1289,1305
1305,1289
1289,1306
1306,1289
1289,1307
1307,1289
1289,1308
1308,1289
1289,1309
1309,1289
1289,1310
1310,1289
1290,1291
1291,1290
1290,1292
1292,1290
1290,1293
1293,1290
1290,1294
1294,1290
1290,1295
1295,1290
1290,1296
1296,1290
1290,1297
1297,1290
1290,1298
1298,1290
1290,1299
1299,1290
1290,1300
1300,1290
1290,1301
1301,1290
1290,1302
1302,1290
1290,1303
1303,1290
1290,1304
1304,1290
1290,1305
1305,1290
1290,1306
1306,1290
1290,1307
1307,1290
1290,1308
1308,1290
1290,1309
1309,1290
1290,1310
1310,1290
1290,1421
1421,1290
1291,1292
1292,1291
1291,1293
1293,1291
1291,1294
1294,1291
1291,1296
1296,1291
1291,1297
1297,1291
1291,1298
1298,1291
1291,1299
1299,1291
1291,1300
1300,1291
1291,1301
1301,1291
1291,1302
1302,1291
1291,1303
1303,1291
1291,1304
1304,1291
1291,1305
1305,1291
1291,1306
1306,1291
1291,1307
1307,1291
1291,1308
1308,1291
1291,1309
1309,1291
1291,1310
1310,1291
1292,1293
1293,1292
1292,1294
1294,1292
1292,1295
1295,1292
1292,1296
1296,1292
1292,1297
1297,1292
1292,1298
1298,1292
1292,1299
1299,1292
1292,1300
1300,1292
1292,1301
1301,1292
1292,1302
1302,1292
1292,1303
1303,1292
1292,1304
1304,1292
1292,1305
1305,1292
1292,1306
1306,1292
1292,1307
1307,1292
1292,1308
1308,1292
1292,1309
1309,1292
1292,1310
1310,1292
1292,1421
1421,1292
1293,1294
1294,1293
1293,1295
1295,1293
1293,1296
1296,1293
1293,1297
1297,1293
1293,1298
1298,1293
1293,1299
1299,1293
1293,1300
1300,1293
1293,1301
1301,1293
1293,1302
1302,1293
1293,1303
1303,1293
1293,1304
1304,1293
1293,1305
1305,1293
1293,1306
1306,1293
1293,1307
1307,1293
1293,1308
1308,1293
1293,1309
1309,1293
1293,1310
1310,1293
1293,1421
1421,1293
1294,1295
1295,1294
1294,1296
1296,1294
1294,1297
1297,1294
1294,1298
1298,1294
1294,1299
1299,1294
1294,1300
1300,1294
1294,1301
1301,1294
1294,1302
1302,1294
1294,1303
1303,1294
1294,1304
1304,1294
1294,1415
1415,1294
1294,1421
1421,1294
1294,1422
1422,1294
1295,1296
1296,1295
1295,1297
1297,1295
1295,1298
1298,1295
1295,1299
1299,1295
1295,1300
1300,1295
1295,1301
1301,1295
1295,1302
1302,1295
1295,1303
1303,1295
1295,1304
1304,1295
1295,1415
1415,1295
1295,1421
1421,1295
1295,1422
1422,1295
1295,1426
1426,1295
1296,1297
1297,1296
1296,1298
1298,1296
1296,1299
1299,1296
1296,1300
1300,1296
1296,1301
1301,1296
1296,1302
1302,1296
1296,1303
1303,1296
1296,1304
1304,1296
1296,1305
1305,1296
1296,1306
1306,1296
1296,1307
1307,1296
1296,1415
1415,1296
1296,1421
1421,1296
1297,1298
1298,1297
1297,1299
1299,1297
1297,1300
1300,1297
1297,1301
1301,1297
1297,1302
1302,1297
1297,1303
1303,1297
1297,1304
1304,1297
1297,1305
1305,1297
1297,1306
1306,1297
1297,1307
1307,1297
1297,1308
1308,1297
1297,1309
1309,1297
1297,1310
1310,1297
1297,1421
1421,1297
1298,1299
1299,1298
1298,1300
1300,1298
1298,1301
1301,1298
1298,1302
1302,1298
1298,1303
1303,1298
1298,1304
1304,1298
1298,1305
1305,1298
1298,1306
1306,1298
1298,1307
1307,1298
1298,1309
1309,1298
1298,1310
1310,1298
1299,1300
1300,1299
1299,1301
1301,1299
1299,1302
1302,1299
1299,1303
1303,1299
1299,1304
1304,1299
1299,1305
1305,1299
1299,1306
1306,1299
1299,1307
1307,1299
1299,1308
1308,1299
1299,1309
1309,1299
1299,1310
1310,1299
1299,1421
1421,1299
1300,1301
1301,1300
1300,1302
1302,1300
1300,1303
1303,1300
1300,1304
1304,1300
1300,1305
1305,1300
1300,1306
1306,1300
1300,1307
1307,1300
1300,1309
1309,1300
1300,1310
1310,1300
1300,1421
1421,1300
1301,1302
1302,1301
1301,1303
1303,1301
1301,1304
1304,1301
1301,1305
1305,1301
1301,1306
1306,1301
1301,1307
1307,1301
1301,1308
1308,1301
1301,1309
1309,1301
1301,1310
1310,1301
1301,1421
1421,1301
1302,1303
1303,1302
1302,1304
1304,1302
1302,1305
1305,1302
1302,1306
1306,1302
1302,1307
1307,1302
1302,1415
1415,1302
1302,1421
1421,1302
1302,1422
1422,1302
1303,1304
1304,1303
1303,1305
1305,1303
1303,1306
1306,1303
1303,1307
1307,1303
1303,1308
1308,1303
1303,1309
1309,1303
1303,1310
1310,1303
1303,1421
1421,1303
1304,1305
1305,1304
1304,1306
1306,1304
1304,1307
1307,1304
1304,1308
1308,1304
1304,1309
1309,1304
1304,1310
1310,1304
1304,1421
1421,1304
1305,1306
1306,1305
1305,1307
1307,1305
1305,1308
1308,1305
1305,1309
1309,1305
1305,1310
1310,1305
1305,1421
1421,1305
1306,1307
1307,1306
1306,1308
1308,1306
1306,1309
1309,1306
1306,1310
1310,1306
1307,1308
1308,1307
1307,1309
1309,1307
1307,1310
1310,1307
1307,1421
1421,1307
1308,1309
1309,1308
1308,1310
1310,1308
1309,1310
1310,1309
1311,1312
1312,1311
1311,1426
1426,1311
1311,1429
1429,1311
1312,1421
1421,1312
1312,1425
1425,1312
1312,1426
1426,1312
1312,1429
1429,1312
1312,1433
1433,1312
1313,1314
1314,1313
1313,1425
1425,1313
1313,1427
1427,1313
1314,1425
1425,1314
1314,1427
1427,1314
1317,1318
1318,1317
1331,1352
1352,1331
1336,1337
1337,1336
1336,1338
1338,1336
1336,1339
1339,1336
1336,1340
1340,1336
1336,1341
1341,1336
1336,1342
1342,1336
1337,1338
1338,1337
1337,1342
1342,1337
1338,1339
1339,1338
1338,1342
1342,1338
1339,1340
1340,1339
1339,1341
1341,1339
1340,1341
1341,1340
1346,1349
1349,1346
1346,1355
1355,1346
1347,1348
1348,1347
1349,1355
1355,1349
1359,1360
1360,1359
1359,1371
1371,1359
1360,1361
1361,1360
1360,1371
1371,1360
1361,1372
1372,1361
1361,1373
1373,1361
1363,1387
1387,1363
1365,1444
1444,1365
1366,1367
1367,1366
1366,1368
1368,1366
1366,1369
1369,1366
1366,1370
1370,1366
1367,1368
1368,1367
1367,1369
1369,1367
1367,1370
1370,1367
1368,1369
1369,1368
1368,1370
1370,1368
1369,1370
1370,1369
1372,1373
1373,1372
1374,1378
1378,1374
1376,1377
1377,1376
1376,1379
1379,1376
1376,1380
1380,1376
1376,1381
1381,1376
1377,1379
1379,1377
1377,1380
1380,1377
1377,1381
1381,1377
1379,1380
1380,1379
1379,1381
1381,1379
1380,1381
1381,1380
1382,1383
1383,1382
1382,1384
1384,1382
1382,1385
1385,1382
1382,1386
1386,1382
1383,1384
1384,1383
1383,1385
1385,1383
1383,1386
1386,1383
1384,1385
1385,1384
1384,1386
1386,1384
1385,1386
1386,1385
1390,1391
1391,1390
1390,1392
1392,1390
1390,1393
1393,1390
1391,1392
1392,1391
1391,1393
1393,1391
1392,1393
1393,1392
1399,1400
1400,1399
1399,1401
1401,1399
1399,1402
1402,1399
1399,1405
1405,1399
1399,1406
1406,1399
1400,1401
1401,1400
1400,1402
1402,1400
1400,1405
1405,1400
1400,1406
1406,1400
1401,1402
1402,1401
1401,1405
1405,1401
1401,1406
1406,1401
1402,1405
1405,1402
1402,1406
1406,1402
1405,1406
1406,1405
1406,1407
1407,1406
1408,1411
1411,1408
1410,1413
1413,1410
1414,1423
1423,1414
1414,1424
1424,1414
1414,1435
1435,1414
1415,1422
1422,1415
1415,1423
1423,1415
1415,1424
1424,1415
1415,1430
1430,1415
1416,1417
1417,1416
1416,1418
1418,1416
1416,1419
1419,1416
1416,1420
1420,1416
1416,1432
1432,1416
1416,1434
1434,1416
1417,1418
1418,1417
1417,1419
1419,1417
1417,1432
1432,1417
1417,1434
1434,1417
1418,1419
1419,1418
1418,1432
1432,1418
1418,1434
1434,1418
1419,1420
1420,1419
1419,1432
1432,1419
1419,1434
1434,1419
1420,1428
1428,1420
1420,1431
1431,1420
1420,1432
1432,1420
1420,1434
1434,1420
1421,1426
1426,1421
1421,1429
1429,1421
1422,1423
1423,1422
1422,1424
1424,1422
1422,1430
1430,1422
1423,1424
1424,1423
1423,1430
1430,1423
1423,1435
1435,1423
1424,1430
1430,1424
1424,1435
1435,1424
1425,1427
1427,1425
1425,1428
1428,1425
1425,1429
1429,1425
1425,1433
1433,1425
1426,1429
1429,1426
1427,1428
1428,1427
1427,1431
1431,1427
1427,1433
1433,1427
1428,1431
1431,1428
1428,1433
1433,1428
1431,1433
1433,1431
1432,1434
1434,1432
1436,1437
1437,1436
1436,1438
1438,1436
1437,1438
1438,1437
1442,1443
1443,1442
1442,1447
1447,1442
1450,1470
1470,1450
1451,1457
1457,1451
1451,1479
1479,1451
1451,1480
1480,1451
1451,1481
1481,1451
1451,1482
1482,1451
1451,1483
1483,1451
1451,1485
1485,1451
1451,1486
1486,1451
1451,1487
1487,1451
1451,1488
1488,1451
1451,1492
1492,1451
1452,1496
1496,1452
1453,1457
1457,1453
1453,1471
1471,1453
1453,1472
1472,1453
1453,1480
1480,1453
1453,1489
1489,1453
1454,1475
1475,1454
1454,1497
1497,1454
1454,1499
1499,1454
1454,1500
1500,1454
1455,1468
1468,1455
1456,1471
1471,1456
1456,1472
1472,1456
1457,1471
1471,1457
1457,1472
1472,1457
1457,1480
1480,1457
1457,1489
1489,1457
1459,1460
1460,1459
1459,1479
1479,1459
1459,1481
1481,1459
1459,1483
1483,1459
1459,1484
1484,1459
1459,1485
1485,1459
1459,1486
1486,1459
1459,1487
1487,1459
1459,1488
1488,1459
1459,1492
1492,1459
1459,1493
1493,1459
1459,1494
1494,1459
1460,1461
1461,1460
1460,1465
1465,1460
1460,1466
1466,1460
1460,1467
1467,1460
1460,1484
1484,1460
1460,1493
1493,1460
1461,1462
1462,1461
1461,1463
1463,1461
1461,1464
1464,1461
1461,1465
1465,1461
1461,1466
1466,1461
1461,1467
1467,1461
1461,1484
1484,1461
1461,1493
1493,1461
1461,1588
1588,1461
1462,1463
1463,1462
1462,1464
1464,1462
1462,1465
1465,1462
1462,1501
1501,1462
1462,1588
1588,1462
1463,1464
1464,1463
1463,1465
1465,1463
1463,1466
1466,1463
1463,1501
1501,1463
1463,1588
1588,1463
1464,1465
1465,1464
1464,1466
1466,1464
1464,1501
1501,1464
1465,1466
1466,1465
1465,1467
1467,1465
1465,1588
1588,1465
1466,1467
1467,1466
1467,1484
1484,1467
1467,1493
1493,1467
1468,1469
1469,1468
1471,1472
1472,1471
1474,1490
1490,1474
1474,1498
1498,1474
1475,1497
1497,1475
1475,1499
1499,1475
1475,1500
1500,1475
1475,1590
1590,1475
1478,1479
1479,1478
1478,1496
1496,1478
1479,1481
1481,1479
1479,1482
1482,1479
1479,1483
1483,1479
1479,1485
1485,1479
1479,1486
1486,1479
1479,1487
1487,1479
1479,1488
1488,1479
1479,1492
1492,1479
1479,1493
1493,1479
1479,1494
1494,1479
1480,1481
1481,1480
1480,1482
1482,1480
1480,1483
1483,1480
1480,1484
1484,1480
1480,1485
1485,1480
1480,1488
1488,1480
1480,1492
1492,1480
1481,1482
1482,1481
1481,1483
1483,1481
1481,1484
1484,1481
1481,1485
1485,1481
1481,1486
1486,1481
1481,1487
1487,1481
1481,1488
1488,1481
1481,1492
1492,1481
1481,1493
1493,1481
1481,1494
1494,1481
1482,1483
1483,1482
1482,1484
1484,1482
1482,1485
1485,1482
1482,1486
1486,1482
1482,1487
1487,1482
1482,1488
1488,1482
1482,1492
1492,1482
1482,1493
1493,1482
1482,1588
1588,1482
1483,1484
1484,1483
1483,1485
1485,1483
1483,1486
1486,1483
1483,1487
1487,1483
1483,1488
1488,1483
1483,1492
1492,1483
1483,1493
1493,1483
1483,1494
1494,1483
1483,1588
1588,1483
1484,1485
1485,1484
1484,1486
1486,1484
1484,1487
1487,1484
1484,1488
1488,1484
1484,1492
1492,1484
1484,1493
1493,1484
1484,1588
1588,1484
1485,1486
1486,1485
1485,1487
1487,1485
1485,1488
1488,1485
1485,1492
1492,1485
1485,1493
1493,1485
1485,1494
1494,1485
1486,1487
1487,1486
1486,1488
1488,1486
1486,1492
1492,1486
1486,1493
1493,1486
1486,1494
1494,1486
1487,1488
1488,1487
1487,1492
1492,1487
1487,1493
1493,1487
1487,1494
1494,1487
1488,1492
1492,1488
1488,1493
1493,1488
1488,1494
1494,1488
1488,1588
1588,1488
1489,1501
1501,1489
1490,1497
1497,1490
1490,1498
1498,1490
1490,1500
1500,1490
1492,1493
1493,1492
1492,1494
1494,1492
1492,1588
1588,1492
1493,1494
1494,1493
1493,1588
1588,1493
1497,1499
1499,1497
1497,1500
1500,1497
1499,1500
1500,1499
1499,1590
1590,1499
1504,1534
1534,1504
1504,1540
1540,1504
1504,1542
1542,1504
1504,1543
1543,1504
1505,1514
1514,1505
1505,1516
1516,1505
1505,1517
1517,1505
1505,1518
1518,1505
1505,1519
1519,1505
1505,1521
1521,1505
1505,1524
1524,1505
1505,1546
1546,1505
1505,1548
1548,1505
1505,1567
1567,1505
1506,1507
1507,1506
1506,1511
1511,1506
1506,1512
1512,1506
1506,1513
1513,1506
1506,1522
1522,1506
1506,1523
1523,1506
1506,1532
1532,1506
1507,1508
1508,1507
1507,1509
1509,1507
1507,1511
1511,1507
1507,1512
1512,1507
1507,1513
1513,1507
1507,1520
1520,1507
1507,1522
1522,1507
1507,1523
1523,1507
1507,1525
1525,1507
1508,1509
1509,1508
1508,1511
1511,1508
1508,1513
1513,1508
1508,1514
1514,1508
1508,1515
1515,1508
1508,1520
1520,1508
1508,1521
1521,1508
1508,1524
1524,1508
1508,1525
1525,1508
1509,1511
1511,1509
1509,1512
1512,1509
1509,1513
1513,1509
1509,1515
1515,1509
1509,1520
1520,1509
1509,1522
1522,1509
1509,1523
1523,1509
1509,1525
1525,1509
1511,1512
1512,1511
1511,1513
1513,1511
1511,1520
1520,1511
1511,1522
1522,1511
1511,1523
1523,1511
1511,1525
1525,1511
1512,1513
1513,1512
1512,1522
1522,1512
1512,1523
1523,1512
1512,1525
1525,1512
1513,1520
1520,1513
1513,1522
1522,1513
1513,1523
1523,1513
1513,1525
1525,1513
1514,1515
1515,1514
1514,1516
1516,1514
1514,1517
1517,1514
1514,1519
1519,1514
1514,1521
1521,1514
1514,1524
1524,1514
1515,1524
1524,1515
1515,1525
1525,1515
1516,1517
1517,1516
1516,1518
1518,1516
1516,1519
1519,1516
1516,1521
1521,1516
1516,1524
1524,1516
1516,1548
1548,1516
1517,1518
1518,1517
1517,1519
1519,1517
1517,1521
1521,1517
1517,1524
1524,1517
1517,1548
1548,1517
1518,1519
1519,1518
1518,1542
1542,1518
1518,1546
1546,1518
1518,1547
1547,1518
1519,1524
1524,1519
1519,1546
1546,1519
1519,1548
1548,1519
1520,1521
1521,1520
1520,1522
1522,1520
1520,1524
1524,1520
1521,1524
1524,1521
1521,1533
1533,1521
1521,1548
1548,1521
1522,1523
1523,1522
1523,1525
1525,1523
1523,1532
1532,1523
1526,1529
1529,1526
1526,1530
1530,1526
1526,1541
1541,1526
1527,1528
1528,1527
1528,1529
1529,1528
1530,1541
1541,1530
1531,1532
1532,1531
1533,1548
1548,1533
1533,1567
1567,1533
1534,1535
1535,1534
1534,1536
1536,1534
1534,1537
1537,1534
1534,1538
1538,1534
1534,1540
1540,1534
1534,1542
1542,1534
1534,1543
1543,1534
1534,1544
1544,1534
1534,1545
1545,1534
1535,1536
1536,1535
1535,1537
1537,1535
1535,1538
1538,1535
1535,1540
1540,1535
1535,1543
1543,1535
1535,1544
1544,1535
1535,1545
1545,1535
1536,1537
1537,1536
1536,1538
1538,1536
1536,1540
1540,1536
1536,1542
1542,1536
1536,1543
1543,1536
1536,1544
1544,1536
1536,1545
1545,1536
1537,1538
1538,1537
1537,1539
1539,1537
1537,1540
1540,1537
1537,1543
1543,1537
1537,1544
1544,1537
1537,1545
1545,1537
1538,1539
1539,1538
1538,1543
1543,1538
1538,1544
1544,1538
1538,1545
1545,1538
1539,1543
1543,1539
1539,1544
1544,1539
1540,1542
1542,1540
1540,1543
1543,1540
1540,1544
1544,1540
1540,1545
1545,1540
1542,1543
1543,1542
1542,1544
1544,1542
1542,1545
1545,1542
1542,1546
1546,1542
1542,1547
1547,1542
1543,1544
1544,1543
1543,1545
1545,1543
1544,1545
1545,1544
1546,1547
1547,1546
1546,1548
1548,1546
1546,1567
1567,1546
1548,1567
1567,1548
1552,1553
1553,1552
1552,1557
1557,1552
1552,1566
1566,1552
1552,1569
1569,1552
1552,1570
1570,1552
1552,1571
1571,1552
1553,1554
1554,1553
1553,1555
1555,1553
1553,1556
1556,1553
1553,1557
1557,1553
1553,1558
1558,1553
1553,1559
1559,1553
1553,1560
1560,1553
1553,1561
1561,1553
1553,1562
1562,1553
1553,1566
1566,1553
1553,1568
1568,1553
1553,1569
1569,1553
1553,1570
1570,1553
1553,1571
1571,1553
1553,1583
1583,1553
1554,1555
1555,1554
1554,1556
1556,1554
1554,1557
1557,1554
1554,1558
1558,1554
1554,1559
1559,1554
1554,1560
1560,1554
1554,1561
1561,1554
1554,1562
1562,1554
1554,1563
1563,1554
1554,1568
1568,1554
1554,1569
1569,1554
1554,1570
1570,1554
1554,1571
1571,1554
1554,1583
1583,1554
1555,1556
1556,1555
1555,1557
1557,1555
1555,1558
1558,1555
1555,1559
1559,1555
1555,1560
1560,1555
1555,1561
1561,1555
1555,1562
1562,1555
1555,1569
1569,1555
1555,1583
1583,1555
1556,1557
1557,1556
1556,1558
1558,1556
1556,1559
1559,1556
1556,1560
1560,1556
1556,1561
1561,1556
1556,1562
1562,1556
1556,1569
1569,1556
1556,1583
1583,1556
1557,1558
1558,1557
1557,1559
1559,1557
1557,1560
1560,1557
1557,1561
1561,1557
1557,1562
1562,1557
1557,1569
1569,1557
1557,1570
1570,1557
1557,1571
1571,1557
1557,1583
1583,1557
1558,1559
1559,1558
1558,1560
1560,1558
1558,1561
1561,1558
1558,1562
1562,1558
1558,1568
1568,1558
1558,1569
1569,1558
1558,1570
1570,1558
1558,1571
1571,1558
1558,1583
1583,1558
1559,1560
1560,1559
1559,1561
1561,1559
1559,1562
1562,1559
1559,1563
1563,1559
1559,1568
1568,1559
1559,1569
1569,1559
1559,1570
1570,1559
1559,1571
1571,1559
1559,1583
1583,1559
1560,1561
1561,1560
1560,1562
1562,1560
1560,1563
1563,1560
1560,1568
1568,1560
1560,1569
1569,1560
1560,1570
1570,1560
1560,1571
1571,1560
1560,1583
1583,1560
1561,1562
1562,1561
1561,1568
1568,1561
1561,1569
1569,1561
1561,1570
1570,1561
1561,1571
1571,1561
1561,1583
1583,1561
1562,1563
1563,1562
1562,1568
1568,1562
1562,1569
1569,1562
1562,1570
1570,1562
1562,1571
1571,1562
1562,1583
1583,1562
1563,1568
1568,1563
1563,1583
1583,1563
1565,1584
1584,1565
1566,1570
1570,1566
1566,1571
1571,1566
1568,1569
1569,1568
1568,1570
1570,1568
1568,1571
1571,1568
1568,1583
1583,1568
1569,1570
1570,1569
1569,1571
1571,1569
1569,1583
1583,1569
1570,1571
1571,1570
1570,1583
1583,1570
1571,1583
1583,1571
1572,1581
1581,1572
1572,1582
1582,1572
1573,1574
1574,1573
1573,1575
1575,1573
1573,1576
1576,1573
1573,1577
1577,1573
1573,1578
1578,1573
1573,1579
1579,1573
1573,1580
1580,1573
1574,1575
1575,1574
1574,1576
1576,1574
1574,1577
1577,1574
1574,1578
1578,1574
1574,1579
1579,1574
1574,1580
1580,1574
1574,1582
1582,1574
1575,1576
1576,1575
1575,1577
1577,1575
1575,1578
1578,1575
1575,1579
1579,1575
1575,1580
1580,1575
1576,1577
1577,1576
1576,1578
1578,1576
1576,1579
1579,1576
1576,1580
1580,1576
1577,1578
1578,1577
1577,1579
1579,1577
1577,1580
1580,1577
1578,1579
1579,1578
1578,1580
1580,1578
1579,1580
1580,1579
1581,1582
1582,1581
1591,1592
1592,1591
1603,1689
1689,1603
1603,1716
1716,1603
1603,1725
1725,1603
1603,1727
1727,1603
1604,1607
1607,1604
1604,1608
1608,1604
1604,1715
1715,1604
1604,1731
1731,1604
1605,1607
1607,1605
1605,1614
1614,1605
1605,1648
1648,1605
1605,1717
1717,1605
1605,1731
1731,1605
1605,1732
1732,1605
1606,1612
1612,1606
1606,1618
1618,1606
1606,1619
1619,1606
1606,1621
1621,1606
1606,1622
1622,1606
1606,1627
1627,1606
1606,1633
1633,1606
1606,1634
1634,1606
1606,1638
1638,1606
1606,1651
1651,1606
1606,1718
1718,1606
1606,1736
1736,1606
1607,1608
1608,1607
1607,1648
1648,1607
1607,1731
1731,1607
1608,1609
1609,1608
1610,1620
1620,1610
1610,1625
1625,1610
1610,1649
1649,1610
1610,1717
1717,1610
1610,1718
1718,1610
1611,1624
1624,1611
1611,1645
1645,1611
1612,1616
1616,1612
1612,1617
1617,1612
1612,1618
1618,1612
1612,1619
1619,1612
1612,1623
1623,1612
1612,1634
1634,1612
1612,1635
1635,1612
1612,1638
1638,1612
1612,1646
1646,1612
1612,1650
1650,1612
1612,1651
1651,1612
1612,1672
1672,1612
1612,1736
1736,1612
1613,1615
1615,1613
1613,1616
1616,1613
1613,1621
1621,1613
1613,1622
1622,1613
1613,1626
1626,1613
1613,1627
1627,1613
1613,1651
1651,1613
1613,1673
1673,1613
1613,1701
1701,1613
1613,1702
1702,1613
1613,1703
1703,1613
1613,1704
1704,1613
1613,1707
1707,1613
1613,1708
1708,1613
1613,1736
1736,1613
1614,1684
1684,1614
1614,1693
1693,1614
1614,1706
1706,1614
1614,1717
1717,1614
1614,1730
1730,1614
1614,1732
1732,1614
1614,1746
1746,1614
1615,1619
1619,1615
1615,1620
1620,1615
1615,1621
1621,1615
1615,1622
1622,1615
1615,1625
1625,1615
1615,1626
1626,1615
1615,1627
1627,1615
1615,1651
1651,1615
1615,1673
1673,1615
1615,1703
1703,1615
1615,1704
1704,1615
1615,1708
1708,1615
1615,1718
1718,1615
1615,1735
1735,1615
1615,1736
1736,1615
1616,1617
1617,1616
1616,1618
1618,1616
1616,1619
1619,1616
1616,1623
1623,1616
1616,1626
1626,1616
1616,1627
1627,1616
1616,1634
1634,1616
1616,1635
1635,1616
1616,1638
1638,1616
1616,1646
1646,1616
1616,1650
1650,1616
1616,1651
1651,1616
1616,1672
1672,1616
1616,1702
1702,1616
1616,1703
1703,1616
1616,1704
1704,1616
1616,1707
1707,1616
1616,1736
1736,1616
1617,1618
1618,1617
1617,1623
1623,1617
1617,1634
1634,1617
1617,1635
1635,1617
1617,1638
1638,1617
1617,1646
1646,1617
1617,1650
1650,1617
1617,1672
1672,1617
1617,1736
1736,1617
1618,1619
1619,1618
1618,1623
1623,1618
1618,1634
1634,1618
1618,1635
1635,1618
1618,1638
1638,1618
1618,1646
1646,1618
1618,1650
1650,1618
1618,1651
1651,1618
1618,1672
1672,1618
1618,1736
1736,1618
1619,1621
1621,1619
1619,1622
1622,1619
1619,1627
1627,1619
1619,1633
1633,1619
1619,1634
1634,1619
1619,1638
1638,1619
1619,1651
1651,1619
1619,1718
1718,1619
1619,1736
1736,1619
1620,1622
1622,1620
1620,1625
1625,1620
1620,1673
1673,1620
1620,1683
1683,1620
1620,1684
1684,1620
1620,1708
1708,1620
1620,1713
1713,1620
1620,1717
1717,1620
1620,1730
1730,1620
1620,1735
1735,1620
1621,1622
1622,1621
1621,1625
1625,1621
1621,1626
1626,1621
1621,1627
1627,1621
1621,1633
1633,1621
1621,1651
1651,1621
1621,1673
1673,1621
1621,1703
1703,1621
1621,1704
1704,1621
1621,1708
1708,1621
1621,1718
1718,1621
1621,1736
1736,1621
1622,1625
1625,1622
1622,1626
1626,1622
1622,1627
1627,1622
1622,1651
1651,1622
1622,1673
1673,1622
1622,1703
1703,1622
1622,1704
1704,1622
1622,1708
1708,1622
1622,1718
1718,1622
1622,1736
1736,1622
1623,1627
1627,1623
1623,1634
1634,1623
1623,1635
1635,1623
1623,1638
1638,1623
1623,1646
1646,1623
1623,1650
1650,1623
1623,1651
1651,1623
1623,1672
1672,1623
1623,1707
1707,1623
1623,1736
1736,1623
1624,1628
1628,1624
1624,1629
1629,1624
1624,1630
1630,1624
1624,1645
1645,1624
1625,1673
1673,1625
1625,1684
1684,1625
1625,1708
1708,1625
1625,1717
1717,1625
1625,1730
1730,1625
1625,1735
1735,1625
1626,1627
1627,1626
1626,1651
1651,1626
1626,1673
1673,1626
1626,1701
1701,1626
1626,1702
1702,1626
1626,1703
1703,1626
1626,1704
1704,1626
1626,1707
1707,1626
1626,1708
1708,1626
1626,1736
1736,1626
1627,1651
1651,1627
1627,1673
1673,1627
1627,1703
1703,1627
1627,1704
1704,1627
1627,1707
1707,1627
1627,1708
1708,1627
1627,1718
1718,1627
1627,1736
1736,1627
1628,1629
1629,1628
1628,1630
1630,1628
1629,1630
1630,1629
1631,1676
1676,1631
1631,1677
1677,1631
1631,1679
1679,1631
1631,1702
1702,1631
1632,1675
1675,1632
1632,1676
1676,1632
1632,1677
1677,1632
1632,1678
1678,1632
1632,1697
1697,1632
1633,1634
1634,1633
1633,1718
1718,1633
1633,1736
1736,1633
1634,1635
1635,1634
1634,1638
1638,1634
1634,1646
1646,1634
1634,1650
1650,1634
1634,1651
1651,1634
1634,1672
1672,1634
1634,1736
1736,1634
1635,1638
1638,1635
1635,1646
1646,1635
1635,1650
1650,1635
1635,1672
1672,1635
1637,1639
1639,1637
1637,1641
1641,1637
1637,1680
1680,1637
1638,1646
1646,1638
1638,1650
1650,1638
1638,1651
1651,1638
1638,1672
1672,1638
1638,1736
1736,1638
1639,1680
1680,1639
1640,1641
1641,1640
1641,1680
1680,1641
1642,1681
1681,1642
1642,1762
1762,1642
1643,1681
1681,1643
1643,1762
1762,1643
1644,1754
1754,1644
1645,1680
1680,1645
1646,1650
1650,1646
1646,1651
1651,1646
1646,1672
1672,1646
1646,1736
1736,1646
1648,1731
1731,1648
1649,1718
1718,1649
1650,1672
1672,1650
1651,1672
1672,1651
1651,1703
1703,1651
1651,1704
1704,1651
1651,1707
1707,1651
1651,1708
1708,1651
1651,1718
1718,1651
1651,1736
1736,1651
1655,1656
1656,1655
1655,1657
1657,1655
1655,1658
1658,1655
1655,1667
1667,1655
1656,1657
1657,1656
1657,1658
1658,1657
1657,1667
1667,1657
1658,1667
1667,1658
1659,1667
1667,1659
1671,1742
1742,1671
1672,1679
1679,1672
1672,1707
1707,1672
1672,1736
1736,1672
1673,1683
1683,1673
1673,1701
1701,1673
1673,1703
1703,1673
1673,1704
1704,1673
1673,1708
1708,1673
1673,1713
1713,1673
1673,1730
1730,1673
1673,1735
1735,1673
1674,1676
1676,1674
1674,1678
1678,1674
1674,1701
1701,1674
1674,1702
1702,1674
1674,1703
1703,1674
1674,1712
1712,1674
1674,1714
1714,1674
1674,1735
1735,1674
1675,1676
1676,1675
1675,1677
1677,1675
1675,1678
1678,1675
1675,1679
1679,1675
1675,1697
1697,1675
1676,1677
1677,1676
1676,1678
1678,1676
1676,1679
1679,1676
1676,1701
1701,1676
1676,1702
1702,1676
1676,1707
1707,1676
1677,1678
1678,1677
1677,1679
1679,1677
1677,1697
1697,1677
1677,1702
1702,1677
1678,1697
1697,1678
1678,1702
1702,1678
1679,1702
1702,1679
1679,1707
1707,1679
1681,1762
1762,1681
1683,1684
1684,1683
1683,1693
1693,1683
1683,1701
1701,1683
1683,1708
1708,1683
1683,1711
1711,1683
1683,1713
1713,1683
1683,1714
1714,1683
1683,1730
1730,1683
1683,1735
1735,1683
1684,1693
1693,1684
1684,1706
1706,1684
1684,1713
1713,1684
1684,1717
1717,1684
1684,1730
1730,1684
1684,1732
1732,1684
1684,1735
1735,1684
1685,1687
1687,1685
1688,1695
1695,1688
1688,1699
1699,1688
1688,1700
1700,1688
1688,1709
1709,1688
1688,1755
1755,1688
1689,1695
1695,1689
1689,1696
1696,1689
1689,1709
1709,1689
1689,1724
1724,1689
1689,1725
1725,1689
1689,1727
1727,1689
1690,1696
1696,1690
1690,1705
1705,1690
1690,1710
1710,1690
1690,1729
1729,1690
1690,1733
1733,1690
1690,1746
1746,1690
1691,1692
1692,1691
1691,1693
1693,1691
1691,1705
1705,1691
1691,1710
1710,1691
1691,1711
1711,1691
1691,1746
1746,1691
1692,1693
1693,1692
1692,1705
1705,1692
1692,1710
1710,1692
1692,1711
1711,1692
1692,1746
1746,1692
1693,1705
1705,1693
1693,1706
1706,1693
1693,1710
1710,1693
1693,1711
1711,1693
1693,1713
1713,1693
1693,1714
1714,1693
1693,1746
1746,1693
1694,1698
1698,1694
1694,1728
1728,1694
1694,1745
1745,1694
1695,1709
1709,1695
1695,1723
1723,1695
1695,1724
1724,1695
1695,1755
1755,1695
1696,1715
1715,1696
1696,1725
1725,1696
1696,1727
1727,1696
1696,1729
1729,1696
1696,1733
1733,1696
1698,1745
1745,1698
1699,1709
1709,1699
1699,1755
1755,1699
1700,1709
1709,1700
1700,1722
1722,1700
1700,1723
1723,1700
1700,1724
1724,1700
1700,1726
1726,1700
1700,1755
1755,1700
1701,1702
1702,1701
1701,1703
1703,1701
1701,1704
1704,1701
1701,1707
1707,1701
1701,1708
1708,1701
1701,1714
1714,1701
1701,1735
1735,1701
1702,1703
1703,1702
1702,1704
1704,1702
1702,1707
1707,1702
1703,1704
1704,1703
1703,1707
1707,1703
1703,1708
1708,1703
1703,1735
1735,1703
1704,1707
1707,1704
1704,1708
1708,1704
1704,1736
1736,1704
1705,1710
1710,1705
1705,1729
1729,1705
1705,1733
1733,1705
1705,1746
1746,1705
1706,1710
1710,1706
1706,1717
1717,1706
1706,1729
1729,1706
1706,1730
1730,1706
1706,1732
1732,1706
1706,1733
1733,1706
1706,1746
1746,1706
1707,1708
1708,1707
1708,1735
1735,1708
1709,1723
1723,1709
1709,1724
1724,1709
1709,1755
1755,1709
1710,1729
1729,1710
1710,1733
1733,1710
1710,1746
1746,1710
1711,1712
1712,1711
1711,1713
1713,1711
1711,1714
1714,1711
1711,1735
1735,1711
1711,1746
1746,1711
1712,1713
1713,1712
1712,1714
1714,1712
1712,1735
1735,1712
1713,1714
1714,1713
1713,1730
1730,1713
1713,1735
1735,1713
1714,1735
1735,1714
1715,1725
1725,1715
1715,1727
1727,1715
1715,1733
1733,1715
1716,1725
1725,1716
1717,1730
1730,1717
1717,1731
1731,1717
1717,1732
1732,1717
1718,1736
1736,1718
1719,1722
1722,1719
1719,1726
1726,1719
1722,1726
1726,1722
1723,1724
1724,1723
1723,1728
1728,1723
1723,1755
1755,1723
1724,1728
1728,1724
1724,1755
1755,1724
1725,1727
1727,1725
1729,1733
1733,1729
1729,1746
1746,1729
1730,1732
1732,1730
1731,1732
1732,1731
1733,1746
1746,1733
1734,1744
1744,1734
1737,1739
1739,1737
1737,1740
1740,1737
1737,1741
1741,1737
1738,1741
1741,1738
1739,1740
1740,1739
1739,1741
1741,1739
1740,1741
1741,1740
1742,1747
1747,1742
1749,1750
1750,1749
1757,1758
1758,1757
1757,1759
1759,1757
1758,1759
1759,1758
1768,1770
1770,1768
