5.0978125,9.3778125,-0.8780868071875001
4.69625,8.3953125,-0.031071423124999997
5.4975,8.7234375,-2.1030668218749997
5.4553125,8.5265625,-1.129637608125
6.0428125,8.7615625,-0.811687626875
6.0128125,9.005625,-1.4441825184375
5.293125,8.1371875,-0.7738059984374998
6.411875,8.622499999999999,-1.0398284071875001
5.1509375,8.298437499999999,-0.9598088969999999
5.586875,7.5134375,-0.28687858299999996
5.321875,7.108750000000001,-0.6269616339375
6.5046875,8.1871875,-0.20090012906250032
6.2162500000000005,8.596562500000001,-1.210934039375
5.160937499999999,7.5428125,-0.5311935359374998
6.596875000000001,8.661249999999999,-0.8721278662499999
5.6596875,8.2165625,-0.638028224375
5.498125,8.914375,-1.756599224375
5.5424999999999995,8.7340625,-1.5207969756250002
6.23625,7.4959375,-0.6380281521875
5.49625,8.4975,-2.4167604678125
5.225937500000001,8.5725,-0.8819175103124999
8.2940625,8.936562499999999,0.35923661268749985
4.2753125,6.5040625,-0.4762865153125
5.7425,8.015625,-1.282015225625
5.76375,8.489687499999999,-1.473551354375
5.9715625,7.715,-0.3796671884375
5.9428125000000005,8.7359375,-1.4224750415625
4.7646875,8.071875,-1.4399260918749999
6.4140625,9.254999999999999,-1.2377490996875
5.601875,8.133125,-0.5899313256250001
6.3228124999999995,9.784062500000001,-1.5697450834375002
4.5975,7.1115625,-1.0253568515624998
5.8553125,7.3240625,-0.684422444375
5.1284375,7.836875,-0.876384254375
6.1346875,8.5396875,-0.8448872390625001
5.875,8.249374999999999,-1.355650230625
6.5365625000000005,7.723125,-0.0706555821874999
6.070937499999999,7.698124999999999,-1.3250044778125
5.6075,7.4868749999999995,-0.7372013096875001
6.0015624999999995,6.950312500000001,-1.0176953103125
6.4746875,7.693125,-0.5878031375
6.473125,7.7059375,-0.6333461153125001
6.4471875,8.761875,-1.6642362078125
5.382187500000001,7.870625,-1.039828408125
6.7993749999999995,8.195625,-1.1666679365625
5.11875,7.571562500000001,-0.9959879465624999
6.312187499999999,7.7596875,-1.1807139067499999
5.7440625,7.070625,-0.21068974093750004
5.9653125000000005,8.171875,-1.230938910625
6.6290625,8.634375,-1.59272941
6.4984375000000005,6.4525,0.3890311628125
6.108124999999999,7.5084375,-0.66909958
6.126875,7.421875,-0.05490703874999997
6.1328125,7.3334375000000005,-1.2317901559375002
5.199999999999999,6.9121875,-0.7329449537500001
6.2984375,8.5040625,-0.9270349203124999
6.866250000000001,8.647812499999999,-1.6301853903125
6.09,7.830312500000001,-0.3285908799999999
5.4034375,9.0921875,-1.1930573353125
4.400625,7.3959375,1.1862472066874998
2.7528125,9.138437499999998,-0.25836097
2.3562499999999997,10.169374999999999,0.3541290236250001
1.989375,9.934375,-0.20813593387499996
2.1084375,10.0628125,-0.005958868125000072
2.958125,10.068124999999998,0.04852245250000009
2.67,10.89875,0.6665457133125001
2.3053125000000003,9.58375,0.3541290265625001
2.7546875,10.55875,0.306883541875
2.26,9.119687500000001,0.09491682468750007
3.0759375,10.223125,0.13109584812499991
2.4228125,9.8984375,0.30135021875000007
2.3646875,10.0028125,-0.21111537593749985
2.2059375,10.055625,0.4392562240624999
2.7243749999999998,10.0509375,0.10513207156249993
2.54875,10.3315625,0.043840510125000065
2.8871875,9.819062500000001,0.3758364290624999
2.6865625,10.560625,0.13322401125000002
2.4478125000000004,9.6440625,0.42989220262500005
3.839375,8.619375,0.9713010690625001
2.5165625,9.78375,0.4349998503124999
2.944375,10.1465625,-0.2379304378125
2.8259375,9.8403125,0.5367268550000001
2.538125,9.945,-0.09151169062499986
2.876875,9.9334375,0.25027387874999996
2.8562499999999997,10.049687500000001,0.18430032437499988
2.716875,10.2878125,-0.048522444499999956
2.9574999999999996,9.818125,0.3366779892500001
3.0109375,10.85,0.07874263050000002
2.444375,9.412187500000002,0.28517599062499993
3.4071874999999996,10.1140625,0.11534732643750006
2.7746874999999998,10.094375,0.4196769240625001
2.9546875,9.8603125,-0.23282281937499988
3.166875,9.8678125,0.5835467434375001
2.6215625000000005,9.743125,-0.0783169909375
2.6934375,10.258125,-0.23793042468749998
3.0228124999999997,9.8303125,0.35370339250000005
3.0581250000000004,10.630312499999999,0.1932386989375
2.6675,9.745625,0.3541290595625001
3.0340625,9.9946875,-0.19111054312499998
2.6890625,9.8478125,0.205156501125
2.6793750000000003,10.114374999999999,0.15322887281249992
3.2112499999999997,10.3121875,0.08172210174999994
2.868125,9.5878125,0.4784147068749999
3.2125,10.3246875,0.23452535906250005
3.18375,9.553125,0.7337962401249999
2.6009374999999997,9.884687500000002,-0.10598332781250006
2.573125,9.907499999999999,0.03745595406250002
3.455,10.01625,0.47586092625
3.1215625,10.319375,0.254104623125
3.1484375,9.3240625,0.9278861715624999
2.8325,9.820625,-0.1579109168749998
2.4346875,9.9253125,0.16472106668749997
3.17375,10.068437500000002,0.45926113687500003
2.8984375,10.4228125,0.20643335468749996
2.655,9.786249999999999,0.4358511296875003
3.3209375000000003,10.213125000000002,0.15833653718750004
3.5862499999999997,9.0840625,0.9121376578125
3.0771875,9.896875000000001,-0.17280818768750006
2.76875,9.814687500000002,0.2140948803124999
3.4749999999999996,9.9134375,0.4575586303125001
3.8462500000000004,8.785937500000001,1.0164184868750001
2.836875,9.509062499999999,0.5746084103125
3.4556250000000004,9.927187499999999,-0.06086592875000005
2.9978125,9.7284375,0.5418344548125
2.901875,9.993749999999999,0.08682971499999992
3.0746875,10.306249999999999,0.10342949031249996
2.916875,9.693750000000001,0.38222099000000004
3.4346875,10.221875,0.5426857082500001
2.9546875,9.56125,0.7406063706250001
3.0278124999999996,10.00375,-0.18217211812500006
3.0509375,10.0403125,0.69123262
2.675,9.8403125,0.030220176249999953
2.9765625,10.4028125,0.03447651437499999
2.955,10.0234375,0.5682238356249998
3.6221875000000003,10.59375,0.52395772625
2.734375,7.6778125,0.86276392625
3.4965625,10.0896875,0.3371036246875001
2.7490625,9.7578125,0.43414855375000005
2.82375,9.997187499999999,-0.08895789281249994
2.9325,9.9228125,0.31071418937499995
3.2475,10.0971875,0.2060077346875
3.2246875000000004,10.444375,0.15535707718749997
2.8009375,9.6053125,0.43244604
3.5165625,9.993125,0.26431983843750007
2.7384375,9.123125,1.1900778653125
3.2512499999999998,10.08625,-0.06469665562500002
2.8628124999999995,9.7303125,0.4703275915625001
2.8059375,9.900624999999998,0.04298924468749993
3.070625,10.434687499999999,-0.07406063374999994
2.6115625,9.5409375,0.40009774406249987
3.4775,10.061250000000001,0.1774901875
2.8556250000000003,9.341562499999998,0.585674948
2.778125,9.883125,-0.21707428512500004
2.52125,9.8675,0.16472108562499993
3.279375,7.812500000000001,0.8525486324999999
3.1712500000000006,10.510625,-0.00723580000000007
2.6415625,9.4528125,0.41840007781249994
3.461875,10.0215625,0.20600775843750002
3.0115625,9.72875,0.41584619624999997
2.5606250000000004,10.0303125,-0.2758120265625001
3.1453124999999997,9.181875,0.450748354
3.2284375,10.259375,0.23154591968750005
3.26875,10.52125,0.09917315500000001
2.74375,9.3975,0.4622405684374999
3.5390625,9.997187499999999,0.11407042843749993
2.9859375,9.765,0.1634441459375
2.8887500000000004,9.991875,-0.17451068125000008
2.6053125,9.85,0.141311094375
3.2928125,9.9015625,0.32135508406249996
3.4790625,10.7153125,0.209412875625
2.65,9.5109375,0.5826955174999999
3.574375,10.103124999999999,0.2204793731250001
3.080625,9.664375,0.7878520037499999
2.6759375,9.475312500000001,-0.3149705501874998
2.6884375,9.7696875,0.2634685876249999
3.6353125,10.369375,0.2970938221875
3.2728124999999997,10.4953125,0.03830725406250002
2.8575,9.493437499999999,0.4018002787500001
3.5621875,9.991875,0.06299409574999998
3.0390625,9.5996875,0.5099117584375
2.7040625000000005,8.743437499999999,-0.02809199450000005
3.2281249999999995,10.23375,-0.11492170218750014
3.09625,9.7571875,0.5184244950000002
3.5371875,9.907187500000001,0.15578270125
3.0596875000000003,9.3846875,0.7133657256250001
2.7818750000000003,9.936875,-0.31582182343749987
2.6478124999999997,9.89375,0.06512226656250003
3.35625,9.989375,0.2592122759375001
3.28625,10.53875,0.2485713343749999
2.7174999999999994,9.421875,0.5350243096875
3.583125,10.1203125,-0.2123922937499999
2.7775,9.6353125,0.4188257003124999
2.8496875,9.965937499999999,0.07533752700000002
3.221875,10.4425,0.24048426499999997
2.635625,9.5375,0.4060565834375
3.475,10.100625,0.2587865633125001
3.3471875,7.714687499999999,1.0168440900000002
2.445625,9.86375,-0.3515751803125001
2.7034375,10.0403125,0.13194710874999993
3.37125,9.9175,0.6512228973749999
3.3975,10.3053125,0.1468443578125
3.2221875,9.404375,0.8304155678124999
2.8659375000000002,9.885,-0.2443149753125001
2.5971874999999995,9.8678125,0.22047938437499998
3.280625,9.979687499999999,0.5639674667500001
3.569375,10.7728125,0.6201514659375
2.6121875,9.2053125,0.7997697973750002
3.2275,10.100625,0.16812615000000003
3.6528125,8.7615625,0.8755330112500002
6.971875,7.624375000000001,1.8459826753124997
6.205937499999999,6.545937500000001,0.8572306101874999
5.629687499999999,7.7221874999999995,0.19579248531250004
5.739374999999999,7.432499999999999,-0.4528765534375001
4.9353125,6.280625,0.6920839576250001
6.116250000000001,6.86375,-1.4671668346875
4.56,7.3715625,0.46053799187500005
2.88125,4.6815625,-0.6397307075
5.918125000000001,6.65625,-0.3294421459375
2.6487500000000006,5.574062500000001,-0.5048041337500001
5.8184375,6.628125,-0.71506827625
4.7440625,4.4609375,1.521222603125
4.0875,6.028124999999999,-0.5265115560625
5.0821875,4.998125,0.004682005937500067
2.4956250000000004,4.9984375,-0.79636472375
4.8109375,6.1684375000000005,-0.278365851875
5.029375,5.2346875,-0.5367268284375
5.3278125,4.371874999999999,1.3339428159374997
4.766875000000001,5.6265625,1.340327240625
5.3784375,4.8640625,-0.34306258750000007
4.0825,6.249375,-0.6120643950000002
4.9859375,5.2515624999999995,-0.03234837062500001
4.649062499999999,6.9790624999999995,1.073453683125
2.6853125,5.5131250000000005,-0.2770889496875
6.6928125000000005,5.911562499999999,2.1660608453125003
4.679062500000001,5.4546875,0.19962326468749994
5.1240625,7.230625,0.6856994140624999
3.1837500000000007,6.35,-1.0551513146875
2.1828125000000003,7.170937500000001,-1.2586052503124998
5.244375000000001,9.116875,0.645264033625
2.8218750000000004,5.874999999999999,0.06001465874999998
4.57625,6.13875,-0.5358755256250001
2.2171874999999996,5.9868749999999995,-0.449471473125
3.312499999999999,7.119375,-0.8721278893750002
3.2121875000000006,6.287812499999999,0.22728955531250009
3.4956250000000004,5.970000000000001,0.8925583587499998
6.7934375,6.7225,-0.6627150175000001
5.37625,8.07625,-0.6576074256250002
4.5121875,6.3596875,-0.40988731062500006
6.6996875000000005,6.6621875,0.43585120093750007
4.8225,6.778437500000001,0.308586084375
3.89875,7.1934375,-0.7282629546874999
5.06875,7.498125,-0.62994102375
4.3925,6.23875,-0.5971671325000001
2.326875,8.3275,-1.8063985805624998
4.9803125,4.2787500000000005,-0.15918784668749994
3.1056250000000003,7.559374999999999,-0.33199601718750005
6.026250000000001,6.069687500000001,0.1843003390625002
5.515625,6.6290625,0.2830478865624999
4.165625,5.329375,-0.0234099765625001
2.6187500000000004,5.727812500000001,-0.0902348684375
4.6503125,5.98875,0.200048848125
4.889375,5.225625,1.41140858125
4.3415625,6.178125,0.6376025078124998
7.505000000000001,6.3609375,1.2449849278124998
3.946875,7.1475,-0.9559781143749999
3.239375,8.404687500000001,-0.1221575075000002
3.4146875000000003,7.061562500000001,1.0045006125
3.65375,5.7368749999999995,-1.202421315
4.570937499999999,6.5484374999999995,1.1624114996875
2.2781249999999993,6.5021875,-0.8585075721875
1.5140625,6.2465625,-0.6197258587499999
4.16625,7.1465625,-0.4703276425
2.5012499999999998,6.404062499999999,-1.794906474375
4.7484375000000005,6.030625000000001,1.1670935384375
4.4965625,5.5884374999999995,0.16046474656249998
6.061562499999999,6.949375000000001,-0.051501946124999864
5.7175,6.1187499999999995,-0.31326806562500004
6.237500000000001,6.637499999999999,-1.3228762690625
4.04875,7.160625,-1.4790846450000001
4.928437500000001,6.137500000000001,1.407152128125
2.1640625,4.5984375,-0.7376269312499999
4.281874999999999,6.0334375,-0.012769053125000207
4.8584375,4.858125,1.0849458378125
4.416874999999999,6.1859375000000005,-0.22218192718749996
4.3678125,5.943437500000001,-0.24048427362500002
3.14875,6.050000000000001,-0.16259291656249975
2.7365625000000007,5.3209375,-1.6344417440624999
4.559374999999999,7.245000000000001,-0.960660170625
3.40375,7.6346875,-3.0432964587500004
3.065,7.423125000000001,-1.22285183375
4.025,3.663125,-0.8363744765625001
4.1396875,7.5771875,-0.8176464426249999
4.188124999999999,5.4721874999999995,-0.7299655425
4.3009375,7.1334375,-0.7240065934375
5.021875,6.025624999999999,-0.04511741912500006
3.1381250000000005,5.945,-0.0757631765625
5.05125,5.1328125,0.39839517656250023
3.903125,5.516562499999999,-0.005958876562499937
3.2809375000000003,5.5275,-1.0653666003124997
4.8803125,5.6465625,-1.61188299375
3.1928125,4.8946875,-0.14982383125000004
4.6303125000000005,6.202500000000001,-0.32263201593750007
4.8353125,7.674687499999999,-1.7336148731249998
4.58875,6.2703125,0.88447131875
4.2253125,5.559375,0.8350975371874998
5.4803125,6.36125,-0.21366920843749992
5.6153125,6.0746875,1.5774065415625
8.0059375,6.846875000000001,0.8176465437499999
8.1959375,6.9409374999999995,0.6031260265625003
4.904062499999999,5.661875,-0.4307435459375001
3.260625,6.4234375,-0.9521474579999999
4.74,4.326875,0.21579736531250004
6.266249999999999,7.654375,0.8874508162500001
6.334375,7.85,0.8610613449999999
3.794375,7.521875,-1.0653665534375
4.56125,5.869999999999999,-0.575885316875
6.8334375000000005,8.7678125,-0.3766878021875
5.532500000000001,6.127812499999999,0.03617902062499978
3.3000000000000003,7.183437499999999,-0.3034783759375
3.1453125,5.1118749999999995,-1.027910642375
3.4034375,5.7046875,0.5707777074999999
2.689375,4.954062500000001,-0.1472700158125001
3.4299999999999997,6.604374999999999,-0.26261733749999994
2.724375,4.6771875,-0.8802150009375
3.8859375000000003,7.9471875,-1.2926561265625
6.848125,4.9378125,0.3090116096875001
7.2871875,7.6525,0.7665701662500002
4.2028125,7.010937500000001,-0.14088548206249996
6.969062500000001,7.811249999999999,0.058737754499999906
3.9209375,6.133749999999999,-1.114314746875
7.1584375,8.2521875,-0.35753417187500003
4.4509375,2.0268750000000004,-0.21196663187500003
8.0934375,4.721874999999999,1.2488156325624997
4.524062499999999,5.6078125,-0.5907825587500001
3.6396875000000004,5.9428125000000005,-0.8146670521875001
3.314375,5.4262500000000005,1.2475387029375
2.8606249999999998,6.9731250000000005,-1.24966692325
6.48875,5.4709375,2.677675155
5.3490625000000005,7.038125000000001,-0.901922381875
5.251250000000001,6.3328125,-1.0053519093749999
3.9703125000000004,7.06125,-0.32859092156250014
3.1803125,6.07375,-1.077710008125
5.890624999999999,5.8709375,-1.36714236125
4.0965625,7.26875,-0.03192270812500009
5.3225,7.6890625,-0.5082091784374999
4.7318750000000005,6.4740625000000005,1.1287863059375
4.1615625000000005,4.2603124999999995,-0.4826710881249999
3.1846875,8.228125,-0.17621327343749982
6.047812499999999,7.954062500000001,-0.8597844278125
4.6096875,5.16125,-1.7897988636250002
2.9634375000000004,4.2328125,-0.7452884340624999
4.89875,5.1140625,1.6808360750000002
5.329375000000001,7.442500000000001,-0.944485979375
3.3509375,4.9193750000000005,-1.080689429375
2.5146875,4.7696875,-0.11023963874999994
3.6984375,3.5746875,0.14131109593750002
4.0103124999999995,4.2640625,-0.42393331093750003
5.511875,5.77125,1.4373723384375001
1.97375,6.1459375000000005,0.1421623565625001
4.264375,5.756875,-2.4218681190625
5.225,7.151874999999999,0.12130623125000001
7.532187500000001,7.362500000000001,0.01234345250000024
5.745312500000001,9.1328125,-1.5212224821875
2.8015624999999993,8.2784375,-0.7206014652500001
5.1315625,6.609375,-0.10896276500000002
6.513437499999999,5.8396875,1.165391109375
4.011875,7.715937499999999,-0.74486273125
7.155625000000001,7.147187499999999,0.022133083750000004
3.9859375,6.5790625,-1.86598761125
7.385937500000001,8.598125,-0.6418588642499999
5.6031249999999995,6.7075000000000005,0.3932875203125001
1.6859375,3.745625,-1.5510172021875
5.71625,7.2165625,-0.10470641343749998
5.6209375,5.1375,-0.0025538118749999783
3.8075,6.6334375,0.5652444393750002
7.025,6.6578125,0.7078325146875001
4.5953124999999995,5.6190625,-0.4273384350000001
5.949999999999999,6.486562500000001,1.05940766
5.1753125,6.0884375,-0.5167219306250002
5.48625,4.374062499999999,0.564818813125
4.319062499999999,6.1303125,-1.040254035
1.8846874999999998,4.2565625,-0.6533510331249999
7.14875,7.1703125000000005,1.811931939375
3.8678125,7.3603125,-0.6593099681250001
5.158125,8.65375,-1.4365210375
5.348125,7.050937500000002,-1.1419810251875
2.8206250000000006,6.29875,-0.7708265446875
7.5940625,8.21125,-0.5422600840625
4.4946874999999995,6.1121875,0.207710295
3.21875,4.4984375,-0.8427589859375001
7.534375,6.345625,0.7001709475
4.6753124999999995,5.6084375,0.3430624726875
4.503749999999999,7.0303125,-1.13091452025
4.3675,6.2303125,-0.8287130515624999
7.6125,7.2015625,1.1964624218750002
6.1206249999999995,6.110625,-0.6056798491874998
5.1525,7.528125,-1.078986895625
5.9009375,5.970625,0.26431992018750006
5.0671875,7.028437500000001,-1.729784150625
6.359999999999999,7.1518749999999995,0.21111532406250008
4.426562499999998,9.593125,-0.98066501875
5.084999999999999,7.4125,-0.4920350753125
6.023750000000001,4.7009375,0.29964766112500013
4.4984375,4.820312500000001,1.6493389778125
-0.9875000000000002,7.76875,1.4203468684375
-1.1790625000000001,9.9603125,1.0308900610625
-1.9,9.39625,1.1287863218749998
-2.0046874999999997,9.977812499999999,0.4511740454375
-2.2931250000000003,9.94125,1.0819663501875
-2.2434374999999998,9.767187499999999,1.5625092489374999
-2.2600000000000002,10.342812499999999,1.1747550021875002
-1.36875,8.6078125,0.832543730625
-1.2278124999999998,10.23875,0.8593588190625
-1.5215625,9.4678125,1.0802638393750001
-1.5590625,9.9653125,0.5516240756250002
-1.1453125000000002,9.8321875,1.1287862906250001
-1.5187499999999998,9.8753125,0.7895545426874999
-1.3884374999999998,10.155625,0.6920838808124999
-0.885,9.807500000000001,1.15985774
-1.5696875,10.560937500000001,0.9483167409374998
-1.7640625,9.3046875,1.4250289012500001
-1.2946875000000002,10.4646875,0.7567805162500001
-1.5371875,8.9009375,1.1334683112500001
-1.7868750000000002,9.864999999999998,0.6788892095624999
-1.5018749999999998,9.88125,1.1709242873125003
-1.5981250000000002,9.9134375,0.85850754875
-1.7784375,10.02875,0.7218784328124999
-1.3475,9.7271875,1.2505181840625001
-1.7090625,10.5759375,0.9874751828125001
-1.5059375000000002,9.235,1.0611102093750002
-1.8903124999999998,10.290312499999999,1.0342952084375
-1.7259375,9.0203125,0.8308412078125
-1.315,10.286874999999998,0.9564037893750001
-1.7784375000000001,10.314374999999998,2.1358407743749996
-1.8578125,10.020625,0.6103618243750002
-1.9909375,9.7228125,0.9908803206250001
-1.75875,9.9840625,1.1573039012500002
-1.3043750000000003,9.64875,1.2726512240625
-1.6984375,9.66625,1.3250044358125002
-1.88125,10.636875,1.167944829
-1.7021875,9.031875000000001,1.1956111665625
-1.464375,10.390625,1.0657922375
-2.0349999999999997,9.725312500000001,1.3875728770000002
-2.2015625,9.6425,0.6512228755000002
-2.2418750000000003,9.933125,0.927886179375
-1.9562499999999998,10.1246875,1.128786324375
-2.0690625000000002,10.34,0.8129645315625
-2.069375,9.2246875,1.0117364169999998
-1.7371875,10.351875,0.9057530924999999
-1.93625,9.2840625,1.482064081875
-1.8400000000000003,9.9546875,0.56694698375
-2.0659375,9.685937500000001,1.10367384125
-1.9403124999999997,9.783750000000001,0.9529987096875001
-2.088125,10.392812500000002,0.6788892090624999
-1.99875,9.5096875,1.1411297662500002
-0.7887499999999998,8.54,1.1526219153125001
-1.80875,9.3634375,1.4075777531249998
-2.2665625,9.7525,0.24133550812500007
-2.1271875,9.764687499999999,1.2696717501875
-2.4800000000000004,9.72375,0.22388447156249985
-2.4528125000000003,10.067812499999999,0.754652395125
-2.143125,9.440000000000001,1.0666435462500004
-2.1859375,10.3990625,0.9461885334375001
-2.1728125,8.9059375,0.84063082
-1.4806249999999999,10.1996875,1.4624848640624997
-1.8015625000000002,10.0240625,2.330782048125
-2.738125,12.1240625,-1.2339184660625002
-2.1046875,9.412812500000001,1.30329701875
-2.2778124999999996,9.7371875,0.5214039174999999
-2.2765625,9.66,0.8070056184375
-1.9621875000000002,9.960625,1.141981036875
-3.1156249999999996,11.9484375,-0.5035272825000001
-2.9715625,9.0171875,0.15705952593749994
-3.4475,11.2340625,-0.9793880524999998
-4.296250000000001,12.493125,-0.2796428381249998
-1.9821874999999998,11.8509375,0.3920106693749999
-2.6428125,9.721250000000001,0.73932954
-3.9831250000000002,11.836875000000001,-0.8853225950000001
-3.8096875,12.979062500000001,-0.8725534228125
-2.679375,11.718125,0.36945190124999994
-4.3871875,12.0240625,-2.1447791293750003
-2.2581250000000006,10.3334375,0.5516241024999998
-3.1915625,12.295937499999999,-0.4128667723749999
-6.27625,11.508750000000001,-1.9494122384375001
-5.558125,10.146562499999998,-2.5968044296875004
-2.995,11.4765625,-0.4945889053125003
-2.5462499999999997,11.5134375,-0.9547012559375
-6.0465625,12.6528125,-1.1083557693749997
-3.1896875000000002,10.9684375,-0.5592854793750002
-4.098125,10.862187500000001,-0.3775389959374998
-5.171250000000001,10.2125,-1.7306353843749998
-3.6965625,12.072500000000002,-0.9095838703125004
-5.7596875,10.9875,-2.177978719375
-2.99125,9.7575,0.3307191159374997
-4.8915625,9.5646875,0.2677249440625
-5.270625,9.5990625,-1.9583506459375
-4.68125,10.079999999999998,-0.4805429271875001
-2.1903124999999997,9.717187500000001,0.6393051041875001
-2.1096874999999997,10.088750000000001,0.8031748959375
-2.198125,10.3365625,1.0743049059375
-2.12875,10.641874999999999,0.9551268828125
-2.1721874999999997,9.14875,1.0704742578125
-1.5615625,10.180625,1.1709242662500001
-1.9146874999999999,12.033125,1.1075044699999999
-2.008125,10.567187500000001,-0.9406552540625002
-4.7640625,12.495625,-2.0200678956249996
-3.915625,11.32875,-0.1553570493750001
0.6637500000000001,9.2390625,0.3349754103125
-0.9137500000000002,11.005937499999998,1.2824408421874998
-3.845625,11.460625,-0.5443882284374999
-3.8259374999999998,11.884374999999999,-2.630855310625
-5.3540625,11.700000000000001,-2.3541920115625006
-5.243437500000001,11.923749999999998,-2.0528417840624997
-2.2490625,8.758125,1.0666434528125002
-1.7375000000000003,10.4003125,0.94661414925
-2.3484375,9.2175,1.141555383
-2.46875,10.4178125,0.6329205337499999
-2.8934375,9.9896875,0.5588599134375001
-2.07625,10.071874999999999,0.574608401875
-2.1240625,10.29875,0.9772599503124999
-2.1753125000000004,9.442812499999999,0.6048285771875002
-2.2262500000000003,10.015,1.2002931428125
-1.9453125000000002,9.595,1.8378956540625
-1.9309374999999998,10.5584375,0.8699997309375
-2.1396875,8.7978125,1.1653909546874999
-1.5909375,10.370312499999999,1.0062031759375
-2.36625,8.834687500000001,0.824031053125
-2.1603125,9.9728125,0.4179744340625001
-2.185625,9.6415625,0.7942365146875001
-2.0153125,9.79625,1.0862227324999998
-2.2759375,10.1025,0.47586091906249994
-2.1018749999999997,9.755,1.35522465825
-2.3078125,10.2240625,0.7550780090624999
-1.7521875000000002,9.8759375,0.9593832535625
-2.1028125,10.588437500000001,1.1138890434374997
-2.5231250000000003,9.0259375,1.0283362828125
-1.9165624999999997,10.6528125,0.9240554759375
-1.955625,9.149999999999999,1.4450338040625001
-1.8362500000000002,10.6371875,0.9534243566874997
-2.2503125,8.94125,1.2168928918750002
-1.890625,10.625625,0.979388142
-2.4328125,9.025,1.35650153575
-1.670625,10.2809375,0.8883020339375
-2.37,9.275937500000001,1.425880115625
-2.1946874999999997,9.962187499999999,0.45713293156249996
-2.2546875,9.626875000000002,1.140278553125
-2.2015625,9.9475,1.0726023903125004
-2.2471875,9.9709375,0.682294285
-1.8565625000000001,9.740312500000002,1.2105083824999998
-2.1296875,10.2796875,0.8133901484374999
-2.0481249999999998,9.305,1.0232286311249998
-2.455625,10.3453125,0.8495691723750001
-2.2353125,9.7109375,0.941506531875
-2.71,10.450937499999998,0.6171719821875
-2.3178125,9.606562499999999,1.2173185946875
-2.4815625,9.873750000000001,0.7899802082499999
-2.353125,9.92875,0.9091582128124999
-2.545625,9.76,0.8078568978125
-2.2815625,9.977812499999999,1.1905034832499999
-2.3340625,9.6959375,0.6771867015624999
-2.4659375,9.993125,1.4118341698749999
-2.4518750000000002,9.8578125,0.8329694003125001
-2.5271875,9.88875,1.1092071323125
-2.3928125,9.591875000000002,0.9738548625000001
-2.354375,9.918125,1.1956111062499999
-2.3153125,10.103124999999999,0.6967659191875
-2.0684375,9.5184375,1.2632872860625
-2.4575,10.375,0.973854845625
-2.4475,9.0396875,1.067920355
-2.1534375,10.46,0.9789625040625
-2.4650000000000003,9.0071875,1.0304644181250002
-2.2990625,10.283125,0.5784391653125
-2.3965625,9.313125,1.54846328375
-1.940625,10.1025,0.71251444875
-1.901875,9.46125,1.7889475618749997
-2.189375,10.0796875,0.1991975587499999
-2.2728125,9.821875,1.1253811955
-2.38,9.799375000000001,1.2168928979375
-2.2946875,10.11,0.9427834556249999
-1.8734375,9.29375,1.2709486662500002
-2.2759375,10.399999999999999,1.0308900475
-2.4625000000000004,9.265625,1.350542596875
-2.1168750000000003,10.488125,1.0691972959375002
-2.1453125,8.9453125,1.330963342625
-1.71125,10.256875,0.93256819575
-2.314375,9.469375,1.2611591178125001
-2.2199999999999998,9.941875,0.6937864365624999
-2.4215625000000003,9.6346875,0.8819174653124999
-2.2525,9.8884375,1.0534488025
-2.4190625,10.074375,0.9053274971875
-2.0956249999999996,9.452187499999999,1.2215749325
-2.303125,10.56875,1.0917559565625
-2.4253125,9.095625,1.14581171875
-1.9328124999999998,10.359375,1.0027980912500003
-2.4109375,9.056875000000002,1.2479644009374997
-2.5003125,9.99125,0.6610124860624998
-2.533125,9.4040625,0.7627394454374998
-2.2434374999999998,9.973437500000001,1.3769319959375
-2.4034375,10.348125,1.0708998571875
-2.3109374999999996,9.3725,1.3603321734375
-2.0396875,10.3328125,0.8270104665625
-1.7137499999999999,8.955937500000001,1.7272303406249998
-2.37625,9.891874999999999,0.7240065934375002
-2.5793749999999998,9.5146875,1.0568538974375001
-2.059375,9.9759375,1.4539721159375
-0.06843750000000004,9.01375,1.47440266
6.3546875,5.6059375,-0.6295154270000001
5.2109375,5.946562500000001,-0.45628155312499996
2.7928125,5.3046875,-0.1766388921875
3.91,7.3403125,-0.24814571612500003
4.272187499999999,3.7278124999999998,0.5652444806250001
4.437812500000001,8.137500000000001,-0.41456929299999995
5.126875,5.4678125,1.36543987125
5.1525,5.125,0.06469662593750004
3.131875,8.510312500000001,-0.01064088750000003
6.0684375,7.6215625000000005,0.3524265159375001
5.119375,7.528125,0.1127934968750001
3.5506249999999997,5.359999999999999,-0.33795489875000007
6.307812500000001,7.0990625000000005,-1.0913303381250001
5.446249999999999,3.995625,-0.45117396
4.858125,5.0515625,-0.13279836874999995
4.4765625,5.0562499999999995,-0.1310958846875
6.8921874999999995,7.079999999999999,0.25665841843750004
5.4790624999999995,3.0271875,-0.005958903437500052
2.6646875,4.5965625,0.32986781843749985
2.99125,3.9834375,0.0017025453124999423
5.163437500000001,5.179375,0.5554548475000001
6.04875,5.1184375,0.8108363490625001
4.81375,5.5115625,0.28432472812499987
4.290312500000001,6.8725000000000005,-1.0594076953125002
1.8493750000000002,5.5153125,-0.6265359925
5.331874999999999,7.1534375,-0.44904586981250005
3.4381250000000003,5.03,-1.8319366987499999
6.9478124999999995,8.105,0.17153123406249993
7.515,5.754375,1.9085512381249998
4.298125000000001,7.43875,0.16727486012499992
4.5025,7.6499999999999995,-0.784446910625
4.2203125,7.53875,-0.3554059387499999
2.5087499999999996,4.3340625,0.3762621589375
2.2037500000000003,3.9265625,0.24899700000000002
3.7815625000000006,5.3065625,-0.443086958125
3.3968749999999996,6.1665625,-0.3541290615625
4.402187499999999,5.2321875,-0.3677494415624999
4.7675,6.8490625000000005,0.06980430406249977
7.0146875,7.913125,-0.5831211371875
3.506875,4.1065625,0.393713165
6.9025,8.1396875,-0.5086348958125
5.800625,7.5271875,-0.11364474468749997
5.3784375,6.181875,0.5792904253125001
3.2134374999999995,5.7787500000000005,-0.5873774942500001
5.68875,5.241250000000001,0.2272895628125
6.7559375,5.9021875,2.0426265353125
3.8315625,5.5796874999999995,-0.554603489375
5.55125,5.6084375,1.0547256814375
6.0959375,5.840625,1.5608066728125
6.26875,5.2453125,2.6121274525000002
5.315624999999999,7.39125,0.5848236504375001
3.8665625,4.571875,1.0551512621874999
4.1746875,5.6084375,0.6686739034375002
6.2231250000000005,6.9346875,-0.8746817008124999
4.9509375,7.9890625,-0.145141848125
3.0690625000000002,6.742812499999999,-1.4637617398125
2.6981249999999997,6.89625,-0.5431114656250001
6.3103125,5.8703125,-0.5588598834374999
6.5065625,5.7803125,0.3549803408125
4.9278125,5.527500000000001,-1.3858703759375
6.5103124999999995,5.723437499999999,-0.30773472374999994
5.009062500000001,6.0503125,-0.5477933971875
4.690625000000001,7.038437500000001,-1.4705719512500002
4.491562500000001,6.359687500000001,-0.5605624509375
6.421250000000001,8.0484375,-2.3916478990625
4.4815625,4.873125,-0.7878520062500001
2.5078125,4.763749999999999,-0.7516729234374999
4.375,4.9634375,-1.6144367975
4.555312499999999,6.1834375,-0.9274605121875001
6.1325,5.546875,0.16599797656249998
3.8459375000000002,6.486875,0.2834735378125001
4.6821875,6.2046875,-1.087499650625
4.68,4.733750000000001,0.18642853625
4.716562499999999,6.3853125,-1.5369711459375002
6.2321875,6.6221875,1.3113840784375
4.2134374999999995,5.787812499999999,0.34433939874999997
3.766875,5.7490625,0.16727489375000015
6.044375,7.8709375,-0.6576073459374999
3.6078125000000005,7.3021875,-0.430743474875
4.4775,6.1684375000000005,-1.5910268834375
5.885000000000001,5.210312500000001,0.8857483128125001
4.1990625,5.8134375,-1.039402828125
4.8865625,5.443125,1.8855668956249998
2.3328125,5.4759375,-2.1860658459374998
3.4818749999999996,7.5975,-0.22218192374999995
4.9734375,3.9756249999999995,0.925332395
6.62375,6.7659375,-0.14301364531250016
7.362500000000001,9.91,-1.4271570434374998
5.469687500000001,7.35125,-1.42588020375
5.2809375,7.6990625,-0.4967170675
2.0640625,5.391875,-0.4443638071875
5.2775,6.1578125,0.11534730125000003
3.8893750000000002,6.09375,-0.52268084
4.934374999999999,5.7534375,-0.9308656740624999
4.2387500000000005,5.5671875,-1.366716761875
4.4365625,6.7778125,0.21664862499999998
5.4471875,5.405625,-0.32859089031250016
6.083750000000001,6.528125,-0.9104351443750001
5.61125,4.6125,-0.4320203753125002
6.952500000000001,5.15625,-1.179862624375
4.005,6.3271875,0.39456442718749996
4.578125,2.9065624999999997,1.5914525428125
5.103437499999999,5.738750000000001,0.14684437718750004
4.4325,6.838125000000001,-0.1732337734375
3.7856250000000005,4.819687500000001,-0.17195686218749992
3.2803125000000004,5.97625,0.28219657750000005
5.887812499999999,5.208749999999999,0.6414332578125002
3.7684375,5.639375,0.1085372118749999
5.7646875,8.318125,-1.8276804453125002
4.986875,6.581875,0.7980672721875
5.5096875,7.3840625,-0.4775633884375001
3.8715625000000005,5.11875,0.026815070312500078
6.129687500000001,7.225625,-0.039584169687500115
3.63875,7.2509375,0.04213793406250009
5.2259375,6.87125,-0.5082092093749999
5.0153125,6.60125,-0.89085582125
2.6206249999999995,5.8815625,-0.5448138716875001
5.2759375,7.394375,-0.6588843381249998
4.0484375,5.943125,-0.14556742500000006
5.243437500000001,7.573125000000001,0.008938335312499934
8.15875,6.6746875,1.4152393171875
4.9709375,7.250625000000001,-1.5569759724999999
6.8828125,7.133750000000001,-0.20090024156249997
5.5259374999999995,7.8715625,-0.5162962921875001
4.9171875,5.4840625,0.5707776634375
6.333125,5.250625,-0.3839234709374999
5.785937499999999,6.47625,0.02681502625000015
5.22,5.8778125,-0.6784635628125001
5.903125000000001,6.7325,-0.626961638125
5.864375000000001,5.5034375,-0.6848481146875002
3.5934375000000003,7.0490625,-1.0840945478125
6.686875000000001,8.5671875,-0.98704952125
3.5465625000000003,4.959062500000001,0.29496572781249997
3.3046875,7.9475,-2.040072657625
5.125625,5.80125,-0.601849101875
4.174999999999999,3.2175,-0.1230087968750001
4.5175,6.334375,-0.549921519375
4.688125,5.2524999999999995,-0.0153228955000001
5.0875,5.6959375,-0.9627883131250001
6.4315625,5.384062500000001,-0.09661938437500006
6.390625,7.8128125,-0.21281791843749986
4.785625,5.1990625,-0.775934175
5.9528125,8.07,0.66526888
4.374375000000001,6.1521875,0.37753902731249994
7.0209375000000005,6.734062500000001,-0.47075327562499986
5.907500000000001,6.4384375,-0.7337962371875
5.938437499999999,6.306562499999999,0.12343432656250009
5.5615625,6.1090625,-0.06980424656250003
6.9584375000000005,5.4946874999999995,-0.47032765718749997
6.114375,7.1759375,-0.5775878956250001
5.9790624999999995,4.9315625,-1.378634564375
2.9365625,6.344375,-0.3715801275
4.86875,3.408125,1.19348295625
4.87625,6.943125,-0.2102641343749999
5.702187499999999,6.5684375,0.42052819156250004
5.7006250000000005,8.415625,1.7191432737499999
2.4568749999999997,5.075,-1.1645397253124998
5.219374999999999,6.2524999999999995,-0.6942121162499999
3.5803125,6.0975,0.2809196293749998
5.2725,4.610312499999999,-0.012343451249999915
3.8490624999999996,5.4399999999999995,-0.6158951424999999
7.896249999999999,7.322812500000001,0.4750096500000001
4.18875,6.059687500000001,-0.35412902124999995
5.1646875,7.6403125,-1.4028957968750002
2.543125,6.640625,-0.7274117325624999
4.9596875,5.734062499999999,0.022133014375000037
3.0521874999999996,5.418125000000001,-0.898091709375
3.4537500000000003,8.43125,-0.650371625625
5.1899999999999995,6.30625,0.3243345612499999
5.591874999999999,6.3178125000000005,0.4154206009375001
6.6740625,5.9309375,0.2843247646874999
7.0746875000000005,4.728749999999999,1.7153126165625001
9.80125,8.0765625,0.1523776859374999
6.094999999999999,6.1078125,1.719994393375
5.962812500000001,6.513437499999999,-0.32688843575
6.336874999999999,7.83375,-0.7418833003124999
5.788437500000001,5.6075,1.5774064646875
3.3559374999999996,6.229375000000001,-1.1317658225
5.914375000000001,7.8096875,-0.9538499809374998
5.859999999999999,5.43,0.6661200278125001
6.867812500000001,7.0240625,-0.09236303812500002
5.690624999999999,6.209687499999999,-0.19579250393750003
6.785625,7.229374999999999,0.6439870351249999
6.9165624999999995,6.6603125,0.29283744062499995
6.946562500000001,7.234999999999999,0.39073371468749984
5.6134375,6.3240625,0.44649200562499997
4.1315625,5.40875,1.22412876625
6.180937500000001,6.372187500000001,0.9657678823125002
7.1075,6.464062499999999,0.7010223445625
5.1075,7.073125,-0.272832628125
4.438125,7.647499999999999,-1.314363633125
5.6309375,6.3100000000000005,0.058737801875000106
6.178749999999999,5.4325,1.05727951875
5.6656249999999995,6.1528125000000005,0.5431113937500001
3.7121874999999998,6.63125,-0.8099851206249999
2.165625,5.977812499999999,-2.0736979696875
3.8806249999999998,4.2846875,-0.543962630625
6.07625,6.25125,-0.022133049375000075
5.45125,5.6775,1.3722501
4.192187499999999,7.5874999999999995,-0.04639433031250001
6.285,7.285625,-1.1568783309375
6.7153125,6.683125,0.1013013696875
2.3625,5.518125,-0.12981896531250026
6.21875,6.158125,1.1649653705
7.1000000000000005,7.776562500000001,-0.5141680912499998
5.680937500000001,3.9703125,-1.184118928125
4.2625,6.651875,-0.34178557875000004
4.360312499999999,4.3834375,-0.643561445
4.1778125,5.930625,-0.59631586875
1.8571875000000002,9.281875,2.7968532298125
1.5003125000000002,8.219999999999999,2.9828561615625
1.506875,8.4884375,3.3165546521875
1.6546875,8.8584375,2.839416875625
1.525,9.64125,2.2490599439374996
0.7340625000000001,9.8090625,1.5978370171874998
1.4940625,7.789375,2.8802779090625
1.9671875,10.1203125,3.24845291625
1.405,9.578125,2.7832329415000006
1.501875,9.815,3.1182083409375005
0.6215625000000001,8.8559375,2.2073475774999998
0.8034374999999999,9.5646875,2.0153858125
0.4865625,8.430312500000001,2.771315130625
0.5690624999999999,8.5671875,2.5180617575
0.7721875,9.7684375,2.038795801875
0.8615625,9.083437499999999,2.3448279796875
0.6031250000000001,8.27,2.49763125375
0.649375,9.241249999999999,2.3022644078125
0.8915624999999999,8.991562499999999,2.6321321906249997
0.7634375,9.7509375,2.5968044355
0.596875,8.490625,2.3861146984375
0.6609375,8.91875,3.35230803625
0.04656249999999999,9.7925,1.3875729265625
0.8053125,9.3040625,2.28523894625
0.715,9.421875,2.844950131875
1.38875,8.848125,3.1880126681250003
1.0578125,9.875,3.002860981875
0.18999999999999995,8.47875,2.68150597
0.10031249999999997,10.1678125,1.4412030331249999
0.7253125,8.2403125,2.6959776039375
0.8187500000000001,8.8559375,3.6030076525
0.595625,8.715,3.445947945625
0.27937500000000004,9.74125,2.709597889375
0.324375,9.0915625,2.4959287032499997
0.99,7.5981250000000005,3.7664517790625
1.239375,9.1765625,3.1003316621875
1.983125,8.7725,2.4444268209375
4.091875,8.49875,1.3739525864375
4.292812499999999,9.3703125,0.6686739459375001
4.16125,9.6121875,0.13875730343750003
3.708125,8.6440625,0.5124655929374998
5.3046875,8.969375,1.1892266136249998
4.75875,8.670312500000001,1.3011688425
4.1578125,8.302187499999999,1.4160905057499997
4.524062499999999,9.305625,0.728262966125
4.1271875,9.3940625,-0.3890311730625
4.5,8.775,1.46844373125
4.694999999999999,8.848125,1.34373244125
4.758125,8.693750000000001,1.0019468346875002
4.939375,9.0603125,1.30457393
4.215,9.1675,0.329016544875
3.8840625000000006,9.4459375,-0.16131600687499995
4.7034375,8.4071875,0.8125388678125001
5.350625,9.185624999999998,1.1011199851875002
4.6090625,8.1959375,1.2892510232499999
4.9625,8.923125,0.869574073625
4.673125,9.880937499999998,-0.028517592499999994
4.200625,8.415625,0.6933608312499999
4.751875,8.7434375,0.6852737340624999
4.713125,8.59,1.124955595625
4.950625,9.4575,1.050469310625
4.987500000000001,8.798124999999999,0.5277884625
3.9809375,8.86875,0.41456934331249995
5.0396875,8.9265625,0.8721278973125001
4.983750000000001,8.3740625,1.0615358553125
4.77,8.7346875,0.9721523409374999
4.974374999999999,9.2109375,0.2932631176875
4.06625,8.6075,0.8793636829375001
4.90125,8.541562500000001,0.7418833125
4.8790625,8.7165625,1.687220571875
5.076874999999999,8.696562499999999,0.7640163537500001
4.7590625,9.4384375,1.6089036131249999
1.651875,7.7375,3.7826258999999998
2.25375,8.8740625,2.77216634375
2.3803125,9.5565625,2.4844365638750006
2.0256250000000002,7.883125,3.02244027375
2.3278125000000003,8.7459375,2.7917456684374997
2.1896875000000002,9.506874999999999,1.4109828909375
1.544375,8.334375,1.6199700746875
1.5368750000000002,8.2425,2.3835608087500004
1.7668750000000002,9.5003125,1.928981736875
1.6221875,8.6865625,2.2311832090625003
1.3050000000000002,9.466249999999999,2.2307575675624998
1.8259375,9.180937499999999,2.0519905296875
0.8778125000000001,9.1690625,2.996476446875
1.4581250000000001,9.0059375,2.290346626875
1.560625,8.2428125,3.3054881521875
1.7296874999999998,8.723125,3.0684089540625
0.9246874999999999,9.4071875,1.6331648340624998
1.7134375,9.16375,2.5750969703125
1.4578125,10.1575,2.836011743125
1.1459375,8.2153125,2.6712906975
1.14375,7.93125,2.7078953675
1.315,8.548437499999999,2.67469578375
0.614375,9.678125000000001,1.8451314644375
1.99375,9.126875,2.672993265625
1.649375,9.751249999999999,2.9398669362500005
1.2809374999999998,8.5621875,2.936887495625
1.44875,8.9840625,2.7087466634375
1.6228125000000002,8.841249999999999,2.6300040391875004
0.8303125,10.215937499999999,1.4782333574999997
1.5434375,8.86875,3.00200976125
1.350625,8.376562499999999,3.3186828003124997
1.705625,9.285,2.41633478925
1.294375,9.395,2.57509699375
0.9159375000000001,8.2134375,1.4867460812499997
0.8034374999999999,10.385625,1.356501499375
2.0021875000000002,9.072187500000002,3.022865929375
1.234375,8.1475,2.448683140625
0.97875,9.874374999999999,2.5235950265625
0.823125,8.744687500000001,2.8194119375
0.7584375000000001,8.941875,1.984740065
2.558125,9.66,2.9709383241875003
2.7203125000000004,9.000937500000001,2.7819560075000003
2.063125,8.920625000000001,3.14246958675
2.191875,9.6096875,2.48018020625
1.7475,9.9728125,0.9534243265625001
1.3059375,9.3446875,2.9777484975000004
1.9828124999999999,9.196874999999999,3.0037122754374996
1.5675000000000001,9.811875,2.3303563616250003
1.8237499999999998,9.4565625,2.6223425590625
1.1490625,9.55,1.3845934921874998
1.1846875,9.549687500000001,2.407396430625
1.5053125,9.2521875,2.75343844075
1.4862499999999998,9.59,3.1458746862499996
1.0365625,9.3546875,2.789191858125
1.3521875,9.369687500000001,2.5516869903124997
0.6234375,9.764687499999999,1.142832295625
0.5046875,9.4953125,3.5072394853124997
0.553125,8.938749999999999,3.0526604523125
0.56125,9.8703125,2.7891918553124997
0.27249999999999996,9.4915625,2.9058160573125003
-0.4074999999999999,9.483749999999999,1.9311099084375
-0.504375,8.9146875,2.7202388109375004
0.1025,9.6521875,2.8160069171875
-0.17593750000000005,8.709687500000001,3.0237171678125003
-0.11625000000000002,9.544375,3.3374108290624998
-0.2209375,10.12875,1.9251510134374998
-0.140625,9.252187500000002,2.7376899043750003
0.02250000000000002,8.5609375,2.910923702375
0.24875,9.537187500000002,3.2778218028125004
-0.10093750000000007,9.1165625,3.2765449065625
-0.2984375,10.6575,1.256477091875
0.05874999999999998,9.280000000000001,3.1254442489375
-0.4475,9.2575,3.020737728125
0.18531250000000005,9.2875,3.323790510625
-0.08968750000000003,8.493125,3.1846075770625006
-0.9175,9.8928125,2.4146322955
-0.813125,9.303437500000001,2.8696370234375
-0.3175,9.3590625,2.971363953125
-0.09406250000000001,8.816875,3.3897640309375
-0.2634375,9.755937500000002,3.1267211003125
-0.7703125,8.4634375,2.2350139168750003
-0.32781250000000006,9.278125,2.269490426125
-0.14468749999999997,9.07,2.2060707071875
-0.08374999999999992,9.9828125,2.473370013125
-0.13718749999999996,8.61125,2.9683845453125004
-0.03812499999999999,9.10875,2.6359628984374996
-1.1256249999999999,10.42125,1.7468096206250001
-0.00343750000000001,8.4446875,2.8696370067499997
-0.003750000000000031,9.410625000000001,2.676398313125
-0.18687499999999996,10.17125,2.6014864071875
-0.05156250000000001,7.879375,3.2680321365625
-0.6396875,9.46,2.1847889021875
0.41937500000000005,9.346875,2.3069463985625
-0.23875000000000002,9.843125,2.9343336671875
-0.21468750000000003,8.3925,2.5584971821874998
0.4653125,9.1921875,3.36550279125
-0.15406250000000005,9.01625,2.4972055823124997
-0.31781249999999994,10.0153125,1.8617312734375
0.4803125,9.3740625,3.252283615625
0.47375,8.2759375,3.8205075062500002
0.485625,9.1853125,3.0398913521875
0.20812499999999998,9.911874999999998,2.82154018375
-0.164375,8.944375,2.5044414493750002
0.11968750000000006,9.727812499999999,2.062631406875
0.7,8.3203125,3.5366084346875
0.33,9.1759375,2.77301762
0.21750000000000003,9.6315625,2.4520881931250003
0.36187499999999995,9.26875,3.1492797906249996
-0.2321875,8.5475,2.5644561093750005
0.07687500000000003,9.185312500000002,2.977748484375
0.23156249999999995,9.055625,3.4084919903125
0.2153125,9.72625,2.806217283125
0.2446875,9.08875,2.6636292055000004
0.560625,8.6721875,3.5502287768749996
-0.88875,9.645625,3.1667308503125002
-0.7209375,9.3709375,3.7988001028125
-0.7496875000000001,9.2378125,3.3680566156250005
-0.5159374999999999,9.5553125,2.3937761125
-1.0328125,10.0228125,2.0034680243750005
-0.8096875,8.5240625,3.5187317541875
-0.37093750000000003,9.104687499999999,3.119485270625
-0.9637499999999999,8.981875,3.85540967875
-0.9525,9.830625000000001,3.004137975625
-1.1434374999999999,9.9453125,1.9677145868750001
-1.4965625,9.27125,3.5153266884375
-0.6971875,9.849062499999999,3.5698079959375004
-0.5496875000000001,9.107187499999998,3.34847732875
-0.9299999999999999,8.585625,3.280801233
-1.195625,10.102500000000001,1.821295889375
-0.9134375000000001,9.2034375,2.1915990901875
-0.65875,9.536875,3.4229636071874996
-0.5640625,9.1584375,3.225042966
-0.5271874999999999,9.2546875,2.8351605038750005
-0.97875,9.9125,3.1352338159375
-1.52,9.9,1.7553223178125
-0.7465625,9.1846875,2.6912955707500004
-0.38250000000000006,9.340625,3.464250348125
-0.9112500000000001,8.434375,3.4199841628125
-0.5559375,9.531875000000001,3.2744167412500005
-0.6231249999999999,10.2415625,2.5593484513750004
-1.6712500000000001,8.8821875,1.9834630973124998
-0.279375,9.4040625,3.18801262125
-1.024375,9.4809375,2.7994071187500005
-0.6228125,9.284062500000001,2.4989081484374998
-1.175,9.419374999999999,3.511495896875
-1.591875,9.69375,1.7787323021875
-1.4921875,9.693125,1.567616902375
-1.0506250000000001,8.999375,3.4323275856250004
-0.8996875,9.2153125,3.2663296484375
-0.415625,9.1996875,3.0628756912499995
-1.384375,8.5421875,3.434030199375
-1.191875,9.2575,2.5933993028125
0.0024999999999999745,9.009374999999999,2.9041135159375
0.06999999999999999,9.673437499999999,2.5465794043749996
0.01999999999999999,9.3715625,2.976897212
0.016249999999999987,7.55625,3.3625233928125002
-0.7746875,9.442187500000001,2.2188397646875
0.31249999999999994,8.843125,2.7223669953125
0.07125,9.1103125,2.8274990796874997
-0.08500000000000002,9.699375,2.7593972853125
0.236875,8.4290625,3.3114470621875
0.026874999999999986,7.54,2.6014863925
-0.40187500000000004,9.72625,1.7634093806249997
0.03375000000000006,9.7065625,2.9398669225000003
-0.0675,8.358125,2.6538396124999997
0.21875000000000003,8.206875,3.0930958221875002
-0.04031250000000002,9.928749999999999,3.1165058040624998
-0.694375,8.7896875,2.027729252375
-0.08625000000000005,9.194062500000001,2.7483308333125
-0.361875,9.4184375,2.7202388071875
-0.6234375,9.28125,2.7628024079999998
-0.14531249999999996,8.630312499999999,3.4646759168749997
-0.18031250000000004,9.070937500000001,2.5840353556249998
-0.65375,10.051875,1.790650061875
0.012499999999999983,9.1465625,2.76280240825
-0.07656250000000003,8.456875,3.434455745625
-0.1434375,9.3140625,2.823242716875
-0.454375,9.3640625,2.817283791875
0.1984375,8.5803125,3.1301261596875
-0.21500000000000002,9.273125,2.249911187375
-0.33624999999999994,9.0859375,2.6836341390625
-0.259375,9.9153125,2.6172349325
0.30656249999999996,8.4434375,3.2310018256250004
-0.10750000000000001,8.977500000000001,2.3222692765625
-0.6906249999999999,10.2840625,1.9834631305
0.031249999999999993,8.4675,3.0301017284375
0.03781249999999997,8.9590625,3.0245684687500005
-0.1015625,10.0653125,2.7261976878125
0.1521875,8.026250000000001,3.3135752459375003
-0.128125,10.009375,2.09540534475
-0.7334375000000001,8.5,3.5374596812500005
-0.1787499999999999,9.55375,3.074367868125
-0.38093750000000004,9.70375,3.18673573375
-0.924375,9.4228125,1.777455371875
-0.709375,10.145937499999999,3.1288492421875
-0.16312499999999996,8.9190625,3.2756936659374998
-0.8049999999999999,9.0121875,3.7009038937499996
-0.7784375,9.4653125,2.2018143378125
-0.7237499999999999,10.3265625,1.6174162881249998
-0.9371875,8.73375,2.8147299657500002
-0.28687500000000005,9.537500000000001,3.53448029125
-0.4384375,8.9134375,3.403810017375
-0.63375,9.662187499999998,3.418281648125
-0.5856250000000001,9.5353125,2.8113249046875
-1.05125,9.684375,2.0920002765625
-0.6581250000000001,9.015,3.60087944625
-0.14031249999999998,9.050625,2.9964764948750005
-0.4840625,9.215,3.44467107125
-0.2806249999999999,9.978125,2.8066429190625
-0.328125,9.881250000000001,1.483340979875
-0.21656250000000005,9.653749999999999,3.3965742234375
-0.13406249999999995,9.05125,3.4931935878125
0.026562499999999947,9.3859375,3.2050380596875
-0.8009375000000001,9.13625,3.4561632637499997
-0.7243749999999999,10.19375,1.445033755625
-0.11843749999999995,9.1496875,3.4319019141875002
-0.52875,8.739999999999998,3.4927678774999995
-0.09593750000000001,9.5771875,3.0160557245625004
-0.4953125000000001,9.098125,3.3535850065624997
-0.27656249999999993,10.5553125,2.2452291809375
-0.66875,9.2803125,2.6236194746875
-0.466875,8.8159375,3.4906397390625
-0.23187500000000005,9.775937500000001,3.421686733125
0.18749999999999994,9.089375,3.2956985053124996
-1.0071875,9.3725,2.69427508125
-0.21406250000000002,7.67875,5.667309418125
0.6334375,4.95875,8.6615625
0.4559375,4.774062499999999,8.774375
0.5590625,4.9078125,8.715625000000001
0.7565625,5.12,8.5509375
1.5434375,5.798125000000001,8.0471875
0.7537499999999999,4.667187500000001,8.7321875
-0.19625,3.7003125,9.3725
-0.1290625,3.7890625,9.320625
0.010000000000000005,3.7209375,9.3046875
-0.12437499999999999,3.931875,9.26375
-0.4396875,4.348437499999999,9.0825
-0.333125,4.7575,8.9025
-0.395625,4.692500000000001,8.9253125
-0.160625,4.4284375,9.019062499999999
0.8284374999999999,5.3715625,8.384375
0.9484375,5.455,8.309687499999999
0.6696875,5.1068750000000005,8.560624999999998
0.5296875000000001,4.70125,8.731562499999999
0.1553125,4.8709375,8.705937500000001
0.130625,4.98,8.664375
0.12031249999999999,4.9584375000000005,8.6659375
0.1115625,4.9596875,8.678125
0.12343749999999999,4.934375,8.6953125
0.5934375000000001,5.1781250000000005,8.483125000000001
0.8656250000000001,5.5825,8.2390625
0.9606250000000001,5.6809375,8.14875
0.8221875000000001,5.549999999999999,8.2303125
-0.0540625,4.3921875,9.0103125
-0.206875,4.0115625,9.2890625
-0.21718750000000003,4.0249999999999995,9.285
-0.14500000000000002,4.08,9.2246875
-0.0653125,4.0737499999999995,9.2265625
-0.2946875,3.851875,9.3740625
-0.2828125,3.85875,9.3640625
-0.0006249999999999993,4.1328125,9.1915625
0.009999999999999998,4.1446875,9.180937499999999
0.148125,4.2553125,9.103750000000002
0.9593749999999999,4.9978125,8.6178125
0.69375,4.877187500000001,8.675
0.391875,4.7340625,8.799999999999999
0.44812500000000005,4.7715625,8.767812500000002
-0.07125000000000001,4.110625000000001,9.2
-0.2634375,3.7921875,9.38875
-0.3890625,3.58375,9.469999999999999
-0.2821875,3.8018750000000003,9.3728125
0.680625,5.1384375,8.588125
0.5084375,5.030625,8.653437499999999
0.47250000000000003,4.9878125,8.703125
0.4465625,4.903125,8.751249999999999
0.3978125,4.890000000000001,8.734375
0.10750000000000001,4.5715625,8.9359375
0.0740625,4.501250000000001,8.968125
0.0828125,4.4390625,8.988750000000001
0.12062500000000001,4.424687500000001,9.028125
0.145,4.391562499999999,9.045312499999998
0.056875,4.367812499999999,9.088125
0.050624999999999996,4.3334375,9.0903125
-0.00375,4.3025,9.125625
-0.0234375,4.2553125000000005,9.1571875
-0.024375,4.290625,9.144062499999999
-0.011875,4.299062500000001,9.1375
-0.039375,4.312187499999999,9.132187499999999
-0.089375,4.3568750000000005,9.1328125
-0.08000000000000002,4.280625,9.161249999999999
-0.0746875,4.2384375,9.173437499999999
-0.031249999999999997,4.260624999999999,9.144374999999998
-0.11343750000000001,4.2634375,9.1828125
-0.1646875,4.209375,9.238125
-0.170625,4.22125,9.2309375
-0.13624999999999998,4.1728125,9.2459375
-0.11031250000000001,4.22875,9.206875
-0.11281249999999998,4.3440625,9.1409375
-0.0925,4.266562499999999,9.1803125
-0.09375,4.230625,9.2253125
-0.0628125,4.230625,9.2175
-0.104375,4.2440625,9.2021875
-0.07187500000000001,4.21125,9.219375
-0.08249999999999999,4.2328125000000005,9.206875
-0.083125,4.2090625,9.217187500000001
-0.1659375,4.10125,9.260625000000001
-0.4025,3.6959375,9.467187499999998
-0.7762500000000001,3.6790624999999997,9.423124999999999
-1.29875,3.5246874999999998,9.475624999999999
-1.419375,3.50875,9.4515625
-1.3415625,3.495,9.462499999999999
-1.3278125,3.5112499999999995,9.46625
-1.32,3.5234375,9.464374999999999
-1.33,3.5125,9.474062499999999
0.0012499999999999976,5.635000000000001,7.8325
0.8734375000000001,9.184375,3.655625
-1.1515624999999998,9.494687500000001,2.2303125
-1.3103125000000002,9.835,0.9449999999999998
-1.8746874999999998,9.64125,1.34625
-1.745625,9.713125,1.3934375
-1.6359375,9.8353125,0.2640625
-1.0978125,9.7996875,1.4537499999999999
-1.24375,9.8665625,1.1643750000000002
0.043437500000000004,9.9125,0.9540625000000001
-0.7396874999999999,9.8196875,1.7806250000000001
-0.8534375,9.7625,2.0771875
-1.706875,9.73875,1.126875
-1.378125,9.620312499999999,1.7478125
-1.430625,9.7353125,1.17625
-1.4078125,9.69,1.7003125
-2.0303125,9.641874999999999,0.99875
-1.7221875,9.724062499999999,1.5684375
-0.9281250000000001,9.22625,2.3984375
0.106875,4.5753125,9.0278125
-0.236875,3.7546875,9.4015625
0.060312500000000005,4.130625,9.169062499999999
0.1184375,4.1521875,9.1571875
0.6309375,4.6071875,8.875312500000001
-0.206875,3.7290625,9.3828125
-0.210625,3.7725,9.3878125
-0.01,4.043125,9.208125
-0.050312499999999996,3.984375,9.254375
0.0275,4.041875,9.202499999999999
0.4990625,4.4815625,8.9453125
0.10218749999999999,4.0828125,9.1678125
-0.023125,4.140000000000001,9.1684375
0.031562499999999986,3.7165625,9.4234375
-0.490625,3.2643750000000002,9.496875000000001
-0.8600000000000001,3.7690625000000004,9.373125
-0.8703125,3.7803125,9.3675
-0.941875,3.8134375,9.342187500000001
-1.0012500000000002,3.8596874999999997,9.3221875
-1.0040625,3.8375000000000004,9.30875
-0.9806250000000001,3.87125,9.315625
-0.9746874999999999,3.8575,9.311875
-0.9728125000000001,3.8553125,9.321875
-0.9359375,3.8040625,9.3678125
-0.925,3.7396875000000005,9.406875000000001
-0.91625,3.7287500000000007,9.394375
-1.0178125,3.6918750000000005,9.3675
-0.9203125000000001,3.7471875000000003,9.368437499999999
-0.9134375,3.7340625000000003,9.360625
-0.9,3.7346875,9.368125
-0.9768749999999999,3.7909375,9.3528125
-0.9384375,3.7546875,9.36375
-0.9684375000000001,3.7703124999999997,9.338125
-0.9771875000000001,3.7624999999999997,9.33
-0.9403125000000001,3.7653125000000003,9.345312500000002
-0.9940625000000001,3.77,9.340625
-0.91,3.7453125,9.3759375
-0.954375,3.7540625,9.355937500000001
-0.9278125,3.7334375,9.3634375
-0.900625,3.7437500000000004,9.3709375
-0.7937500000000001,3.7234375,9.4134375
-0.7834375,3.7196875,9.4059375
-0.7987500000000001,3.7275000000000005,9.4046875
-0.816875,3.7225,9.3821875
-0.8640625000000001,3.7350000000000003,9.407187500000001
-0.8615625,3.73875,9.4065625
-0.8840625000000001,3.6984375,9.4103125
-0.8268749999999999,3.7309375,9.4253125
-0.84875,3.736875,9.436875
-0.8731249999999999,3.7215625,9.4290625
-1.0046875000000002,3.7403125,9.40375
-0.9112500000000001,3.6934375,9.43375
-0.909375,3.7212500000000004,9.423125
-0.9096875,3.71375,9.3940625
-0.9509375,3.7353125,9.377500000000001
-0.973125,3.77125,9.373125000000002
-0.8781249999999999,3.7003125000000003,9.412187500000002
-0.8471875000000001,3.6975,9.427187499999999
-0.861875,3.7871875,9.3821875
-0.8840625,3.8021875,9.37125
-0.8621875,3.7728124999999997,9.3909375
-0.8478125,3.766875,9.3853125
-0.8374999999999999,3.7559375,9.400937500000001
-0.8409374999999999,3.753125,9.4175
-0.796875,3.744375,9.4290625
-0.8246875,3.7509375,9.405000000000001
-0.83625,3.7996875,9.4084375
-0.83125,3.7734375,9.4025
-0.801875,3.75,9.419687499999998
-0.816875,3.76375,9.408750000000001
-0.806875,3.760625,9.401875
-0.835,3.7703124999999997,9.3965625
-0.8509375,3.7746874999999998,9.396250000000002
-0.901875,3.76375,9.3796875
-0.901875,3.7874999999999996,9.370000000000001
-0.8743749999999999,3.768125,9.391874999999999
-0.83875,3.7471875,9.395
-0.8518749999999999,3.7428125000000003,9.400312500000002
-0.83375,3.7590625,9.399375
-0.8634375000000001,3.755,9.381874999999999
-0.8456249999999998,3.7728124999999997,9.3878125
-0.88,3.7806249999999997,9.389062500000001
-0.828125,3.7684374999999997,9.415000000000001
-0.8162499999999999,3.7659374999999997,9.4146875
-0.8006249999999999,3.7784375,9.385312500000001
-0.796875,3.7665625,9.4146875
-0.78375,3.783125,9.3925
-0.755,3.7649999999999997,9.418125
-0.77375,3.7593750000000004,9.405625
-0.7725,3.76625,9.406875
-0.936875,3.9115624999999996,9.3121875
-0.8640625,3.92,9.3284375
-0.729375,3.91125,9.349375
-0.73875,3.89625,9.3434375
-1.105625,3.470625,9.514375000000001
-1.3109375,3.3725,9.4728125
-1.7065625,3.928125,9.1928125
-1.7390625000000002,3.8821874999999997,9.171875
-1.3659375,3.875,9.308124999999999
-0.3834375,4.6559375,8.928125000000001
-1.990625,4.4603125,8.9284375
-1.6103125,4.625625,8.879375
-0.804375,4.8940624999999995,8.804375
-0.5759375,5.0921875,8.7921875
-0.6259375,4.967499999999999,8.85125
-1.0553125,4.68375,8.955625
-1.2846875,4.444687500000001,9.030625
-1.3515625,4.358124999999999,9.063749999999999
-0.68625,4.8434375,8.874375
-0.9396875,5.0009375,8.77
-1.008125,4.91375,8.811250000000001
-1.2346875,4.8128125,8.8725
-1.6925,4.5034375,8.920312500000001
-1.7284375,4.6465625,8.829375
-1.7406249999999999,4.7646875,8.758125
-1.6009375,4.8571875,8.7571875
-1.636875,4.8078125,8.7940625
-1.5765625,4.8100000000000005,8.81875
-1.5715625000000002,4.881875,8.774375
-1.568125,4.908125,8.73875
-1.5637500000000002,4.8871875000000005,8.730625000000002
-1.6096875,4.7696875,8.774375000000001
-1.248125,3.8003125,9.313125
-1.3109375,4.060625,9.2040625
-0.9078125,4.7603124999999995,8.883750000000001
-0.360625,5.3203125,8.589375
-0.1328125,5.5346875,8.462499999999999
-0.0765625,5.503125,8.471875
-0.2759375,5.3559375,8.57
-0.5428125,5.654062499999999,8.384375000000002
-1.01875,5.0671875,8.7140625
-1.0709374999999999,4.8793750000000005,8.8334375
-0.5009375,5.3121875,8.595312499999999
-0.0834375,5.610625,8.4159375
-0.35375,5.371874999999999,8.608125
-0.48593749999999997,5.202500000000001,8.701562499999998
-0.30125,3.4028125,9.389062500000001
-2.2737499999999997,2.949375,9.3846875
-2.8706250000000004,3.071875,9.1271875
-2.9018750000000004,3.065,9.135
-2.986875,3.0628125,9.10625
-2.5953125000000004,3.33,9.161249999999999
-1.2015625,4.2325,9.1290625
-2.0162500000000003,3.5834375,9.234687500000001
-2.4231249999999998,3.1428125,9.293125
-2.6065625,3.16125,9.2040625
-2.64625,3.1103125,9.2096875
-2.6381250000000005,3.13875,9.2034375
-2.640625,3.1325,9.2115625
-2.6331249999999997,3.11875,9.216249999999999
-2.8521875,3.0112499999999995,9.15125
-3.04125,3.1040625,9.0503125
-3.06,3.0631250000000003,9.059999999999999
-1.980625,3.950625,9.0453125
-1.5462500000000001,4.231249999999999,9.05875
-2.28125,3.6928125,9.1134375
-2.3003125,3.6640625,9.1215625
-2.034375,3.9175,9.0884375
-2.30625,3.6221875000000003,9.145624999999999
-2.3178124999999996,3.6284375,9.1346875
-2.2715625,3.6203125,9.156875
-2.3515625,3.4084375,9.233125000000001
-2.328125,3.459375,9.1903125
-2.3315624999999995,3.4675000000000002,9.2015625
-2.30875,3.4662499999999996,9.225
-2.323125,3.4484375,9.2303125
-1.286875,4.1915625,9.155
-1.4681250000000001,4.084375,9.151562499999999
-2.2096875,3.4571875,9.254999999999999
-2.3853125,3.2562499999999996,9.2678125
-2.3875,3.2368750000000004,9.2653125
-2.37625,3.2300000000000004,9.2621875
-2.3790625,3.2818750000000003,9.2546875
-1.4325,4.220625,9.080312499999998
-1.835,3.9796875,9.109375
-2.2053125,3.7778125,9.092812499999999
-3.1934375,2.8449999999999998,9.158750000000001
-1.4903125,3.9699999999999998,9.21
-1.8468749999999998,3.01,9.5278125
-1.8309375,2.9775,9.513749999999998
-1.835,3.009375,9.49875
-1.7728125,2.9596875000000002,9.526250000000001
-1.635,3.0390625,9.540937499999998
-1.5190625,3.1259375,9.526250000000001
-1.7753125,2.9496875,9.525625
-1.8325,2.9165625,9.531875
-1.850625,2.878125,9.537499999999998
-2.02875,2.899375,9.48625
-1.8628125,3.1075,9.458437499999999
-1.2184374999999998,3.4731250000000005,9.4615625
-1.9768750000000002,2.9071875,9.52625
-1.3290625,3.0184375,9.528437499999999
-1.2346875,3.5075000000000003,9.431875000000002
-1.0859375,3.749375,9.34375
-0.9646874999999999,3.771875,9.373750000000001
-0.6299999999999999,4.1284374999999995,9.234375
-0.6393749999999999,4.142499999999999,9.229687499999999
-0.5906250000000001,4.1503125,9.2578125
-0.6146875,4.102499999999999,9.274375
-0.6759375,4.061249999999999,9.28875
-0.8640625,3.8375000000000004,9.3703125
-0.97375,3.7824999999999998,9.3740625
-1.0534375,3.7649999999999997,9.348749999999999
-1.0175,3.7790624999999998,9.339375
-0.800625,3.936875,9.29625
-0.8924999999999998,3.864375,9.3234375
-0.7715624999999999,3.9503125,9.298437499999999
-0.741875,3.9921875,9.283125
-0.8753124999999999,3.9134375,9.3209375
-1.005625,3.83875,9.343125
-0.73125,4.0115625,9.2825
-0.6296875,4.129375,9.2415625
-0.81,3.996875,9.3009375
-0.665,4.101249999999999,9.2671875
-1.0153125,3.6840624999999996,9.35125
-1.5234375,3.4090625,9.424375
-1.5231249999999998,3.4140625,9.418125
-1.540625,3.3440624999999997,9.435625
-1.754375,3.1875,9.445625
-1.8375,3.5406250000000004,9.2584375
-1.5743749999999999,3.5921875,9.322812500000001
-2.1012500000000003,3.2953125,9.3115625
-2.1446875,3.3325,9.295
-2.4709375,3.09,9.2878125
-2.3356250000000003,3.0825,9.30625
-2.1359375,3.1925,9.330937500000001
-2.0240625,3.3293749999999998,9.313125
-2.6812500000000004,3.81875,8.8334375
-3.333125,3.4184375,8.763125
-3.7696875,3.180625,8.699375
-3.9375,3.261875,8.577499999999999
-4.04,3.08,8.5971875
-3.8656249999999996,3.3440625,8.554375
-3.4409375,3.904375,8.52625
-3.583125,3.7584375000000003,8.5465625
-3.7921875000000003,3.4240625,8.5546875
-3.89,3.3481249999999996,8.579687499999999
-3.4609375,3.135625,8.767499999999998
-4.0715625,3.2459375,8.5415625
-4.106875,3.293125,8.4684375
-4.06875,3.3459375,8.4540625
-4.043125,3.415,8.4534375
-4.057499999999999,3.401875,8.444374999999999
-4.0725,3.3968749999999996,8.4259375
-4.0940625,3.3625,8.436875
-4.134062500000001,3.36875,8.4259375
-4.1140625,3.3109374999999996,8.465
-3.60375,3.799375,8.4965625
-3.525625,3.8462500000000004,8.5359375
-3.71625,3.1703125,8.692499999999999
-3.8140625,3.359375,8.622812499999998
-3.8390625,3.365625,8.595625
-3.63875,3.6490625000000003,8.566875
-3.3275,4.098437499999999,8.500625
-3.5143750000000002,3.9468749999999995,8.5046875
-3.774375,3.62125,8.5103125
-3.851875,3.2096875000000002,8.636875
-3.979375,3.1746875,8.606874999999999
-3.9831249999999994,3.2284375,8.563749999999999
-3.948125,3.3271875,8.5490625
-3.9978124999999998,3.2809375,8.545312499999998
-4.0015625,3.3196875,8.537812500000001
-4.0190624999999995,3.2946874999999998,8.5359375
-4.023124999999999,3.3128124999999997,8.505624999999998
-3.9993749999999997,3.294375,8.561874999999999
-4.030625,3.255,8.559687499999999
-4.0275,3.2506250000000003,8.556562499999998
-4.005,3.2784375,8.5271875
-3.9190625,3.4231249999999998,8.5378125
-3.36125,4.045624999999999,8.507499999999999
-3.853125,3.5218749999999996,8.521874999999998
-4.014374999999999,3.295,8.52625
-4.047499999999999,3.2809375,8.514375
-4.0525,3.2290625000000004,8.5534375
-4.0246875,2.9065625000000006,8.663749999999999
-3.9971875,3.0815625,8.61375
-3.4281250000000005,3.9821875,8.4984375
-3.3362499999999997,4.1015625,8.491249999999999
-3.5084375000000003,3.9590625,8.480625
-3.4303125,3.9740624999999996,8.506874999999999
-3.9956250000000004,3.4318750000000002,8.475624999999999
-4.34375,2.78125,8.5378125
-4.2184375,3.4387499999999998,8.359375
-4.5821875,3.099375,8.271874999999998
-4.5525,3.2628125,8.2403125
-4.4096875,3.4984375,8.2290625
-4.4309375,3.4465625,8.237187500000001
-4.4428125000000005,3.366875,8.2853125
-4.4028125,3.4034375,8.2875
-4.1515625,3.6425,8.30125
-4.407187500000001,3.4221875,8.286875
-4.354687500000001,3.4571875,8.28875
-4.4140625,3.42125,8.274375000000001
-4.47625,3.2859374999999997,8.2746875
-4.4246875,3.3209375,8.29625
-4.54,3.2562499999999996,8.26375
-4.50625,3.2521875,8.263125
-4.57,3.2015625,8.276250000000001
-4.535625,3.2406249999999996,8.2640625
-4.480625,3.39375,8.24625
-4.51,3.3484375,8.250625
-4.426562499999999,3.4721875000000004,8.2540625
-4.40125,3.4684375,8.244375
-4.476875,3.31625,8.267500000000002
-4.3759375,3.3825000000000003,8.282499999999999
-4.1759375,3.7909375,8.2275
-4.078749999999999,3.9309374999999998,8.20375
-4.1084375,3.92375,8.20375
-4.1484375,3.848125,8.20625
-4.24375,3.774375,8.2
-4.354687500000001,3.58375,8.2303125
-4.383750000000001,3.560625,8.217187500000001
-4.57125,3.3571874999999998,8.199375
-4.67125,3.0796875,8.278125
-4.726875000000001,3.0821875,8.2584375
-4.71875,3.09125,8.2421875
-4.70125,3.05875,8.28375
-4.727187499999999,3.01875,8.27375
-4.70875,2.9821875,8.2796875
-4.667187500000001,3.099375,8.268437500000001
-4.2346875,3.7446875,8.237187500000001
-4.6571875,3.159375,8.2540625
-4.67875,3.0746875,8.2728125
-4.6925,3.0675,8.254375
-4.689375,3.09875,8.2515625
-4.626874999999999,3.2115625,8.240625000000001
-4.628125000000001,3.1918750000000005,8.2575
-4.5803125,3.2934375,8.2184375
-3.9553125,4.102187499999999,8.190937499999999
-4.041874999999999,4.045,8.195
-4.3462499999999995,3.815,8.151250000000001
-4.555,3.5625,8.145624999999999
-4.5934375,3.49125,8.123125
-4.646875,3.5015625,8.1075
-4.64875,3.535,8.0865625
-4.6371875,3.5459375,8.0796875
-4.6293750000000005,3.5365625,8.09375
-4.6353124999999995,3.5121875,8.098749999999999
-4.649375,3.4984374999999996,8.102812499999999
-4.638437499999999,3.4853125,8.1021875
-4.6428125,3.5190625,8.1
-4.6209375,3.4915624999999997,8.119687500000001
-4.6715625,3.4134375,8.1259375
-4.467812499999999,3.7125000000000004,8.131874999999999
-4.32,3.9440625000000002,8.101875
-4.528125,3.5459374999999995,8.1509375
-4.62125,3.2815624999999997,8.196874999999999
-4.62125,3.4409375,8.138125
-4.6171875,3.5115625,8.1171875
-4.5806249999999995,3.4856249999999998,8.14125
-4.5796874999999995,3.475,8.1428125
-4.7275,3.3265625,8.1159375
-4.806875,3.1862500000000002,8.108125
-4.7734375,3.1865625,8.126249999999999
-4.786249999999999,3.1799999999999997,8.1253125
-4.7875,3.136875,8.1465625
-4.7871875,3.1628125000000002,8.14875
-4.7653125,3.1596875,8.15
-4.7915625,3.140625,8.1403125
-4.7859375,3.1525,8.131250000000001
-4.707812499999999,3.2853125,8.128124999999999
-4.73875,3.270625,8.1059375
-4.5971875,3.4740624999999996,8.1134375
-4.27875,3.9040625,8.096562500000001
-4.1875,4.1559375,8.030624999999999
-4.609062499999999,3.66,8.0371875
-4.335625,3.2303124999999997,8.3578125
-4.00375,3.33,8.458125
-2.8890624999999996,3.63,8.77375
-3.519375,3.91875,8.41
-3.4596875000000002,4.030937499999999,8.405000000000001
-3.428125,4.06,8.4046875
-2.2465624999999996,4.80375,8.4209375
-2.0884375,4.8809375,8.464375
-2.21,4.6771875000000005,8.526875
-2.8287500000000003,3.1528125000000005,9.0175
-2.844375,3.470625,8.889375000000001
-2.5515625,3.6046875,8.949375
-1.8121875,2.7524999999999995,9.75625
-0.5653125,8.651562499999999,2.953125
-1.0190625,9.4115625,1.4353124999999998
-0.7521875,9.834999999999999,2.0334375
-1.165,9.6546875,2.4634375
-1.1225,9.635624999999997,2.5893750000000004
-1.1284375,9.5875,2.6875
-1.165625,9.5184375,2.9559375
-1.0896875000000001,9.605,2.619375
-1.0375,9.6490625,2.5543750000000003
-0.9928125,9.665312499999999,2.4978125
-1.129375,9.564062499999999,2.8293749999999998
-1.4203125,9.3746875,3.2325
-1.186875,9.503125,3.0328125
-1.2662499999999999,9.5121875,2.9059375000000003
-1.2184374999999998,9.588437500000001,2.704375
-1.2228124999999999,9.515,2.86375
-1.26,9.488125,2.9856249999999998
-1.2059375,9.4771875,3.0446875
-1.1881249999999999,9.471250000000001,3.0103125000000004
-1.1768750000000001,9.48375,2.9428125
-1.2003125,9.540625,2.793125
-1.205,9.501249999999999,2.9018750000000004
-1.2146875000000001,9.5275,2.8865625
-1.2603125,9.4925,3.006875
-1.4221875000000002,9.3975,3.1571875
-1.1946875000000001,9.543125,2.8153125
-1.2899999999999998,9.4834375,2.9034375
-1.231875,9.504375,2.9171875
-1.449375,9.4,3.071875
-1.4128125,9.4009375,3.069375
-1.459375,9.39625,3.091875
-1.36125,9.42875,2.979375
-1.4571874999999999,9.4478125,2.876875
-1.13,9.50375,2.935
-1.1753125,9.465,3.0121875
-1.218125,9.4475,3.0625
-1.29875,9.3003125,3.4375
-1.2621875,9.4003125,3.2146875
-1.2146875,9.45875,3.0171875000000004
-1.2475,9.42625,3.1565624999999997
-1.3371875,9.353125,3.3118749999999997
-1.2884375000000001,9.381875,3.2437500000000004
-1.0634375,9.4609375,3.0453124999999996
-0.973125,9.485,3.0046875
-1.1259375,9.429375,3.1471875000000002
-1.3787500000000001,9.387812499999999,3.188125
-1.2209375,9.4653125,3.0378125000000002
-0.9075,9.6125,2.6399999999999997
-1.0509375,9.5725,2.663125
-1.0925,9.537187499999998,2.8396875
-1.2262499999999998,9.4515625,3.0503125
-1.2315625,9.484375,2.9468750000000004
-1.6712500000000001,9.4021875,2.926875
-1.9768750000000002,9.525,2.2165625
-2.085625,9.6959375,1.2296875
-1.853125,9.76125,1.0690625
-1.794375,9.785,1.0350000000000001
-1.8184375,9.7703125,1.0828125
-1.873125,9.752187500000002,1.130625
-1.97,9.751562499999999,1.0743749999999999
-1.97,9.665,1.44625
-2.1018749999999997,9.514375000000001,2.2878125000000002
-1.9934375000000002,9.58125,1.97875
-1.806875,9.756875,1.3953124999999997
-1.559375,9.6975,1.8850000000000002
-1.58,9.715625,1.698125
-1.769375,9.745625,1.2506249999999999
-1.8990625,9.768125000000001,1.0365625
-1.7065625,9.740625000000001,1.441875
-2.239375,9.623437500000001,1.43625
-2.3568749999999996,9.5921875,1.6271875
-1.6462500000000002,9.5734375,2.3046875
-1.2678125,9.46,3.0071874999999997
-1.2390624999999997,9.533125,2.84125
-1.370625,9.5015625,2.8443750000000003
-1.439375,9.4790625,2.9296875
-1.3915625,9.489687499999999,2.91125
-1.4284374999999998,9.4709375,2.9240625000000002
-1.4290625,9.473437500000001,2.905625
-1.3634375,9.465625,2.9871875
-1.3068750000000002,9.41875,3.1684375
-1.0343749999999998,9.514375000000001,3.0575
-1.5203125,9.505625,2.619375
-1.288125,9.525624999999998,2.7787499999999996
-1.2359375,9.573437499999999,2.743125
-1.57625,9.7221875,1.56625
-1.4796875000000003,9.78875,1.6609375
-1.6159375,9.745624999999999,1.5109375
-1.2896874999999999,9.636562499999998,2.3415625
-1.2525,9.6375,2.4678125
-1.2818749999999999,9.5940625,2.571875
-1.3746875,9.561875,2.6384375
-1.3571875,9.567499999999999,2.665625
-1.3025,9.563749999999999,2.7059375
-1.430625,9.589062499999999,2.515625
-1.29625,9.64375,2.4290625
-1.2628125000000001,9.63625,2.5315625
-1.4846875,9.486249999999998,2.8606250000000006
-1.4475,9.5771875,2.5609375000000005
-1.2687499999999998,9.681249999999999,2.3218750000000004
-1.3740625,9.6296875,2.3609375
-1.3240625,9.49375,2.8646875
-1.33875,9.5028125,2.93125
-1.2862500000000001,9.515,2.8940625
-1.2737500000000002,9.502812500000001,2.9037500000000005
-1.3146875,9.5825,2.60875
-1.2271875,9.570625000000001,2.67375
-1.3096875000000001,9.504999999999999,2.9309374999999998
-1.2531249999999998,9.525937500000001,2.8721875
-1.306875,9.642187499999999,2.3921875000000004
-1.29,9.5925,2.618125
-1.3459375,9.530625,2.7237500000000003
-1.3884375,9.521875,2.7815625
-1.2915625,9.5371875,2.7634375
-1.3465625,9.539375,2.7824999999999998
-1.1715625,9.60625,2.5559375
-1.0975,9.649375,2.461875
-1.1709375,9.5646875,2.743125
-1.1540625,9.517187499999999,2.9084375
-1.4640625,9.57625,2.3759375
-1.2506249999999999,9.7846875,1.685625
-1.09375,9.6875,2.3009375
-1.441875,9.6334375,2.3478125
-1.3446875,9.6253125,2.42625
-1.3215625,9.6209375,2.4409375000000004
-1.180625,9.6253125,2.5009375
-1.4053125,9.61375,2.3112500000000002
-1.2096875,9.605,2.475625
-1.3615624999999998,9.583437499999999,2.4975000000000005
-1.2696874999999999,9.5821875,2.590625
-1.19375,9.525625000000002,2.753125
-1.1131250000000001,9.599687500000002,2.67875
-1.145,9.5709375,2.7096875000000002
-1.2496874999999998,9.585625,2.6084375
-1.445625,9.63625,2.1990625
-1.2903125000000002,9.5196875,2.800625
-1.2106249999999998,9.49,2.95875
-1.7087499999999998,9.641562500000001,2.0143750000000002
-1.635,9.674687500000001,1.955
-1.7284375,9.6503125,2.0456250000000002
-1.7087500000000002,9.6378125,2.0996875
-1.6965625,9.645,2.0115625
-1.5925000000000002,9.604062500000001,2.3671875
-1.6228125,9.61375,2.1971875
-1.4403125,9.65,2.2215625
-1.4675000000000002,9.5653125,2.52875
-1.30375,9.5671875,2.661875
-1.5678125,9.5371875,2.3875
-1.1965625000000002,9.71875,2.2165625
-1.6868750000000001,9.704999999999998,1.640625
-1.68625,9.7225,1.59375
-1.8840625,9.5771875,1.920625
-1.8734375,9.3759375,2.4309374999999998
-0.8825000000000001,9.464062499999999,3.1784375000000002
-1.0578124999999998,9.4409375,3.163125
-1.3003125,9.629375,2.3728125
-1.2840624999999999,9.808125,1.5540625
-1.139375,9.831875,1.445
-1.2209374999999998,9.81875,1.45
-1.181875,9.836875,1.4093749999999998
-1.813125,9.7409375,0.9078125
-0.8631249999999999,9.4796875,3.053125
-0.9962500000000001,9.503125,3.03125
-1.33375,9.631250000000001,2.1790625
-1.280625,9.927812500000002,0.441875
-1.27,9.924687500000001,0.564375
-1.72625,9.640625,1.3028125
-1.45,9.901562499999999,0.93375
-1.1390625,9.8634375,0.8303125
-1.44,9.8740625,0.65875
-1.225,9.89,0.8616666666666667
