1619492955276 0.10977634501878801 0
1619492955368 0.15308129771518542 1
1619492955450 0.30611941131354486 2
1619492955534 0.40038584644757574 3
1619492955615 0.4612355116371667 4
1619492955698 0.48022948126596815 5
1619492955780 0.48825185961255146 6
1619492955867 0.4984217910759113 7
1619492955959 0.5040435345159568 8
1619492956050 0.5085589287897053 9
1619492956134 0.5031967088753482 10
1619492956222 0.5106569477441478 11
1619492956319 0.5281586608584674 12
1619492956406 0.522660047204176 13
1619492956489 0.5232653684633285 14
1619492956574 0.5193777106539379 15
1619492956656 0.5225261814195425 16
1619492956757 0.5307705472685005 17
1619492956847 0.5350849786266275 18
1619492956940 0.52856942021109 19
1619492957025 0.5340395562589972 20
1619492957108 0.535587362248213 21
1619492957189 0.5288007073052376 22
1619492957276 0.5362803599116357 23
1619492957363 0.5363581606250633 24
1619492957454 0.5347434512650262 25
1619492957548 0.5338451138425838 26
1619492957635 0.5387734145952303 27
1619492957727 0.5342187817468927 28
1619492957846 0.5558304122023773 29
1619492958002 0.5522734386601132 30
1619492958102 0.550396129710833 31
1619492958188 0.5440227116309471 32
1619492958286 0.5586012135437057 33
1619492958407 0.5462218229544057 34
1619492958532 0.5440417724557952 35
1619492958635 0.5543020802141345 36
1619492958735 0.5637559840579597 37
1619492958842 0.5445442279031966 38
1619492958949 0.5477678255668181 39
1619492959098 0.5514111084583584 40
1619492959221 0.5519053642211154 41
1619492959337 0.5677490489892818 42
1619492959453 0.5720168157489758 43
1619492959555 0.5590040453641623 44
1619492959720 0.5651067701944533 45
1619492959840 0.5720324407467292 46
1619492959977 0.5744797541214289 47
1619492960126 0.5544165072155698 48
1619492960275 0.5569467746716369 49
1619492960411 0.5796712569341154 50
1619492960533 0.5756009738179848 51
1619492960632 0.5810641359560376 52
1619492960733 0.5762232205392372 53
1619492960839 0.5853909356870614 54
1619492960943 0.569196024392166 55
1619492961045 0.5638641708254426 56
1619492961153 0.5954604969503381 57
1619492961253 0.5870318873302223 58
1619492961351 0.5741281571424024 59
1619492961453 0.5949023652729903 60
1619492961551 0.612481762588773 61
1619492961655 0.5885151590910996 62
1619492961766 0.5797633145710045 63
1619492961905 0.5887319883145306 64
1619492962022 0.5854322015996476 65
1619492962139 0.5821850545333396 66
1619492962238 0.6028880417596578 67
1619492962340 0.5783705277608516 68
1619492962439 0.5786080858932366 69
1619492962536 0.6138106559482548 70
1619492962650 0.6042204819560717 71
1619492962759 0.6101509238389161 72
1619492962911 0.5830210120997467 73
1619492963039 0.60146324290071 74
1619492963174 0.6194147799647703 75
1619492963281 0.6097369499300013 76
1619492963418 0.6114464229646257 77
1619492963525 0.6017866474097415 78
1619492963621 0.612472086115153 79
1619492963708 0.6130601173954101 80
1619492963803 0.606057854323345 81
1619492963898 0.6155328328641918 82
1619492963991 0.6130605195776814 83
1619492964086 0.6150724353410023 84
1619492964174 0.6195276517086442 85
1619492964266 0.602025351666084 86
1619492964351 0.618871746183468 87
1619492964440 0.6174427670876943 88
1619492964533 0.6148425560702885 89
1619492964623 0.6158951321463354 90
1619492964711 0.616829905331329 91
1619492964807 0.6154635018764845 92
1619492964899 0.618897073289831 93
1619492964998 0.6317616033867494 94
1619492965085 0.6067571923545817 95
1619492965174 0.6277797057316324 96
1619492965261 0.6181954094397295 97
1619492965348 0.5999396013077773 98
1619492965435 0.6301166560689812 99
