6.02640625,7.057812500000001,-0.65671875,4.007651809034929,4.182319358303924,2.458682354615666,0.2458270262184642,1.2426578506476964,-0.5025145418620457
6.2906249999999995,7.350625000000001,-1.13078125,5.266437326065411,4.688389873866613,3.1537320672733817,0.42119171291480484,0.6749441419640261,-0.005592192298684516
6.330937499999999,6.980625,-1.1384375000000002,4.069485424607606,2.984341361066961,2.1493052792922995,0.7312959433401945,0.8874395331501568,0.513477924853398
6.45515625,6.36734375,-1.08109375,4.210827187214638,2.9739332342599654,2.3942797176209254,0.8897589759323988,0.8405501210908325,-0.21490626680185956
6.512812500000001,6.7728125,-0.9824999999999999,4.319787128996491,3.4696534718677237,1.9165651241217971,0.6278870869118823,1.0480392526201565,0.12961190775435597
6.7904687500000005,6.48125,-0.6465625,4.528157886246176,3.4276415452173525,2.0730451776538183,0.5808647192595077,1.0395958489810655,0.04568313660720037
6.7315625,6.62046875,-0.84453125,4.197741661726428,3.3059347343487344,2.1302618161328053,0.5088966708474435,0.9080507565026099,0.38142286526944263
6.691562500000001,6.629531249999999,-1.0015625000000001,4.130566024601683,3.1473736222084336,2.45672305797657,0.6841992681813875,0.9883162304954661,0.24590497906671172
6.7778125,6.63328125,-0.8801562500000001,4.110972538809248,2.937764378893998,1.940494856495615,1.0375082879207373,0.6338759184624413,0.399585640180475
1.94640625,7.691406250000001,-0.4095312500000002,7.380050043696245,10.283888926858406,5.42880293828883,-0.5132330377800844,-0.31569882131729343,0.2506276614129831
0.33609374999999986,8.18203125,0.20937499999999987,8.536785954251808,10.108985047299429,5.148064829076553,-0.2586494284575803,-0.3472543947372904,0.6349947845775842
0.27531249999999996,8.2421875,0.3090625,7.929400585942404,10.000496623410447,5.101546248059872,-0.14688434459674118,-0.4032617795317813,0.6996568080810436
0.4354687499999996,7.897812500000001,1.1290625,7.33451492297026,9.43566065995613,4.679651335419526,-0.0014087015100455302,-0.5516122260332059,0.3493381486413347
-3.24046875,8.155625,1.30140625,8.26487133703686,9.513593543418542,5.2586790960241085,0.4260981290352054,-0.7073286586242664,-0.6087309903492315
-7.017812499999999,7.41671875,1.7932812500000002,9.036482388896896,8.799706148269864,5.153093444320454,0.24183740859468858,-0.796549240026217,-0.5269831291309746
-8.4903125,3.3190625000000002,-0.20437499999999992,9.603448919650885,8.41914962280002,5.7207467484040055,0.6670485043484738,0.014031858539654336,0.1575570975971802
-9.15390625,-0.8157812499999999,1.43671875,9.65524381767291,7.915790746327776,4.867170974590726,0.6237430965356001,0.5023723900653297,0.18761680556448082
-8.804218749999999,-5.012968750000001,1.39359375,10.103523952792335,9.545654063448112,5.31649272523352,0.9038117846838701,0.3235694785976232,-0.28192511849809687
-5.793125,-8.266406250000001,2.45546875,9.013570476474625,9.94636795631757,4.628094211473384,0.7169152324428067,0.3516953004247336,-0.18260366297030733
-3.77171875,-9.60078125,1.7839062500000002,8.089559157234616,9.074163064831293,4.365692820585403,0.7688626938728716,0.5764299045908003,-0.09457015386451062
-2.16,-9.409999999999998,0.7614062500000001,9.231032411111988,9.27002275482644,4.933851458035693,0.5590556488265197,0.560812616535038,0.17182972766701546
-2.5046875,-9.116875,1.3543749999999999,8.51781808342628,9.850364979754557,3.805334608726938,0.799577210225417,0.5567439423171383,1.0488972702468276
-1.6328124999999998,-8.93171875,1.9571874999999999,7.717340148318185,9.742017013093255,4.520867058965984,0.4010349612019596,0.4293771219498675,-0.09862762158088784
-1.3415625,-9.2309375,1.1842187499999999,6.803051066146259,9.732860852344173,4.530403474266772,0.27300067747091616,0.4787675198198338,0.11401193705141748
-3.0075,-8.8546875,0.76671875,7.161174179211115,10.220667628748316,5.295502530062509,0.3464623986835083,0.49244666841765394,0.3433512690395259
-1.9253125,-9.065625,0.7703125000000001,7.802828407208744,9.917100741112545,5.040569464588674,0.4371585020402086,0.47466250348457295,0.6916587209905628
-2.19984375,-9.4746875,1.9882812500000002,8.181076581849478,9.341786661412458,5.058335804234278,0.754779279879382,0.5318027222685983,0.014341615571641257
-2.1971874999999996,-8.858281250000001,0.6749999999999999,7.631222147522882,10.123999264539604,4.965655482914617,0.11000450397898136,0.46291636597620756,-0.06299153441943837
-1.48546875,-9.1153125,0.7628125,6.901145495877727,9.888144253465548,4.698383521472438,-0.11705021414692199,0.6361501978722098,-0.0025272784715193062
-1.8840625000000002,-8.886406249999999,1.6790625,7.130467577311726,10.017818245379626,5.000103973528326,0.08064095745462889,0.4658948778492514,0.2678563498215319
-1.7893750000000002,-9.8546875,1.47859375,7.07541802541553,8.971220473120908,4.731963739818907,-0.11310286980004577,0.5673701286983864,0.05176502870556435
-0.6556250000000001,-9.372968750000002,0.5290624999999999,6.963942147546532,10.04738751487288,3.934913721556516,-0.37068456337926137,0.8009372330054061,-0.5273690047782484
3.813906249999999,-8.890625,1.860625,8.6128282987478,9.707906229428414,5.314626890419966,0.02671174703000584,0.8030283680371847,0.20524780135653786
4.4034375,-8.650156249999998,1.4503125,9.603732708358441,10.207460429170713,4.843737893130031,-0.30422935754306585,0.9326495628671219,-0.5644807426852941
5.320625000000001,-8.75515625,1.7221874999999995,10.491266736403903,8.624070963042103,4.346339504668698,-0.20707523576831885,0.6767906608351114,0.30591994867531935
7.905468750000001,-4.2095312499999995,1.1829687499999997,10.432755947268843,7.439534685904316,4.924379935486644,-0.410491863541023,0.0027210232775041394,0.36146062946317814
8.73578125,0.8112500000000005,-0.1215624999999999,9.979250786739875,8.401581231381389,5.1771188955435195,-0.512456560485479,-0.4155376926186603,0.04527612401618673
7.5634375,3.2225000000000006,0.23234375000000007,7.6975838779836465,9.963369629548028,4.5113397892794485,-0.4038971164602572,-0.19783953505330945,-0.4597342999761149
4.75703125,7.450468750000001,0.46265624999999994,7.029348671749285,10.266722704581703,4.725093663816193,-0.41504050078410726,-0.37018279446195235,-0.2679646914679252
1.0982812499999999,8.52015625,0.41609375,6.896668252380887,9.915387897762042,4.001334784007824,-0.025627440756471265,-0.5364371325934375,-0.20270359533306828
-2.1737499999999996,8.82,0.7079687499999999,6.527617171487617,8.780705766053204,4.005586793657508,0.49180167025181004,-0.6364127739069416,-0.24934388885472347
-8.036249999999999,6.358281249999999,1.5103125,9.512732996489495,8.766064637760689,4.12913768568496,0.27650974650338345,-0.44519666246029904,-0.5246287438989541
-9.093906249999998,2.5999999999999996,1.32921875,9.031662121598158,6.998301356400709,5.742067709209675,0.41656339487487937,-0.024343392649555255,-0.46038807846013924
-9.30046875,0.5643749999999998,0.8882812499999999,8.503978192162386,6.533171577371514,5.917825179776641,0.35268462008567636,0.33870272786664457,-0.34633077123269884
-8.7425,-4.150625,0.18109375000000003,8.638336609266856,9.2803552388567,4.689587907397721,1.0005004868716179,0.03525975850849852,-0.8071187865516096
-5.6215625,-7.9040625,1.24421875,6.933484247374746,10.557789440554957,4.576048651910122,0.3890999626293269,0.28652973044058994,-0.18493003752372614
-0.09203125000000023,-9.72515625,1.0549999999999997,7.44407927056956,9.205182981646043,4.579066498752775,-0.14362465862128537,0.8753410832492193,-0.4693059574350385
3.36953125,-9.019375,0.42828124999999995,10.07437752879916,8.91524552294411,4.460993637453257,-0.19721647630115693,0.7789767737088802,0.1776505028210744
6.23484375,-6.70078125,-0.0059374999999999845,10.28962447568355,6.90693702571179,4.541855251006328,-0.2267792695792384,0.8325827579813289,-0.33389027574414726
7.848437500000001,-2.2045312500000005,-0.8110937500000001,9.796235600147321,7.068570826572613,4.885075523081597,-0.3575688670288421,-0.27676207858063306,-0.3098391695391749
8.25640625,2.6898437499999996,-0.03640624999999992,8.749567733463232,9.839173379308138,4.691001814374083,-0.5788520286584008,-0.05711959996307763,0.06462419727913411
5.46921875,6.40890625,0.5431249999999999,7.712091623039007,9.894696040870125,4.996587233740145,-0.4096207384643653,-0.22237647999345447,-0.4940550107533217
1.8837500000000003,7.8678125,1.3040625,6.082964557886228,9.532712669531362,4.766898794928811,0.048389521435350025,-0.40370185252744173,-0.32156163387516085
-1.0278125,8.119375,0.2176562499999999,6.6488000488692505,9.086461576674113,4.477732316065347,0.5602331354413645,-0.769309019927852,-0.22777709794552078
-2.2160937499999998,8.580937500000001,0.44546874999999997,7.701447635263836,9.177603295310478,5.020123856069035,0.6335557296655108,-0.6549527694416609,0.016893793316012908
-5.970937500000001,8.11921875,1.4115624999999996,9.133057353432845,9.462096309864345,4.7051113226568555,0.252807167291867,-0.6487747099766054,0.17802676057164116
-7.375624999999999,5.642812500000002,1.01859375,10.156462978536132,8.134055812744572,5.390766952388216,0.259166253111117,-0.47178995121504885,-0.398218590921695
-8.16234375,1.4789062500000003,0.3626562500000002,9.927784046268126,7.740901133990211,5.657076387749766,0.40111668773796827,0.07244552827485415,-0.2782961539435894
-9.134218749999999,-5.27515625,0.6651562500000001,9.091466088571657,10.501335628175397,5.844325771685382,0.8331754130394106,0.17624830908439326,-0.037420288524081746
-6.518437499999999,-7.813593749999999,0.6131250000000001,7.7770763342398626,10.191875343746162,4.332035778288887,0.7599648774182408,0.4626835729753415,-0.016456783825201445
-4.125,-9.01546875,1.0546875,7.241862027476084,10.568590541329218,4.132935536920912,0.2515027123027275,0.5983071713990047,0.21682588668398445
-2.05234375,-8.601093749999999,0.7675000000000001,7.247287583595392,9.787272525643237,4.622938053878723,-0.2666804092337364,0.622940810466037,-0.1832098190855383
-0.17062500000000003,-8.989687499999999,1.5765625,6.239560500097342,10.112968154915933,4.191232000688312,-0.23839281380650307,0.9768499821611768,0.10329782807266039
0.21281249999999996,-9.466875,-0.029687500000000033,7.432934621658107,9.516373533777193,4.883793981357501,-0.7983641368282758,0.7575237898232511,-0.5647119138451472
-0.008124999999999938,-9.21484375,-0.6262499999999999,7.439292824884298,8.8243402714076,5.9657492456941235,-0.4170121624159985,0.46846166927378924,-0.22281872780609863
-0.03937500000000016,-9.005,0.6529687499999998,7.145043272043564,8.509496716904003,5.1927848620969685,-0.7776380641150245,0.47368465909677643,-0.10873080697206325
0.4190625000000001,-8.91984375,0.73984375,6.57488562608459,8.776009644940343,4.240480328109769,-0.559215217448281,0.6849978681508857,-0.14610306855286884
1.0345312500000006,-8.95265625,-0.48343749999999985,7.804029393862726,9.01569902347211,4.832250452283465,-0.549597066707718,0.610681548839604,-0.3011919280111385
1.3795312499999999,-8.98265625,0.56625,7.210444557568794,9.890402899115683,4.252371580953386,-0.5401363871605543,0.8995909685823555,-0.09901389823947103
-0.19812500000000055,-9.03421875,0.3148437500000001,7.182829542344368,8.755500914547861,3.9882244609081288,-0.5904039650916566,0.6944614288129781,-0.2760207490561745
-0.37171875,-9.4359375,0.28171875,6.453779066051025,8.20892420607559,4.429819605062765,-0.667732008983038,0.2555243954731216,-0.32485385676324835
1.6196875,-8.764843749999999,0.86890625,6.157284042282258,10.121318465278422,4.159924547538204,-0.6167084899967398,0.8083905261489701,0.22063802274860686
0.9165625,-8.40703125,0.05765624999999994,7.1503553711402175,9.18933615660149,4.283157327759037,-0.8783988372704223,0.5263422126569434,0.3849380768022904
1.4010937499999998,-9.327031250000001,1.866875,7.06897758634238,8.793842604289859,4.796507803535297,-0.254727318123512,0.5811598519793856,-0.3055281011340397
6.20046875,-8.610937499999999,0.2189062499999999,10.678445788960744,7.683676024279898,5.258148473199567,-0.3452447821876876,0.6837001652966512,-0.34792639709651185
8.055312500000001,-3.333125,0.90828125,10.247283934162445,6.570504850038161,5.3836702033462664,-0.4707167845520223,-0.19304227528077075,-0.15483195704309616
9.045,2.43375,1.360625,9.167992726055143,8.421471905937821,5.3086883016782025,-0.779538874547909,-0.43355668007316533,-0.5934201594384625
8.33546875,4.756562499999999,0.8143750000000001,8.79212377103925,11.151703515992244,5.02589353840439,-0.730211893379266,-0.19079683178967852,-0.0768336830002955
5.65609375,5.436249999999999,1.3359375,7.286891187516864,10.460082531342666,4.3254261779729575,-0.16772100960856876,-0.12886745627991078,-0.425050829086844
-1.47765625,8.270781249999999,-0.11703125,6.889945741392738,9.870509153642908,5.006912309400219,0.35795324424653074,-0.647767509494646,-0.5084888792166203
-4.08828125,8.5178125,0.01906250000000001,8.791506830936232,7.746168502223777,4.891049452427746,0.3985283496188268,-0.46692413759058077,-0.5277310595944521
-7.16640625,6.4578125,-0.18734375000000014,9.588011291319015,7.346936323382948,4.846419181399391,0.13047586837751343,-0.6641536736186817,0.062195976418681666
-8.40640625,4.19296875,0.7296875,9.192800574224426,7.028409688473164,5.9625565953157835,0.33063621154196066,-0.2094854413725513,-0.219101765837549
-10.32671875,0.8104687499999998,1.330625,8.847414533122004,6.776800136699727,4.611590992745888,0.6814330881416294,0.40139408682355576,-0.64357553314881
-9.47296875,-2.8615625000000007,1.92578125,9.562804354582575,8.418117592941652,4.794014433608689,0.8351695909475289,0.4053960507222546,-0.4386942457077016
-9.256562500000001,-3.4543750000000006,0.81375,8.889450246420965,10.771708440835882,6.1288634498983585,0.7824170493365598,0.05241257278418694,0.07496036711735807
-5.3553125,-7.39875,0.24921875,7.603380615051686,10.374058165081783,5.088116763808436,0.3437090797045822,0.4273422994645672,-0.2970865161865581
-0.51171875,-9.274687499999999,1.63171875,6.067051269636547,9.483647763510819,4.953665800031168,-0.21237131404121545,0.5425357540824945,-0.18179242147551858
5.854218749999999,-8.57625,0.8504687499999999,9.929375736401983,8.69829572028337,5.57836541630014,-0.24865266001890804,0.558238361583715,-0.07551759089131335
6.7601562500000005,-4.9375,0.29328125000000005,10.914169902612198,7.768086556546599,5.106148577538499,-0.3399969889101909,0.3381943090597625,0.07749233269882663
7.567812499999999,0.5425000000000002,1.3006250000000001,10.097617829955922,7.467939600385102,4.1537760964422485,-0.47574575136361374,0.34665729325059524,-0.6077356342298669
3.2192187499999996,7.61875,0.6898437499999999,7.1996174604730525,10.093693498293874,5.86535204937316,0.06224859406186242,-0.3530047944047101,-0.22341318274797733
-0.7292187499999998,8.22484375,1.09625,6.015527123797917,9.256477291636703,5.120825281387757,0.017835889488659242,-0.4286180292189458,-0.0342548307529441
-6.16828125,7.766875000000001,1.0504687500000003,10.02447918763855,8.844039107465266,4.678974056112455,0.021233452245009457,-0.743672150052613,-0.17189086041688034
-8.58265625,4.79125,0.7625000000000001,9.57971281572866,6.982383972362161,4.750514445825842,0.3390280519045625,-0.2287645388523495,-0.1885373933454805
-9.0846875,2.2334375,1.446875,9.256545989317168,5.556044067823234,3.7017757035475554,0.50401721616983,0.03984408076741139,0.17534935102100943
-9.505468749999999,-1.1517187499999995,0.72953125,9.630140336738268,7.778754831809422,4.759123944359239,0.9338871750380356,0.5890471649223674,0.05326025204192211
-9.652031249999999,-3.2017187500000004,0.3501562499999999,8.429737573704381,7.846357943874243,4.783620324930265,0.8852354790735689,0.39727169059489204,0.04073616170822635
-8.60703125,-5.9196875,0.4640625000000002,7.728297370638855,9.900750124477627,4.494031708398791,0.7931897278934867,0.1304585605607442,-0.4263249847015107
-3.18828125,-9.38515625,1.39265625,5.864986027979814,9.632633497677878,4.904006729893011,0.42269370886075985,0.4228867358022071,-0.10458397785503708
-1.2660937500000002,-8.57296875,0.20937500000000014,6.5717048818180315,9.901167809860787,5.119528443555617,-0.39904909161351265,0.6094392840597187,-0.15557423753295005
-0.1996874999999998,-8.46921875,0.7393750000000001,5.997412194217082,9.19681114991215,4.573556423547763,-0.5107381196608674,0.5116140132727368,-0.3529806881589234
1.4839062500000004,-8.83765625,0.20515625000000007,8.20826633971577,10.490189426046411,4.526239813640671,-0.5938609364202433,0.8051053977128265,-0.45588771770229225
2.2898437499999997,-9.233593749999999,0.70671875,8.007612685007057,9.993284521240298,4.351996328801121,-0.6636461251664957,0.8188197486108021,0.4958526432784129
2.7424999999999997,-9.41828125,1.225,8.159830535924138,10.304787503068583,3.9056913600539405,-0.5068751324765266,0.9450411238044039,0.19244169004762082
5.078749999999999,-8.08984375,1.1057812500000002,10.056223741420037,8.436130720779873,4.363528104028716,-0.2910521151145982,0.7462301257007586,-0.42893554886513785
6.8909375,-5.7659375,0.48546875,10.4087970184404,6.447914081010521,4.4635982295983405,-0.2854740977575535,0.3635242083627068,0.2692708977662537
3.2532812499999997,1.8276562499999998,0.01062500000000001,8.186633743236499,7.214103102211386,3.4063753990679,0.09335113079823407,0.021327018775998456,-0.8257613012404937
-5.118281250000001,8.489531249999999,-1.1717187500000001,5.468526582489879,5.460365552577358,3.885011484332889,0.8282989670301173,0.20062055756705205,-0.7763252582263067
-4.0609375000000005,9.06375,-0.24156249999999996,5.191397848469499,5.472943535018428,3.3862664814798245,0.5999098018401974,-0.07016446838461322,-0.23646088445032606
-4.96328125,9.080468750000001,-0.4703125,4.55890545206834,5.391679477933888,3.577937590616101,0.20892947106915574,0.06198325693622293,-0.31541514486137484
-4.08390625,9.238593750000001,-0.56,5.727381769073102,5.791320787174627,4.7552195007170805,1.1778126325001597,0.19148586008112112,-0.2926831248326402
-4.6850000000000005,8.63984375,-0.4435937499999999,5.065165039265749,5.170675878266393,3.085956277632744,0.8761416301579645,-0.10328708022139897,0.6394853446862647
-4.723593749999999,8.755468750000002,-0.47515624999999995,5.183462394718509,5.283081762122695,3.5704709038985234,1.1496891439534584,0.11626748593643495,-0.26731873107697735
-4.04140625,9.031875,0.04218750000000007,5.083934213280198,5.123974249483988,3.274022024184283,1.3405074949110887,0.09383883521299764,-0.21458817691519574
-2.77859375,9.65859375,-0.93734375,4.534601645675278,4.597270544568912,3.062107751506458,0.8505414723666398,0.13074840499050008,-0.2676963760419777
-4.0196875,9.53515625,-0.51546875,5.686411425701077,4.952888359390502,4.339946690948339,1.0477267175885077,-0.005958656429733075,-0.45669917306201346
-4.51515625,8.9321875,-0.17078124999999988,5.422813497215808,5.728430868470332,3.635524938320247,1.4688458519801553,-0.0432833290234404,0.10875500146424683
-4.33390625,8.929375,-0.11718749999999999,5.526727280109896,5.830399288159859,3.0433269566124097,0.7988043079615658,0.11305050135135543,0.1973956341087106
-4.0454687499999995,9.08921875,-0.4359375,5.904999452182315,5.489825619010902,3.5436980678514005,0.9398876494315239,0.0942157117437996,0.5326646857580899
-3.9099999999999997,8.865937500000001,-0.8006249999999999,5.582639104849963,5.16273114456813,2.6196999321248606,0.8146640217783406,0.13702606558495223,0.5260936081049611
-4.31484375,8.7565625,-0.94484375,5.43683214064826,5.167314104889865,4.03626257825057,1.6126706768431085,0.2485800741648883,0.4770317077068507
-4.17140625,8.9575,-0.44609375,5.327400828261465,5.165457687853033,3.233834129746134,1.3092496302167995,0.24125871897987045,-0.3298847942937806
-4.094374999999999,8.8165625,0.4612499999999999,5.085327814838981,5.186207133695467,4.036702127046285,1.080846976006491,0.10653004730325975,0.6142781066789637
-4.1889062500000005,9.25171875,-0.15531249999999996,5.983584345207389,5.429051642174574,3.7462168286611157,0.9819051525783506,0.014787385833265993,-0.2824438048637246
-4.4662500000000005,9.19921875,-0.36046874999999984,6.025854840808895,5.812845232943024,3.6670464229095106,1.2027352562485252,0.12364700255403901,0.40501301232873266
-4.6315625,9.010625000000001,-0.5893750000000002,5.736315841513065,5.634559897132606,3.76974587795716,0.9569074046758081,-0.07288602089999664,0.3946409925918602
-4.3146875,9.25328125,-0.12984375000000004,5.698385727760429,5.866822514862576,3.4482180598224845,1.6646283177532224,-0.031046290950479664,0.31182364231440085
-4.3859375,9.12453125,0.07906250000000001,5.282371839059965,5.709409976545162,3.58907444490829,1.1889447792698595,0.054862097168928356,0.3897587435130073
-4.6984375,8.852968749999999,-0.32999999999999996,5.317074565359579,5.720020672954202,3.424300110971584,1.5311895135629678,0.053153472467917136,0.19435191405980753
-4.55734375,9.24828125,0.49546875000000007,5.303594076834684,5.409960592129894,4.318361932524118,1.3450569649854218,0.11976405464854403,0.47648265144809643
-4.257656249999999,9.233125,0.06749999999999998,5.777708710582071,5.421424765167824,3.5533347013755967,1.2078607434905348,0.075216307917192,-0.03866245727546862
-4.84578125,8.914375,-0.10499999999999998,4.30227839518184,4.883658616690462,4.075674407383397,1.1356627889345858,0.23428508076419077,-0.3690550770095282
-4.606875,8.695625,0.0439062499999999,5.862078576270963,5.614199039878707,4.389426435049452,0.754310165213194,0.11254940380425268,-0.1656820643610584
-4.7578125,9.3396875,-0.80703125,5.967668218395167,5.869298821183306,4.045904827603269,1.110610023347663,-0.012340019352145602,-0.49439617033466277
-4.08515625,9.803124999999998,-0.25750000000000006,5.520142375934332,5.752517893007809,3.4167501006073007,1.5048080804110424,-0.03220594077312822,0.01805028818900773
-4.8984375,8.744375,-0.52453125,4.4916979733274305,5.2186507101333195,3.392897420387689,0.8315461387615877,0.1383884147239313,0.005325774699005489
-4.334843750000001,9.439687500000002,-0.30734375,5.2698722091323935,5.39492439959484,3.506765889938468,1.0977018067822373,-0.05878423476098402,-0.3884076696703607
-4.50765625,9.070625,-0.3684375000000001,5.765893182702567,5.696647828712514,4.3799098231120865,1.6293875843345045,-0.2500149288428443,0.4712723923409913
-4.4487499999999995,8.776093750000001,-0.66046875,5.691647800725199,5.541533411765279,3.2639854997798987,0.7242029582717431,0.041553477125473394,0.2343961255445593
-4.380625,8.986562500000002,-0.71640625,5.460036594142479,5.944355047740146,3.4651156037657587,1.5430668027437615,-0.034591913864717216,0.37739445219812384
-4.54890625,9.175625,-0.4265625,5.862915261728668,5.805712401107637,3.0069888482656117,0.9693971547182644,0.0589267986246313,0.5144603308872363
-4.768750000000001,9.0003125,-1.00625,5.049817292486927,5.068093813490803,3.1549834092273765,1.6354852295148512,0.012912089339001268,0.3186431768588306
-4.7328125,9.3759375,-0.4021875,5.068013192055024,5.197895823897758,3.8567661602492507,1.4439430655334267,0.19000838636672784,-0.2247617604497639
-4.4328125,8.981562499999999,-0.47781250000000003,5.494557952178114,5.9391527222823415,3.6201115611046784,1.452682443081118,0.04122385796974267,0.30085506344997176
-4.579062499999999,9.05453125,-0.61546875,6.187679976864814,6.089796776598825,3.412158375614098,1.0365480984472113,-0.015116350611948133,-0.9393018037294707
-4.593125000000001,8.5003125,-0.6275,5.849196492628281,5.584404055254575,3.114987961453463,1.4879757090169268,0.033474133912457814,0.19200724946495146
-4.6115625,8.93828125,-0.9029687500000001,5.727745580382717,5.5034763316833155,3.591608570546551,1.2389073624912086,0.2954174057377569,-0.9037263049264572
-4.2790625,9.265,-0.2664062499999999,5.564573410971748,5.785062391625521,4.244971424810883,1.3733106682067195,-0.051284703964814576,-0.06289649434493054
-4.722031250000001,9.12171875,-0.6284374999999999,4.7620341569043205,4.561430886618632,3.866126622162516,1.4290439616724664,0.28383585400878125,0.338634164901445
-4.57421875,8.65546875,-0.57296875,4.363778037967609,4.603974481931176,4.366756762635565,1.446200675028118,0.11422038003387344,0.11195446284269858
-4.91421875,9.16,-0.904375,5.086064233732055,5.510091877636887,4.202809653597817,1.0936065286580263,0.0181604391889024,-0.25646987221811557
-4.18046875,8.910625,0.0026562500000000405,5.483419163056335,5.356219770918199,4.04289896075031,1.3240881474342205,-0.029697086944982066,0.3843952080096805
-4.96125,9.173281249999999,-0.22234374999999995,5.0848388310250305,4.743825280920287,3.5961414834981027,1.342103210969615,0.2657227766716323,0.3833869501401356
-4.49421875,8.704218749999999,-1.14265625,5.621086917994458,5.411548070067237,3.712934419948181,1.4001972536281644,0.2123423596964693,-0.2637936062992212
-4.77109375,8.90140625,-0.9665625,4.452300710442966,5.376933334621226,3.495028262917734,1.4069460156620905,0.07058670504979869,0.26382149115015185
-5.080781250000001,9.03359375,-0.96453125,4.5963886315398135,5.031948668007349,3.788520460585298,1.5069080715956258,0.14619953641927502,0.09880459931315162
-5.1109375,9.11125,-0.59921875,3.8007654322641056,4.922970235284792,3.658066559283529,1.257451276656066,0.1607016751590001,-0.5250078758927972
-4.60953125,8.436875,-0.311875,5.142286830076035,4.920619839956649,3.85204688891179,1.6099629673224058,0.39164624048246127,-0.2268813769433072
-4.977499999999999,8.47234375,-0.8701562499999999,4.684989661141207,5.249281719372274,3.813314868731133,1.407592044159366,0.019386539435234842,0.1578959203241021
-5.15421875,8.854687499999999,-0.8253124999999999,5.234863836782046,5.706610193656455,3.3882333010499366,0.8607711774069232,0.1280381744433434,0.7198978548994946
-5.22828125,9.162656250000001,-0.38265625000000003,3.990876922231308,4.922046462787195,3.7949951590003295,1.1405840353130694,0.14534102185945924,0.38548600877208045
-4.50625,9.569218750000001,-1.4357812499999998,5.245743363671158,5.3348855730135805,3.4828570369236287,0.711650111994825,-0.047006513044933605,-0.14870083870493458
-4.692187499999999,9.10796875,-1.02484375,4.4183528706797235,5.689741091343563,2.4811671851340322,0.6381383336860171,0.029148482369748114,0.3946955843634164
-4.89859375,8.36859375,-0.35093749999999996,4.926557135562414,5.231860886430462,3.1055342328001716,0.9479683468448351,-0.13454546716055743,0.7563105502277163
-4.92296875,8.79671875,-0.21421875000000012,5.136023108789859,5.038503949179601,3.4169951184700915,1.4337639077115647,0.03906937875619303,0.5492281921456448
-4.51125,8.48921875,-0.4153125000000002,5.364193934087394,5.220450263353578,3.960423733938548,1.0696530426059643,0.12533044614750802,-0.5846215857647853
-4.51609375,9.306093749999999,-0.5123437500000001,5.519747961067692,5.58454105578166,3.4457440879055334,1.0742915792771928,-0.10276764412401544,-0.7838906316719272
-4.86921875,8.49421875,-0.19562499999999988,4.341968629222053,4.3313579729281715,3.6525020854716836,1.7662030643208961,0.1673753665175943,0.1527927231064359
-5.3625,8.940312500000001,-0.027343749999999972,5.659386285190294,5.885736192469363,4.250618793991757,1.1336969371742602,-0.010884684409721223,-0.04235289685862708
-4.88796875,8.99421875,-0.2957812500000001,4.8789254002826725,5.594090577533442,4.257174387389885,1.227655890697942,0.0030480813434884584,-0.5625770945807251
-4.70671875,8.66640625,-0.04453125000000002,5.590391604878717,5.725122096729548,3.9472125962853126,0.9438442552123116,0.20896011287745084,0.13778907634865112
-4.8728125,9.4175,-0.96890625,5.468025085882814,5.780435753470495,3.391650647724635,1.2016692883932738,-0.12745989300834107,0.3268076238588908
-4.5746875000000005,8.9603125,-0.52484375,6.146186818047736,5.795123480336183,3.9724980302809385,0.7845380113247916,-0.08283567865234838,0.7935223698762476
-4.82890625,8.4859375,-0.65140625,6.262548931242848,6.098734427821379,3.5776025785378867,0.9095422356227589,0.011314923712034807,0.05062098544483091
-5.082656249999999,8.983281250000001,-0.6525000000000002,6.309536740667728,6.139726952063784,4.0080536111683935,1.0809151466321973,-0.012948539701819872,0.22654185087934461
-4.31640625,9.51234375,-0.3039062500000001,5.917407943725102,5.660520002114287,3.586837751238678,1.2113563855130518,0.02020072749200748,0.9208956453409214
-5.3584375,8.51375,-0.5039062499999999,4.529763107337264,5.00542970807702,3.456629778948121,1.5435916399329803,0.078535185864739,0.6547638110077136
-5.2928125,8.71484375,-0.33890625000000013,5.3880731913035245,5.85799640240466,3.5939641750038267,1.2174235724993605,0.12286906004008988,0.33279593708485167
-4.852812500000001,9.193125,-0.7421875,6.261833664338566,5.678248210000598,3.891772358430507,1.276287875369017,0.06835565111905233,0.35890333468615254
-4.495468750000001,8.9365625,-0.44953125000000005,5.778398602145186,5.674351069381745,4.152118596906095,1.0941029576204553,0.05735882927377545,0.374206301966358
-5.25,8.398125,-0.47515625000000006,5.850869593487792,5.283421853720844,3.9566751320503855,1.2472983266217894,0.20444178602144114,0.1935728706780442
-4.95671875,9.10703125,-0.05375000000000002,5.343007128097289,5.27132890019428,3.9359602148014656,1.1882720748918627,0.111779082445808,0.22484729186845132
-5.08125,8.66875,-0.8106249999999999,4.727330939600061,5.370405158132857,4.124813963607934,0.947337370125378,0.16389650915619475,-0.21825121698381933
-5.28484375,8.923906249999998,-0.26343750000000005,5.162431595245203,5.465666592805578,4.35249361672062,1.4588333956759876,0.11913790175534471,0.4998185813125666
-4.6546875,9.15921875,-0.78953125,4.901218269710475,4.860047037030448,3.6378416633731376,1.152763045015225,0.10665326436299633,-0.01717551461504536
-5.30109375,8.452499999999999,-0.4798437499999999,4.663796775826637,5.33497627689196,3.3132298687362365,0.556487489763367,0.08642970500704537,0.4946975198055901
-5.4315625,8.75046875,-0.4937500000000001,4.745215754693747,5.529785096888797,3.527700871318315,1.0244506179204973,0.21340692517122029,0.27520141318116326
-5.530625,9.151875,-0.82375,4.866250762586635,5.789571679699199,3.19429447413666,0.49341399948053066,0.09274615140320809,-0.6701033543270305
-5.224843750000001,8.7978125,-0.88453125,5.953653813045056,5.864698806404618,4.231882681534714,0.6106577923872095,0.0982850122537241,0.42901454184888155
-5.7221875,8.26140625,-0.46406249999999993,4.778527319147997,5.531275809879755,4.420297896759194,0.9071818863931352,0.023117707680993787,0.487311486567451
-4.705781249999999,8.9690625,-0.5171874999999999,6.590276645532298,5.868499254161472,3.979052756604736,0.9766496180159275,-0.020285144162162077,0.21880564843739925
-4.770781250000001,8.45125,-0.38624999999999987,5.695089799744024,5.101684617604267,4.53238709870417,1.2072892661307952,0.03471914482777541,0.39532481155211185
-5.4928125,8.544062499999999,-0.36515624999999996,5.228258992230947,5.747383567423854,3.1352342377541644,0.5654320488561652,0.049302364576990616,0.5944448998661327
-5.15203125,8.702499999999999,-0.19390625000000006,4.837405095867354,4.9471838580145775,4.130782922608127,0.9158162021524129,0.09542301660106835,0.7579176665057057
-5.35078125,8.658125,-0.20640625000000007,4.121339021137237,4.3660654752734755,4.415990958715941,1.0144015212868123,0.20550356784745588,0.44074392220622577
-5.580312500000001,7.294218750000001,0.7082812500000002,8.889512600662858,8.411429873371615,4.358101132763951,0.1644244921877488,-0.6961686878809439,0.05721909835173709
-7.592499999999999,5.99140625,0.2170312499999999,9.151680173607467,10.43641684008266,4.7413041058366465,0.18890145502268277,-0.8248602241886551,0.56340932059318
-7.798749999999999,4.26765625,0.1429687500000001,10.301728086224175,10.302260028476079,4.66196098750552,0.27554943159604156,-0.7501524937843752,0.24641026868946553
-7.9209375,3.0809375,0.5953125000000001,10.498692436255752,9.542767175777357,4.9102421556725435,0.37619040747321986,-0.4451107744149412,0.6994050134231555
-8.48703125,0.6398437499999999,-0.7468750000000001,9.506174256714603,8.798188288681137,5.112121280288155,0.35738297486188036,0.10897038709105702,0.05613623306990566
-8.52265625,-0.6114062500000002,0.33734374999999994,10.003108617166763,8.744394609403269,4.523200001861065,0.6529406369637177,0.36577112094800884,0.43999569561122437
-8.27671875,-3.0157812500000003,0.8360937499999999,11.443461705091622,10.310524023523172,4.619588935036422,0.8901904266539785,0.41392083247037315,0.10408658418190242
-9.445625,-4.55828125,1.0521875000000003,11.672019677818188,10.395823613759442,5.112007454498062,1.0139992215897347,0.4984133808276644,-0.19685741045313482
-8.526718749999999,-4.9065625000000015,1.319375,12.078079065848943,12.131756779567985,4.913872860013271,0.9345927003034253,0.6738150934550795,0.5139311027742237
-9.057812499999999,-5.458125,1.50875,11.991088679300297,12.101925966943238,5.133503463766242,1.0423252871279485,0.6701705471147511,0.3997233675521373
-9.56515625,-6.979218749999999,3.085,11.92946588182329,11.282245081416573,4.562650682443266,1.251874313946541,0.6227342629976655,0.03413194848670615
-6.259843750000001,-8.33734375,1.7581249999999997,11.47944882335759,9.859138565657545,6.101615788819794,0.9145090603331721,0.39071847505610513,-0.03206535381924556
-6.8882812499999995,-8.9528125,2.785,10.632449381887433,10.349118541684781,6.750496046587983,1.017720273981266,0.4788682378523524,-0.07890228512089609
-2.0382812500000003,-8.8909375,2.3084375,10.294136309491847,9.772826279848308,8.22182294619592,0.307812705131867,0.1959798616010972,-0.2523070103250618
-1.680625,-9.50375,2.1340625,10.150634813122528,9.744747222863197,8.094149839303306,0.38423316414596176,0.4770490289829133,-0.2772385344267237
0.013906250000000231,-10.307343750000001,2.09765625,9.963367687620032,10.170802303989392,8.947261232876569,0.16293051836511546,0.7582476524768913,-0.5930028712436571
-5.2271875,-9.51296875,1.989375,10.415375723652208,9.958646004805244,8.06515380258647,0.6825116226990673,0.5449985791705747,-0.44772669024509537
-2.669375,-9.89046875,2.13125,9.021390357609796,9.061707108363933,6.79282721423856,0.039822948986225896,0.7618168669347503,-0.5717240878876452
-3.046875,-9.799687500000001,1.1225,10.794374819060852,9.565765287071587,7.659754810044509,0.4903949082497782,0.5766698058329666,-0.4716539396996492
-2.21578125,-9.03578125,1.9929687500000002,10.07113368815291,9.39181455522033,7.43621242629764,0.5086061967037464,0.41965758293987665,-0.24353274351581933
-2.5735937499999997,-10.199531250000001,1.97546875,10.140517178500362,9.137412692757914,7.852433327018666,0.2391538049543789,0.5268324232209552,-0.32258792066310427
-1.94375,-9.049218750000001,2.1310937500000002,9.255319332011187,9.617185838494983,6.477769706172869,0.5402509802453621,0.5123719338064546,-0.46948033075922696
-1.9459374999999999,-9.159999999999998,2.4092187499999995,8.407611268731074,9.347811408292317,7.130121910048133,0.14641081780671608,0.603206120981145,-0.6472048375529474
-2.0473437500000005,-9.75390625,1.4957812500000003,8.90726796676938,8.790663658320168,7.103770302779252,0.4821992891874062,0.491885897087897,-0.16201711876445635
-2.3556249999999994,-9.3796875,3.10375,11.156917399504891,9.667843924699227,7.363229272031396,0.45885953028647575,0.3153980830680926,-0.273082776396525
-2.1429687499999996,-9.079375,1.5462500000000001,10.38131986425731,10.337795472651557,7.754891097720199,0.3466930575350842,0.42670229759395695,-0.37584595419656475
-6.3753125,-9.229531249999999,0.7940625000000003,8.441901253707233,9.057719330370832,6.500733064131595,0.5739477831471527,0.5214661184881867,-0.1981482958132459
-2.229375,-9.14890625,1.2056250000000004,10.956925161028298,10.858407042067032,6.826180730055057,0.5347317205821054,0.64857465750554,-0.210014950797872
-3.2240625,-9.528749999999999,-0.019062499999999927,9.736467486778444,9.608582507971715,6.38911274130405,0.5991674032750561,0.44855025183277364,-0.30338244279608
-1.6737499999999998,-9.52390625,2.0890625,9.660816072542733,9.50786247290688,6.794724911362767,0.22389100733998296,0.7210005092016838,-0.7155350886773467
-1.928125,-9.52359375,1.4784375,9.212868695980369,9.666240764767911,5.699253574687982,0.4133343081189265,0.6246136213234422,-0.44299921518892527
-2.6884375,-8.356093750000001,1.1482812500000001,10.29117465032995,10.049797668545917,6.152052897886887,0.5321163431538584,0.5467499554013243,-0.1607966026541724
-2.5884375000000004,-9.84609375,1.1750000000000003,10.422417128890675,9.582996272237141,6.662430581251861,0.3667423977617493,0.5421978917228573,-0.23299657282673666
-1.4628125,-9.822656250000001,0.4007812500000002,9.630679731454252,9.855772617194248,6.3808140900788235,0.4315393944706303,0.7684639801135478,-0.17104946482419583
-2.06984375,-10.251093749999999,1.0231249999999998,7.859451812186772,9.191744617656157,7.704312687344341,0.5740503409570681,0.7750616567122683,0.7850212654196664
-2.1714062500000004,-10.129375,0.9245312499999998,8.93178083922579,9.99492806924467,8.383769835537795,0.3501296705760408,0.7082983539346814,0.4856298294820598
-1.0909375,-9.89625,0.785,6.835220305234773,10.54738511729329,8.2788599381195,-0.18456721239932292,0.7594080719879063,0.6074449929598749
-1.44359375,-9.1521875,1.24234375,8.058460881115012,10.002232636508898,6.525333502537317,0.371617001296094,0.7159542129443737,-0.19341104804372042
-1.35421875,-9.26328125,0.009375000000000133,9.41283229902926,10.60917484048116,7.068963607515249,0.4824670520799201,0.7447681834277968,-0.4050132074800824
-2.65828125,-9.661406249999999,1.5240625,8.97612363347333,9.874162443466329,6.803066339606997,0.3087273331778836,0.7114547053854656,-1.2540266642354883
-4.48578125,-8.943125000000002,1.5025000000000002,8.312718005541175,9.155698511548696,7.1821475722794785,0.4004404705441705,0.4942271055244255,-0.5042564380701553
-2.83453125,-9.586875,0.9378125000000002,9.121726798160172,9.223048383499622,6.256668309878968,0.43749112333465406,0.5192009488760722,-1.0423620849777917
-2.7503124999999997,-9.94859375,1.3253124999999997,9.995031886009357,9.039595688412227,6.1216424391125415,0.31360805038786116,0.3975080222070682,-0.2965739576524695
-2.82140625,-9.181875,0.848125,8.044229854993015,9.893639509016639,6.345344227019918,0.7029283320747821,0.5914258853380554,-1.1661899469973818
-2.1842187500000003,-9.88875,-0.16359374999999993,7.647697938899551,9.246558734875371,6.48362730440769,0.5589826603310168,0.808223039792253,-1.3355242507274738
-2.44125,-9.82140625,0.25375000000000014,7.315877959103747,8.807787368854958,6.071975970596393,0.006711615460475351,0.5836695248086483,-1.3021454171326894
-1.6125000000000003,-8.96125,0.03109374999999992,7.927973811132325,8.987028064799842,5.717077246391808,0.509599075670115,0.34825042554242214,-0.7996845485651816
-1.77375,-10.29796875,0.8081250000000001,9.99353845929959,10.034956119063175,7.895702524751993,0.2421094078321572,0.625343163867484,-0.25199997659217527
-5.04734375,-8.740312499999998,0.8740625,9.50681700185903,9.21340649691219,5.588137189269224,0.6932796536180982,0.22518624869294482,-0.4805139934569133
-1.9075,-9.9021875,0.7601562500000001,8.784233745751532,9.385740425765233,6.044053247869838,0.2908411099578822,0.764205177479949,-0.7728379178178441
-1.7790625,-8.78171875,1.1940624999999998,9.301904159691915,10.28397472324774,6.39524645702523,0.4688063973770847,0.5541440766206527,0.08680171738599357
-2.43390625,-9.691875,0.3396874999999998,8.819610538663879,10.005358076269685,6.504810472054029,0.4116887944400628,0.9157086908494753,-0.8075568796473754
-0.3318749999999999,-9.11375,0.43328125,8.227152050337649,8.840280414811511,4.986226671632411,0.6248598558289391,0.5334149483413828,-0.5158164368012013
-5.033437499999999,-9.2003125,0.9512500000000002,7.908175796831641,8.505363375679122,5.9367463995441145,0.6475416760600287,0.23758062549631098,-0.23185171325784543
-2.00015625,-9.55640625,0.039843749999999845,9.031673691132001,9.307737602256573,6.439339177127256,0.3508121016466498,0.4896390382876756,-1.0567677589853475
-3.66015625,-9.280625,-0.09953124999999996,9.177206562352508,9.832050726291794,5.52307529531994,0.5349978257878346,0.5616088235691291,-1.6380356768000295
-2.68,-8.837499999999999,-1.09953125,9.01407250497798,9.94503393659368,6.4674133714935405,0.5574243253462926,0.43584972955266743,-1.0165501681272933
-4.382187500000001,-8.9690625,0.91515625,8.212720596114528,10.14059319621361,6.733092712534555,0.6252827596348705,0.6810787965711176,-0.9632163988827442
-2.7709374999999996,-8.9315625,0.5529687500000001,7.03128671518192,9.580335200742914,5.855261170436673,1.1275421362341578,0.6590450658643552,-1.2962172936285907
-4.2740625,-9.80828125,1.37890625,8.769766908025193,9.154949575688468,7.28674591235422,0.6491463782314018,0.4941445983708607,-0.15585825820345772
-3.9851562500000006,-9.281875000000001,1.28421875,9.069411673343863,9.708143468726396,6.962771943676487,1.0305200485636943,0.7404279447962345,-0.9701847786676807
-2.5525,-8.17171875,0.94921875,8.75314871917529,9.65072075590204,5.850159000159606,0.417650631294907,0.5594296347165261,-1.1614319329264953
-3.09859375,-9.53046875,0.10593750000000002,8.80176382664071,9.881058968692244,5.8408629817085895,0.5198838819585633,0.8206270788050353,-0.9972449665621751
-1.8059374999999998,-9.16796875,-0.45218750000000013,6.929846615986081,9.750329510407504,5.474145329623954,0.02458202010805658,0.7659245395926767,-0.7609785994916534
-6.07921875,-9.5621875,1.05703125,8.723534673637083,9.925169467814833,7.49776439173861,0.8940540082998066,0.5235709651139545,-0.5582195889372067
-3.2782812499999996,-9.31578125,1.1284375,7.789179103628215,9.655368293837808,5.698621603826117,1.0951362608112434,0.7549188353376004,-1.1913051526028617
-3.25953125,-9.085,0.9115625,8.878380065798796,10.429889440928891,7.181221000539793,0.5547294951116003,0.5468692728114719,-0.8195418841287591
-1.8634375,-9.411874999999998,0.45640625,7.428088839573323,9.425214167825313,5.109746314393791,0.5633985786094925,0.8456683258593146,-0.7898296746511203
-1.3665625000000001,-10.14734375,0.6775,8.178030825546806,8.705260127178047,6.503090130853178,0.28800194073318897,0.6342275181617402,-0.6642013437856428
-4.06984375,-9.5634375,0.7248437499999999,9.205369610346231,9.571974427128069,7.1079526307218694,0.6909170941196681,0.5608203420237321,-0.7770824694192469
-3.0006250000000003,-9.3084375,-0.6017187499999999,9.11626531861458,10.41757382664475,6.175714167883617,0.32170785598680973,0.7013475118291388,-1.0469166212310563
-2.11671875,-9.58609375,1.9031250000000002,8.830315689198118,9.229121135227933,6.429135798019435,0.5295036439851997,0.649018116982431,-0.5602569923222394
-2.32421875,-9.9565625,1.0045312499999999,8.453984970985484,8.779134570593717,7.5130991711326045,0.17107165241458377,0.6368906306036409,-0.9931585501373759
-3.46296875,-9.7578125,-0.13500000000000012,7.458772662041889,9.657421444922228,6.477903065421711,0.3182885254959074,0.8768151388738326,-0.9640315564322955
-4.25859375,-8.21296875,0.0001562499999998579,8.49005481931424,11.230490539109297,6.926668908146682,0.4428250562647548,0.8509128660325205,-1.0521584096999737
-2.40421875,-10.021562500000002,1.0412500000000002,7.006418219364901,8.91711735560286,6.021418152105034,0.2517242346619309,0.741770139843211,-0.9616003078396135
-0.4062499999999999,-10.558125,1.1314062500000002,6.299157805810234,9.263942680326503,6.670564740706813,0.18032692930713926,0.9717105112685757,0.4849092012515042
-1.1437499999999998,-10.8328125,-0.33734374999999994,6.620150229602044,8.735529368037392,6.476181417844619,0.7718731823546121,1.168976956117928,0.7321152749351902
-0.7023437499999999,-10.274531249999999,0.875,7.477141152829465,9.312160888068538,7.072554126692847,-0.0980063280558522,0.7456612528947787,1.2090159053391025
-0.7654687500000003,-10.914375,-0.3415625000000002,7.5291016499495775,9.627448207306804,7.469604285609362,-0.2156816377133677,0.8808961571648766,0.6198508619702318
-0.7149999999999999,-10.35078125,-0.15781250000000008,6.8955157530093425,9.06283487393147,6.728546571499951,-0.4839168405530655,0.8216789812670925,0.3780955606574787
-0.96875,-10.4915625,0.32062500000000005,6.606929482558445,9.50006039762873,7.663788813920632,-0.1438323192152453,0.7142717326562343,0.8977777173244696
-0.7329687500000002,-10.323906249999999,1.4403124999999997,7.701392869086957,8.986216288222254,7.499768739924169,0.21238765952942137,0.8451434623073324,0.9532852817941168
-0.9378125,-10.4046875,0.53671875,7.646759213212075,9.283704299865638,5.30060788220544,-0.1087105162055001,0.8898840689806935,-0.6047994961055665
-2.82703125,-9.896875,0.014062499999999978,7.678830412180194,10.099119991829733,5.326791869511493,0.2543690665103342,0.952469861721011,-0.9461117031118553
-2.521875,-8.742656250000001,-1.0431249999999999,9.078596545412458,10.729201863691257,4.775194981293958,0.5155722929383134,0.7273516134672142,-0.8594305819736174
-2.16453125,-10.16375,0.52859375,7.642698093950424,10.039560576165673,4.971064984986712,0.45680974647730604,0.9720194843960069,-0.6357908978627366
-2.18625,-9.761875,0.9339062499999999,7.258032511466176,9.601478544181361,5.532426179237365,0.6420195870968542,0.8403718389065317,-0.8841971080038619
-1.93828125,-8.8334375,0.8150000000000002,8.471746343487773,10.301199447568896,5.740972805195998,0.5245050014705125,0.7398261997397001,-0.3978270785489755
-2.25984375,-8.432500000000001,0.5096875,8.62192526574465,10.648984986842644,5.651567804808127,0.33984297838814015,0.6642237098631532,-0.24707558089439396
-0.42984374999999986,-9.057187500000001,1.11546875,7.4660260706808375,10.183452642146657,6.431816163050172,0.40912132288505704,0.6344630818044334,-0.6708336687442635
-0.2270312499999998,-8.8959375,0.38484374999999993,7.904109034168458,9.452373332718812,6.190312237729687,0.402882968939936,0.6076541334850679,-1.0825576328625828
-2.2521875,-9.84015625,0.6104687500000001,5.087247680705525,7.659130068949472,4.958625511951214,0.8074841388787387,0.7872084658339211,-1.097169294922713
0.42218750000000005,-2.5953125000000004,-0.07062499999999997,4.473591073158537,9.845818745911574,2.6501573508708876,0.2837748224282177,0.3037899654388572,0.9787100452893902
4.5521875000000005,7.794062500000001,-1.3678124999999999,2.8655788402770828,3.0552918839439465,1.8643786404171632,0.4752881708466686,0.6355826038799325,0.4588696931880029
4.813281249999999,7.573437500000001,-1.34234375,3.6387523852137065,3.24508292399343,2.8028215371899687,0.8320468103772906,0.5031075906497877,0.787322760257724
5.7440625,8.12703125,-1.23421875,3.5381009731342816,3.518829563792972,2.452121405976555,0.6513973760642592,0.8729631903607376,2.3016785196165337
5.157500000000001,7.5443750000000005,-1.1396875,3.386222083679687,2.8742324382998325,2.479714555617995,0.6715017932819161,0.5558245213596043,0.47116013656531164
5.983281249999999,7.23328125,-1.5796875,3.1825977276272974,2.984696935351802,1.4253694353899096,0.5678302420745649,1.2169798662838172,0.4315502133585018
5.692656250000001,7.2601562500000005,-1.42703125,3.6258444025958885,2.9913518537754697,2.309372668934886,1.4533074231080685,0.7930593846203519,0.8431194029117643
6.611875,7.189375,-1.4567187499999998,3.893558331959982,2.937117461793961,3.0018145838639727,1.1683446982477759,0.36912714934120844,-0.7195504990050393
6.17578125,6.71640625,-1.79375,3.460683550925805,2.8973502804219127,1.560995775939192,1.2973625770651007,0.7188710886840407,1.1672621930512843
5.09578125,7.1753124999999995,-0.9984375000000001,3.4235082539185497,3.8101357295172242,2.9956693840598883,0.5429165095728705,0.3383177071224337,0.24517212365384308
5.9896875000000005,7.57609375,-0.5634375,6.36632129077254,6.006909203468198,3.2165321090568564,0.3060241576423127,0.3742858778154812,0.3199227350814028
6.18328125,5.9034375,0.03109374999999999,6.772551922717052,5.8840736364013795,3.3055158056211043,0.07442431490442919,0.5632172105574051,-0.013391782045711304
7.5884374999999995,5.823437500000001,0.30296875000000006,6.38416968435158,5.538182581731461,3.5082272409328668,-0.09231832645517576,0.4328854169617658,1.12411343603907
8.0615625,5.02265625,-0.90796875,6.123246998822908,5.860774864029153,3.404020224164868,0.09446431705684773,-0.01127930523044266,1.1208836833576223
8.5971875,5.550468749999999,-1.15828125,5.722793097766488,5.256994872812169,2.4754535914450986,0.03747221523331037,0.3343599608479731,1.0691590737129926
7.497187500000001,5.12546875,-0.08703125000000006,6.437961990400669,4.998917048248894,3.7412901683808806,-0.08969755921972473,0.19227329560063813,1.019977753672068
7.581250000000001,4.6503125,-0.7375,4.888172747816919,4.660220276697632,2.8899913494680223,0.2754737276938967,0.5471664366757267,0.05443436802838822
7.84765625,3.091875,-0.16421875000000002,6.900700766540739,4.11989376190394,3.47278337787551,-0.07885118656709375,-0.3096480804936123,0.7518182191295844
8.818906250000001,2.23359375,-0.7984375,5.20532003014329,4.178066376622197,3.398257926290138,-0.1349643366105172,0.3052032065067032,-0.35461158315376884
7.97296875,2.1025,-0.16171875000000008,6.7046575881265875,3.545370661158012,3.085370497752002,-0.05331376712755676,0.07828074919529417,0.119925537312895
8.68,1.35734375,-0.76296875,6.119661959618358,4.105125699273524,3.1568851735569092,-0.01002914320569466,0.19603638157789974,-0.7012454700626684
8.794218749999999,2.32640625,-1.699375,6.696744032710854,4.88113824045795,2.781687816663653,-0.5673344470221088,0.4637610500066859,-0.08437863586949969
-7.203125,7.38859375,-2.8490624999999996,5.856562791806726,4.08700909406389,3.510755669523835,-0.3750163509606762,0.7213442431459034,-0.6422517723052743
-7.502656249999999,5.98421875,-3.16609375,5.0645527449949554,4.136920580534323,3.3407543203161376,-0.5492695036988192,0.9042858965255637,-1.2945363036726907
-8.643437500000001,5.3025,-3.73359375,6.318993249212547,4.973767435254689,4.509749635230423,-0.46807805198309727,0.9066609495767187,-0.6683509794709858
-9.634374999999999,3.6979687500000002,-3.1415625,5.710333800170966,4.3838742781383955,4.2535702719708,-0.2781676535052392,0.7605807209546792,-0.4247218934183863
-8.733125000000001,2.83984375,-2.70296875,5.408314165188169,4.382453113050492,3.589651654272798,-0.5122882598264379,1.1073223091729845,-0.3539220846569387
-9.79296875,3.7142187499999997,-3.2096875,5.78411852610434,4.314317299950067,3.8684755430716824,-0.2609404715841511,0.7857514083018968,-0.7021689694577272
-9.568593750000002,2.9609375,-3.0803125000000002,5.120826613932651,4.492824389634404,4.216450658118005,-0.41080299060580405,1.3287441313453665,-0.8759292957545568
-8.80671875,2.69453125,-3.0565625,5.97849350136792,4.745665762595744,3.6534338379932034,-0.4111666031044142,1.3655340114878696,-0.3310136413824466
-9.80171875,3.09859375,-1.7473437500000002,4.369297195590892,4.865705841392484,3.947530969712073,0.11786140502419835,0.8725843142025895,0.1674272376168523
-9.78515625,1.13625,-2.46671875,5.160259802140386,4.547456878575101,3.2388756993590286,-0.25695410980960914,0.8644407880345188,0.06104640190022451
-9.5584375,1.01484375,-2.5964062500000002,5.434240752726525,5.41516216059925,3.9130013126065952,0.3603614733472411,1.1188851707431575,-1.1188526448084894
-9.36640625,-2.3723437499999998,-1.4095312500000001,5.457660146295383,4.189306603644085,2.9892105091099617,1.1402223675149497,2.249214810851326,-2.279024992031847
4.597343749999999,5.350468749999999,1.06796875,5.664708245517675,5.611876476970376,3.793434368948992,0.45388153238179,0.820071920002494,-0.7278515293876177
5.710000000000001,7.556718749999999,0.4085937500000001,5.603316540228653,6.3443589743880695,4.518457586385086,-0.14516786750399172,-0.1822223385027241,-1.0762146470282499
5.118281250000001,7.13625,1.1034375,5.324395374913328,5.533003959197933,3.1362887197440465,0.07817376364873052,0.020389993400673333,-0.5322320473990368
1.0575,8.650937500000001,0.7501562500000001,4.40917119479387,6.454604877224767,2.329308838064617,0.18239601082031826,-0.026243415921698307,0.06309426563697378
-0.8148437499999999,9.35421875,0.5448437500000001,3.751425559115619,5.974038312954517,3.824517531739911,-1.5141519195511943,-0.16837731021042404,2.59110220491799
-0.3642187499999999,8.602812499999999,-0.9907812500000002,3.3245628494056834,6.279551006229964,2.831029133044808,1.0195781691467871,-0.07028418606325683,-0.9847471367429873
-0.35281249999999986,8.171249999999999,-0.20859374999999997,3.300583030290823,7.495870634055794,4.905402591527115,0.41830123411590214,0.012385392988746044,0.46302726329012184
0.07437499999999997,8.57953125,-0.19874999999999995,3.5875935854518133,6.9414489728567075,3.1269696292896736,-0.6296733170174342,-0.14437381453588513,1.3193283966352025
1.3153125,9.51625,-0.34578124999999993,4.218873134777076,6.859462100813737,3.388120240583034,0.8004536985673305,-0.09588663625467281,0.17793626918663738
1.2078125000000002,8.27109375,0.05484375000000008,4.860923738328318,7.286380299312611,3.9666382146076717,1.3465754970069381,-0.09277871192435101,1.1196766789318446
1.5259375,7.27921875,0.028124999999999956,4.237917279878614,6.784515988790095,3.10226372740536,0.7954513533670834,0.2920995188547769,1.091690212384899
3.5462499999999997,7.977343749999999,1.3178125,3.877466755176632,5.289648275815315,3.6971959259476295,0.3385775667090423,-0.05471436480673299,0.6919100235469442
-2.69328125,8.228593749999998,-3.9078125000000004,5.835630603962046,4.774841904184989,3.9297397610839004,-0.04983435563628443,0.39088571287001483,-0.5977134912102929
-2.46984375,8.6128125,-4.41421875,5.880012620146826,6.287831121686058,5.755827157294461,0.23431590205856925,-0.5138021324140318,-0.5220828672349447
-1.2228124999999999,8.85078125,-4.5840625,4.705459086512574,6.805545143641943,5.241532075270908,1.104203264328024,-0.6943705235049926,-1.0135481175060177
3.9290625,7.65109375,1.3420312500000002,5.453505386088268,6.400384294416308,4.748604130323293,-0.532232875322053,-0.1508293130531892,-0.18947030329963033
2.6401562500000004,8.44609375,2.58109375,6.253717517451995,5.367170057740945,2.6919342007580602,0.368715399364238,0.19639343595421133,0.8070909791476661
3.6959375,8.8953125,1.8178125,4.913221231645665,4.03260770498988,2.427818252020474,-0.6650373869732273,0.5333350117040677,0.11350242096618723
-3.166875,7.7684375,3.1559375000000003,5.729593101553984,7.969665774585139,4.349044334229505,-0.40634429899402597,0.04162847483226026,-0.9461467080782002
-5.339062500000001,8.77109375,3.3740625,4.628819611530973,5.951722470529933,4.031249697189911,-0.7405659886887503,-0.14635282630750765,1.0708183035448242
-2.7978125,9.04390625,2.3148437499999996,4.333799743278841,4.929904796617369,3.7947760112536204,-1.1135600809417598,-0.09845007586488184,0.6006707291979524
-5.4,8.418125,3.673125,5.547665331019888,7.901970457384349,4.137484469381728,-0.2976343800099627,-0.5050635335339039,0.9078820721646528
-2.64953125,9.44703125,2.28921875,3.8458701184222845,3.8440915212860682,3.086715641608154,-0.19964525138472183,0.47985240294710363,1.1970454567836466
-2.806875,9.07671875,0.8414062499999999,4.4351919613896085,5.2047727660195156,4.122353267244443,-1.0897059610648028,-0.12710622327758414,0.565869539835652
1.76609375,8.491249999999999,0.7518749999999998,4.100061591453345,5.205761981929254,4.303193173025701,0.5921572997254284,0.3073858681750979,0.1684330897714927
0.8724999999999999,7.5140625,1.24296875,4.741860460304584,7.210091824733839,4.888835392915519,0.038739934833656516,0.10677304863101371,0.31190987794013236
0.7537499999999999,8.836875,1.3132812500000002,4.436282755584905,6.107902380062652,2.8010824105867425,0.289447537780997,-0.04342408193607368,-0.47724067075853505
-4.62078125,6.9234374999999995,1.03765625,6.222913632467386,7.137088258428205,4.139742119907463,-0.4461959789441905,0.17121611953610208,-0.637561201601385
-10.1359375,2.37265625,1.29515625,5.956238514876125,4.709715106228394,4.286556744706168,0.1972511753803303,-0.6196740257569741,0.8350862873922946
-9.96515625,0.2867187499999999,2.1428125000000002,6.179058380982165,5.567846603122112,4.650345238779993,0.38036324068554256,-1.0743300733655596,0.2301856652283742
-9.93046875,-0.7478125000000001,1.8125,6.440164601372657,3.8195355038072036,3.233290699890748,0.12979882236811494,-0.6344662402482117,-0.807128508177497
-10.1996875,-1.0064062500000002,1.4746875,4.91585253565887,3.852444178370524,3.0895554740680335,0.3370270756024725,-0.9611861459383885,0.16840047507167383
-10.458281249999999,-1.5412499999999998,1.8684375000000002,6.1970359736246845,5.279195162380341,3.94546346245834,0.1669406632118961,-0.5181774176900353,0.103012496213976
-10.684375,-1.32515625,1.27796875,6.5013757858913985,3.9299248530456583,4.1236437845094525,0.41181966395759606,-1.3859073810840723,-0.656811140123041
-10.295468750000001,-1.3307812499999998,2.0346874999999995,4.993124313020199,3.1911475721358356,2.9396199630808995,0.07921694817017068,0.08042626916303872,0.27971369744278557
-10.51875,-0.74515625,1.9909375,6.415768051254658,3.9203730658683416,3.609423308659397,0.20033491156237399,1.14077373652353,0.11623859139052359
-2.4234375,4.28671875,0.19687499999999988,7.967102519648768,5.719037302807042,4.364111405472482,0.265730263129893,0.5268654218773767,-0.34217613877429215
2.3560937500000003,7.84171875,-3.7426562500000005,6.41796736153363,6.5637562023127,4.800246817283038,0.8613749235042913,0.03172811827191777,-0.2387774605929884
1.765,8.22015625,-3.02015625,5.210491219645227,5.277501033925615,4.035787365940621,1.183756756745403,-0.09222227557123287,-0.4339574121091907
1.03171875,8.703125,-2.1709375,4.7451533018858765,4.814029586466519,3.38074174495683,0.6517248052695173,-0.4483345575930583,0.13200308347363476
2.2940625,9.10375,-3.105625,5.6475956495745825,7.182197718143104,5.144721468104469,0.3243158060173099,-0.25536831136621213,0.48806098659672437
3.0700000000000003,8.5025,-2.25421875,4.949544802302531,4.4786144620853445,3.2566618284139417,0.8481710323949918,-0.19983061677471903,-0.5923149486363474
2.3325,8.834531250000001,-2.5446875,5.220178696653976,6.063212311165875,4.202692205877532,0.46458030688576735,-0.2659700638370904,1.087451411483523
3.9157812499999998,8.34703125,-2.11234375,3.7117607869646494,5.7082442242797775,2.4565217675273994,0.7197452920048647,-0.18664841915869348,-0.8212423991961307
2.08578125,8.82015625,-0.8157812500000001,3.749887833608952,4.383731462816345,2.8149232919652425,0.4525314898164395,-0.24221880581964517,1.5746779058943232
4.03734375,8.33453125,-2.2399999999999998,4.876754889968937,6.609454622377964,2.7874786994701863,0.16733031807873966,-0.24559463724622693,-1.0794585940925654
3.7882812500000003,8.536406249999999,-1.09484375,3.5711244529417394,4.196710529981897,2.06022753005243,1.342974393812002,0.46798156429593235,-0.42611503333834605
3.2553125000000005,8.34453125,-1.7229687500000002,4.377784459900207,6.08599132477803,2.8268471172002627,0.03635170814837375,0.016801310198556997,0.8539247410436056
3.01265625,7.5975,-1.15578125,3.128973095415801,4.78786519494858,1.740129130164896,0.14278339647139707,0.13171813980635108,-0.42191693045070944
3.24328125,7.8706249999999995,-1.4445312499999998,3.548111317433324,3.4731586285937186,2.0927694940612636,1.5936932447605434,0.8638280888184019,-0.3169486452701546
0.749375,8.69359375,0.8549999999999999,2.893741563162647,1.5605511518245525,2.8729699354500737,0.06101088234773805,0.3597531224818865,0.4848448662990619
-2.3340625,8.529687500000001,0.07406249999999998,3.2448467407712416,5.90901614292462,3.4640527740052907,0.41886318347615836,-0.014734317447524544,0.4573197786117439
-3.77640625,9.14109375,0.7182812500000001,4.112803319812526,6.372558875068235,3.43590806532981,0.4365696168155277,-0.011979126198962712,1.0243052853853511
-4.744843749999999,8.73890625,0.27234375,4.850282527913806,6.757219083410789,3.8479226303729055,0.4420222608141488,-0.1688923743783574,0.4650686809545866
-4.3865625,7.729218749999999,1.2874999999999999,4.100414696539089,6.55330291358094,3.874453187225263,-0.9283017802686723,-0.19742877976752943,0.9866266102179296
-4.6392187499999995,8.94359375,0.9762499999999997,3.8274891021593307,5.047358024002353,3.4931591629211516,-0.3929451671169061,-0.057241507404655625,0.3634600089816527
-4.46515625,7.26859375,0.9679687499999999,4.074112630449229,7.465616365040527,4.003519225197181,0.028402347560918195,0.29062800581378856,0.7020719031259605
-1.86578125,8.95609375,0.48671875,2.6803625015375134,5.992138500044115,2.468909839564507,0.4054620280967513,-0.049290569398753474,-0.466330974232907
-0.3121875,9.004843750000001,1.040625,4.06331817482261,6.0341862003575875,2.8079356713384658,-0.63549990893303,-0.12417759417623425,0.29813925530400576
0.5901562499999999,8.6984375,0.25109375,2.5519738023902083,5.762402715759612,2.087101097506045,0.17955645905685777,-0.18845069977529397,0.048847775925982974
1.26859375,8.919062499999999,-1.32203125,0.287265486894854,0.1717348860707981,0.2244032342089514,-0.6881453279245916,0.7529273964831905,0.713863553918504
1.8243749999999999,8.789375,-1.04765625,0.6530334864116847,0.1888275916676375,0.5200262679287821,1.7852593710609381,-1.8202960457972917,1.384373783367267
2.95015625,8.53890625,0.13265625,0.36607074191464345,0.2435808206960011,0.33318182999067864,0.5984035185060522,-0.3990625853823084,0.9875380681163921
3.0210937500000004,8.649843749999999,0.30296875,0.6764293135361134,1.8969362569907136,0.7449909388868012,-0.4941299016540902,-2.0025233364539807,-0.21052790231091764
3.39015625,8.3515625,0.41203124999999996,0.6149275673491452,0.39952791966738693,0.29742215203887806,-1.0824524340089394,0.6199235116356544,0.8102610441444268
3.8103125,8.154375,0.45343749999999994,0.42971999877100203,0.21847393294166692,0.2474445566056162,-0.32665529563288637,-0.5452913371383098,1.236840114040792
3.97609375,8.05828125,0.63234375,0.6047665282660223,0.4328595134664797,0.26207550312064176,0.3151317047834086,-0.048461743954533835,0.38125495970746215
4.0396875,8.03765625,0.5326562499999999,0.2634979171525839,0.17208048795821537,0.1538591298426502,-0.664496497260117,0.40088881697469414,-0.8140796117022112
6.67546875,0.9745312500000001,2.6534375,1.911541368967315,5.096805350439963,1.73267154521385,-0.43638095195122245,0.6383455984888518,-0.5282518267988279
8.0240625,-3.1153125,3.3332812499999998,1.5264682673065137,1.3722529021079715,1.5813384902981515,0.14202312071365045,-1.6279771767138693,0.7392444196840154
8.118125,-3.72765625,1.8940625,0.49220763847689314,0.5629907364565936,0.8185786438050714,0.10505917979255722,-0.002133291761414929,0.7046160680337635
8.212812499999998,-3.76015625,1.5240624999999999,0.20026130391004146,0.10218690271232171,0.16425702753230983,1.0693268605021553,-0.06729600508996168,-0.4952828743873103
8.16375,-3.743125,1.5675,0.05427073336523093,0.12280415047953387,0.1197262502544868,-0.24516049374640428,-0.11019832273106059,-0.07695503902207403
8.163437499999999,-3.7587499999999996,1.54203125,0.04576498217797094,0.05415544755608613,0.07976880043875237,0.2081786897696086,-0.6923773314455426,0.1552381945338181
8.160625,-3.7421874999999996,1.6331249999999997,0.03200952006825478,0.02724132602774675,0.04516895366288658,0.33779087610880876,0.15639882020204962,0.16377021208870027
8.161874999999998,-3.7507812499999993,1.62296875,0.03565787956398979,0.03193277545778779,0.05533081441147867,-0.09172551388862454,0.1689021652129606,0.6896105123962528
8.15953125,-3.67859375,1.78390625,0.10775304066910361,0.1665445434739232,0.27809967405758945,0.21818435792104277,0.0448571391641507,-0.38075634827838395
8.151718749999999,-3.7867187499999995,1.5246875,0.21593224260966098,0.11315165000315948,0.1470647046158595,1.6980167308384446,0.41000437627405173,-0.43304774338536084
8.12875,-3.9029687500000003,1.49578125,0.2907452708127855,0.21697983552265285,0.31022574788118,-1.0597834345518102,-0.0724018451053673,0.9549788150072578
8.103750000000002,-3.94625,1.63375,0.06223694642252276,0.0649879796577796,0.16672863431336563,0.053909835469233426,-0.42332595849270316,0.03761543372989572
