0.18921875,9.337265625,-0.04343750000000013,3.2153872262370573,4.420338242651049,4.843135676769106,0.4725260375249874,-0.05199462786761565,2.0456223811131014
-0.18796875000000002,9.3928125,-0.7473437500000001,2.992480252486796,4.204824784083607,3.821496656329289,0.4074845714824199,-0.30361893400114964,1.4192099785132257
-0.2534375,9.208828125,-0.5150781249999999,2.8868090183789006,4.42954279897587,4.191148037101109,0.6009075913342731,-0.07991623997789965,2.0585025981256133
-0.44390624999999995,9.272109375,-0.410234375,3.1011737279957305,4.57251395096692,3.974735735092128,0.28472250977482255,-0.23460550862936244,1.4221831642999687
-0.671328125,9.845625000000002,-0.26515624999999987,2.864468038281102,4.653192578421293,4.733810731122015,-0.015088365426858897,-0.1822557572799972,1.894207717414147
-0.684375,9.261875,-0.52484375,2.8229981153686587,4.518338630998677,3.820992178163407,0.40209391595579635,-0.16437375465629517,1.4774542512641677
-1.1996875,9.187265625000002,-0.37554687499999995,3.1132290655915043,4.580641623118246,4.210795428232976,0.2296662807226644,-0.043371624052466765,1.9720584044460703
-0.67921875,9.150390625,-0.5110937499999999,3.0717207131587396,4.374516295107622,3.683476032053275,0.40102913713740274,0.035830570723344154,1.41722028284467
-0.8573437500000001,9.27484375,-0.387109375,3.0720462145508063,4.582169243446376,4.582798365959069,0.4077249676453715,-0.1488325120179077,1.8512745364532863
-1.53625,9.348984375,-0.5267187500000001,2.8108589656900254,4.546186389409904,4.500861047721695,0.11728165038093445,-0.08056242431227359,1.8116832290117173
-1.23828125,9.4328125,-0.32640625,3.1610807362195668,4.768391686653242,4.264313531796289,0.13849199582148392,-0.21473136358579836,1.9303134480382111
-1.408671875,8.93,-0.595859375,2.9362703200376465,4.66318426614261,4.27851637679168,0.5265118383981622,-0.17509033105853605,1.6201466713714423
-1.175859375,8.987499999999999,-0.44078125,2.906555770835063,4.920392197274522,4.16902840325518,0.13629258010935782,-0.12726535087332252,1.8218091168700299
-1.2557031250000001,9.4684375,-0.18578125000000004,2.977228598985176,4.684421562060118,4.385236704232559,0.13568604092828376,-0.15616841738504814,1.8252910435494965
-1.3648437500000001,9.027421875,-0.49750000000000005,3.03026478431934,4.919933981723889,4.431752439780453,0.21786173873646206,-0.10816818050758197,1.905800194394897
-1.0735937500000001,9.520390625,-0.55453125,2.8706308470371,4.563456646683751,3.9151254887644966,0.15778280306925352,-0.37005171358301847,1.5519735061732145
-0.8875781249999999,9.752421875,-0.56828125,3.1450066439948077,4.759104390877709,4.021885656430133,-0.262967563264557,-0.24506698181677886,1.7153112846054908
-0.9153906249999999,9.314765625,-0.3732031250000001,3.3055750498078407,4.660583045077982,4.462042857116035,0.13136219369085386,-0.2305030041286765,1.8311841729473526
-0.9820312499999999,9.288124999999999,-0.4409374999999999,2.960709997031698,4.625389975112909,4.757101835266274,0.2113827945645042,-0.28127458886493484,1.5942054510173667
-0.7887500000000001,9.29546875,-0.4724218749999999,3.1410662003529946,4.618008374047565,3.9729693606635688,0.30099029493636775,-0.24994323808976193,1.8578300404747468
-0.899140625,9.417421874999999,-0.24882812499999998,3.0724895817926883,4.513771850904904,4.3342946768140935,0.24637142426163205,-0.3269398779632234,2.0416808272672085
-0.6571875,9.089296875,-0.3685156250000001,3.143933875711089,4.737776242538817,4.482435528301647,0.019054036622261843,-0.1972412282942931,1.480609733741637
-0.2109375,9.450859375,-0.41320312500000006,3.278107647118037,4.33322700683043,4.388277340966525,0.012958699394152047,-0.18033732053944937,2.163442993779559
-0.485703125,9.20046875,-0.4728125000000001,3.203218762918829,4.543719714372074,4.191936257845979,0.3834261732334001,-0.5163885171262765,1.8804022245884044
0.0033593749999999423,9.280546875,-0.10617187499999993,3.5341020069954983,4.078735310384548,4.284833558810538,0.35837978590126185,0.09531863415286403,2.029696715769045
-0.28421874999999996,9.627500000000001,-0.1757031249999999,2.989407500182676,4.445397725457195,4.675281689974972,0.28090149384759494,-0.2310423282059122,1.8262597791173283
-0.25515625,9.130859375,-0.18437500000000007,3.2174470625926292,4.501438837219118,4.116758765628003,0.25266551256811504,-0.1691778760616806,1.6889645344931616
-0.06390625,9.300390624999999,-0.229375,2.453264163051125,4.073472566946058,3.8687089557596597,0.23472746099583872,0.09463074896058672,1.7833581937398966
-0.74390625,9.37578125,0.08726562499999993,3.469257448101962,4.389620322664415,4.0943626859919675,-0.9967969583701964,0.011607488289357001,1.5092115313365828
-0.35124999999999995,9.540000000000001,-0.15234374999999994,3.19294828489282,4.669389681746427,4.7902331435261,-0.04966474911349998,-0.2124200233925955,1.7136684954880657
0.391328125,9.272812499999999,-0.48335937500000015,2.9589380936974647,4.241145912644806,4.057054673140308,0.3117243714721098,-0.15340363099917687,2.135059921905831
0.15187499999999998,8.711875,-0.308984375,2.9049864860916306,3.8287917786653014,4.156202977148236,0.342470671695902,-0.13255316248935867,2.286645587307025
0.36210937499999996,9.42078125,-0.193984375,3.016256903313627,4.158995636226184,3.89634069910549,0.3726351356519762,-0.30438534010786006,2.1477552232343995
0.053359375,9.253359375000002,0.06101562499999996,2.7012873890701834,4.141943474487503,4.30013877680196,0.28993350243145427,-0.04146535083104298,1.9631217683152389
0.289765625,9.12515625,-0.5917187500000001,3.122237144871984,4.0935070508777605,3.8704796435194484,0.3734131138874768,-0.2807876658715759,2.110836554934567
-0.59421875,9.128125,-0.28312499999999985,3.315344205681883,4.51370807063051,4.563204354877722,0.34391875476908773,0.07372756711879308,2.054955027990973
-0.14968749999999997,9.506406250000001,-0.32046875,2.651744101029311,4.075532122920998,3.8384391886902987,0.17259604158548367,-0.3176623371426493,2.1408267788816144
-0.22460937499999997,9.3603125,0.004374999999999962,3.7392297214683277,4.265489226319034,3.8983411435987745,0.41285714193368955,-0.018050926860910237,1.8333030753107242
0.11554687500000002,9.444609374999999,-0.5089843749999999,3.1673078100222174,4.525458696078455,4.507305153831484,0.336835233620615,-0.19801678180862534,1.797848434036737
-0.07593749999999999,9.196875,-0.533671875,3.049930182986776,4.606052192157075,4.113123028622409,0.40576088506306235,-0.2590225441071965,2.087441772087979
-0.11117187499999998,9.239062500000001,-0.35265625,3.242734094550305,4.8371584888334755,4.097463293836314,0.3253650837240467,-0.18766571752783592,1.97768749847606
-0.05273437500000001,9.122578125,-0.32359375000000024,3.067170855111166,4.567250479995758,4.61478597390615,0.27855523798187376,-0.2781753981479713,2.0179822038162594
-0.16765624999999998,8.903906249999999,-0.4946093749999999,3.1787048965476394,4.424531796270758,3.5637686123557613,0.29319108237345776,-0.19434760757347694,1.5505104362739575
-0.14500000000000002,9.421796875,-0.116328125,3.0675236857276262,4.5842245516543185,4.582529983380795,0.46216504840106265,0.024290389185249346,1.5702799680708426
-0.22625000000000006,9.3225,-0.3405468750000002,2.7852173950160513,4.222067769470311,4.418422072095165,0.18918541282497514,0.0026219023851204756,1.8407955426654925
-0.10843750000000005,9.02671875,-0.31007812499999987,2.5981277626579007,4.154710637745839,3.6879329186749703,-0.030362707225989747,-0.27992207579728795,1.522015936672362
0.07054687500000006,9.606484374999999,-0.2880468749999999,2.672252475848368,4.1580450240023685,4.250309190700452,-0.10824739361207567,-0.05957608616352776,1.9396339155048323
0.23703125000000008,9.230625,-0.09445312499999997,3.164020968091621,4.199421974733546,4.16590829092861,-0.008631319134991627,-0.04727172303277186,1.9115459337488505
0.6128125000000001,9.372578125,-0.09789062500000012,3.226583171846613,4.38430514842677,3.942316231517597,0.2477081960247156,0.015605210328911049,2.1213031484375366
0.5330468749999999,9.234453125,-0.007343749999999871,3.115963825255796,4.137715592682481,4.105727227828943,0.45898823399227245,0.0319161593571387,1.9476523368443652
0.6817187499999999,8.981953125,-0.23226562500000003,3.0197470168705256,4.306540458018795,3.8240027733637114,0.2935773965887973,0.03693074305178766,2.144035346104869
0.30187500000000006,9.20640625,-0.414765625,3.3490826052629696,4.572330972541351,3.94938720817146,0.4176250779246419,0.12939275471573058,1.797793805756221
0.68015625,9.224609375,-0.3885937499999999,3.322395357733022,4.3367886488635925,3.7902703841495184,0.2888575095614228,-0.09855221272072677,2.0462728287583536
0.716015625,9.39453125,0.3347656250000002,3.2006379588303737,4.236179524969809,4.76708325473432,0.2849958638985382,0.011884599175155632,2.1172548217353406
0.35375,9.374921875,-0.2824999999999999,2.8282696786197743,4.193013161068838,4.133897978905624,0.4437028738483359,-0.14601555466375177,2.2349793344469058
-0.4067187499999999,9.14,-0.33140625,2.9077568968018004,4.69077735428788,3.751658119746646,0.2710355499607149,-0.2468422868753156,1.5773254334116
-0.36492187500000006,8.98765625,-0.332265625,2.948847496293507,4.903556025410125,4.000194763782553,0.18840935745980836,-0.19800535741646472,1.608442602516089
-0.43640624999999994,9.037187500000002,-0.23953124999999997,2.9378546951748548,4.735569352236724,4.603004769199511,0.3738711424832091,0.11342195516401345,1.55972762183606
0.12023437499999995,9.260312500000001,-0.11757812499999999,2.8027560277909243,4.778342079355951,4.563289614222561,0.4021034440155638,-0.19113507682064323,1.8141143483317408
0.02906250000000002,9.17796875,-0.510859375,3.1132951889587583,4.761926369550818,4.018084320322884,0.45525930742453985,-0.1669830333129914,1.490145009561272
0.520625,8.801406250000001,-0.565,3.194709677243771,4.8424362306034485,3.986468714601935,0.20087089985386136,-0.23983739006647253,1.9081851056754515
0.6928125,9.15421875,-0.184765625,3.1395583232110456,4.795054843497459,4.448310593086814,0.2570203093424081,-0.17445243504185395,1.836277275027211
0.420546875,9.463125000000002,-0.5333593750000001,3.075987216679831,4.71234909406922,4.168494234534769,0.26765428583700945,-0.2953320674167124,1.7485530931309043
0.7291406249999999,8.982265625,-0.28718749999999993,3.2824005190903516,4.771732392244284,4.541771050740421,0.4220108769274025,0.023593444291942725,2.0061246740094347
0.5749218749999999,9.240546875,-0.28664062500000004,3.340539579378829,4.737689031287061,4.583921676179646,0.17730289148113637,-0.17927126982884467,1.9499570249866436
0.9493750000000001,8.99140625,-0.542265625,3.4380546711585316,4.736983272343374,4.279613047425358,0.47251994832295,-0.21868314088915952,1.8504825911602858
0.7947656249999999,9.439453125,-0.355234375,3.168437106061656,4.684090311328095,4.338100996699865,0.38773878294892594,-0.18807579381564346,1.7637132002808158
0.9815625,8.715937499999999,-0.2773437500000001,3.1881172043376558,4.683784600469342,4.026546574837542,0.2502598744833529,0.08282724212737574,1.7887826038824703
0.8665625,9.06515625,-0.448828125,3.23512181897278,4.710536557875964,4.426437199708021,0.17297440061341807,-0.18277297953683655,1.9969526594683755
1.1675,9.431796875,-0.5277343749999999,3.309847522923073,4.2644734129772965,4.061413165167188,0.17444634798077846,-0.004161708686486737,1.9818433493654846
1.304375,8.946484375,-0.26812499999999995,3.1292083538612445,4.502785004486763,4.11776766548029,-0.0005414889625804018,0.02071362986575198,1.9992889133899912
1.808828125,9.317968749999999,0.014296874999999931,3.159301648776037,4.328186030142817,4.321968352859058,0.24550809934684423,-0.005371362752167348,1.9354856998575605
1.515859375,9.126171874999999,0.023828124999999964,3.370478806709013,4.381701139592816,4.545948422959612,0.1663033011287728,0.01787554279037469,2.1639142013238932
2.3934375,8.968984375,-0.36835937500000004,3.5224872332761903,4.450505912225695,3.824779564184008,0.23930311004909982,-0.023493130417383514,1.9221164759087446
5.664843749999999,6.699062499999999,-0.2521874999999999,4.3652122629473515,3.6966265105625356,3.8916103546403193,0.04433219402249014,0.659445105111721,2.670572141647217
7.572890625,5.12421875,-0.23617187500000003,4.98088708721018,3.233872149165523,4.309440059533139,0.023469872283824696,0.817467596305047,2.2730493690068094
7.81984375,5.04328125,-0.5345312499999999,4.344068870377855,3.2792198742076497,4.058516673955331,-0.14357645609713343,0.9067370087904645,2.4116006245005677
7.7184375,4.909140625,-0.4517187500000001,4.698518456236364,3.4624706739154645,4.1093512089377855,-0.19611608923936927,0.6433385966393245,2.295774753163572
7.8475,4.914765624999999,-0.18359374999999992,4.994780244164902,3.760869863817194,4.534284455397669,0.014817049431871746,0.47080483997785916,2.2439464598030994
7.641171875,4.9871875,-0.25421875,5.1617789479944785,3.659137308142966,4.463606062047639,-0.06814475274209958,-0.004010678442982294,1.9829800608598929
7.9214062499999995,5.002734374999999,-0.027734374999999978,5.2811177105287985,3.40203976379515,4.592042746501099,0.00047865798296437386,-0.23685120347338223,1.8741812964681364
7.78703125,4.667187500000001,-0.02382812500000006,5.065472331039174,3.4650486868648396,4.6186671374660655,0.14955377039749845,0.2903594285178541,2.099333796510253
8.006250000000001,4.6278125,-0.37249999999999994,4.705660487646766,3.319522494251809,4.025099377655166,-0.189441187469182,0.5520915556508437,2.3373267212642532
8.201562500000001,4.511015625,-0.05132812499999999,4.6664303872010935,3.0704305072344265,4.296301347360772,-0.17556580108928693,0.42450006594997897,2.4279362769244006
7.61640625,4.801328125,0.11921874999999998,4.8445892392917,3.3521987586260433,4.278294163816747,0.02039371382106672,0.45273279484259604,1.9000759250980306
0.20867187499999992,7.495234375000001,0.0029687500000000477,5.062811930373671,8.019694699305477,7.080121750296631,0.4053700579452011,-0.18889310897139366,-0.24442454553959572
-2.6383593749999994,5.520468749999999,-0.7106250000000001,4.562321704965533,9.49888775227255,8.258663230776213,-0.2787014257312297,0.20354646498021245,-0.293928919319124
-5.173671875,4.775859375,-1.163828125,5.50786013221868,10.094807028813111,8.074032171208446,-0.6739134403925887,0.17463705174419314,-0.22024626311435544
-6.112578125,4.255703125,-1.345,7.4896784441671125,9.739785409243636,8.040866616074414,-0.49561202488959566,0.3336949537198229,-0.43788654427156676
-6.126562499999999,1.5174218750000001,-2.2620312499999997,8.949085623464207,7.984713739986017,7.656372076514009,-0.21732162222711646,0.5164208088475222,-0.4781900911476468
-6.7353125,2.5775781249999996,-2.1978125000000004,8.476782992523978,7.192959420730211,8.49518355613013,-0.14468860408039202,0.4100445306460345,0.0120609292154144
-6.696249999999999,-3.088203125,-2.0817187500000003,9.709535583641475,6.7001227173455735,5.356685820859614,0.11227013303389084,-0.3655052738409961,-0.21122519265114917
-5.81453125,-5.508984375,-0.695,8.728099007245131,7.540954622907888,5.81848146533956,0.006863409496794952,-0.5761904996133719,-0.09282045383377042
-4.838984375000001,-4.664375,-1.5885156249999999,9.801579021374865,7.8070756919204385,5.707273469256652,-0.05525544159597356,-0.7215379341035169,-0.10470547316012675
-4.649453125,-4.90796875,-1.727734375,9.745720399599906,8.320212245581445,6.188966520001006,0.001119485166233486,-0.5391155762419264,0.056755310855747955
-5.004765625,-5.164453125,-1.210234375,9.742625493549896,8.397167566413554,6.139847242710388,0.08733375177988845,-0.5566441598596167,-0.137166850148069
-4.5253125,-4.68640625,-1.1145312500000002,9.997994481511967,8.066786334870965,6.340409201524254,0.07939407410450697,-0.6685241463846289,0.08317610973910111
-4.3696874999999995,-4.896640625,-1.501953125,9.97659635859564,7.788455226060532,6.902786015736887,-0.024692120306757954,-0.6030970387492941,0.28888397124276544
-4.924609375,-4.602421875,-1.6457812500000002,9.539225671400803,7.58189473207532,6.256865680166743,0.007833209530688447,-0.6582419546313245,0.1765713862773983
-4.895312499999999,-4.891015625,-1.77515625,9.994433523959412,8.693543477044091,6.596327574915146,0.06919417302003826,-0.5489325049172585,0.20464021601237006
-4.550078125,-5.051171875,-1.089375,10.04811250124353,8.287361954081588,6.758293834014248,0.11637424571975967,-0.5063635988184156,0.11430734327176853
-5.897734375,-5.1138281249999995,-1.68234375,10.478469310242472,8.104182188179692,6.276953317042906,0.14704012336945502,-0.5736743817991412,0.13534443540569763
-4.8052343749999995,-4.613125,-1.6931249999999998,10.295179163451618,7.433203459604412,6.10595850762802,0.05964537633773979,-0.7892914852132289,-0.06945153775126045
-5.404921874999999,-4.547109375,-1.199375,9.79783051529248,7.855190377262482,6.1707731927915646,0.10689756062522643,-0.6356974821275572,-0.03590163909306533
-5.09421875,-4.492421875,-1.750546875,10.098874056158362,7.926177529444535,6.34552318920022,0.03190716845416789,-0.6116332960299573,0.23862140752051714
-4.756328124999999,-4.842421874999999,-1.89171875,10.716563324409742,8.400511493550347,6.325064983531666,0.22772273205896781,-0.5639126600656446,-0.14303222501267648
-4.980859375,-4.795234375,-1.6271875,10.59093598520568,8.375195610107763,6.432933566992881,0.17922545987937755,-0.550075908772544,-0.018836640583398605
-4.9490625,-4.717421874999999,-1.24078125,10.119764575255383,7.542877460526684,6.3387256715879765,0.05198152614634996,-0.6777622512324568,0.08390062512785709
-4.626640625,-4.08828125,-1.7657031250000002,10.70621718306002,8.016175552181878,6.623320150658221,0.12958597395348942,-0.6951478701389169,0.07252865316618907
-5.059531249999999,-5.071328125000001,-1.6690625,10.298559733903252,8.182723451262055,6.724692655325874,0.15964174141911255,-0.5661950822788807,0.08759904112067576
-4.681484375,-4.496015625,-1.9869531249999999,10.323845432559558,7.988142515222537,6.433157948107814,0.17943896115705382,-0.5675784612050441,0.32671359368109476
-5.098515625,-5.214375,-1.450078125,10.310609757811651,8.258935383684449,7.3638473402255205,0.16261402983102188,-0.574828755837602,0.21582475445977467
-4.6615625000000005,-5.166796874999999,-1.55765625,10.20755498680236,8.118645681931207,7.129486031218235,0.1378498803615866,-0.6063982531693852,0.15684809593913876
-5.737578125,-4.54859375,-1.11578125,9.895752067340384,8.000004759214892,6.1941452458873165,0.01738522273012035,-0.6519452936142195,0.12474129595496751
-4.694609375,-5.1290625,-2.309375,10.6843188176604,8.287034436159521,7.004148073418708,0.0949476571849831,-0.4957334024581057,0.10991655507461147
-4.856796875,-4.426640624999999,-2.122421875,10.268413105672181,7.89968010402001,6.628737712850877,0.12062553546932034,-0.708432134615685,0.10936978511052779
-5.114296875,-4.66234375,-1.6578125,10.53119752832579,7.845083799382639,6.952356832567195,0.28878992462716285,-0.6032040049203263,0.351656096374771
-4.64046875,-5.1303125,-2.121640625,10.29670311763787,8.029495132936052,7.368842957147317,0.24939299945132187,-0.5517428182992938,0.22070719195270017
-5.22109375,-4.873359375,-1.628984375,10.483184096624028,8.314989033116618,7.613052303429674,0.35112958817266704,-0.5437164398105837,0.27048387439215865
-4.6203125,-4.4365625,-2.251796875,11.341289536020309,7.946575956573608,7.439521304491993,0.39614382268122195,-0.7843801413201344,0.08741789289699375
-5.4829687499999995,-3.9262499999999996,-2.01109375,10.47501285495743,7.807355005858258,6.886917765133466,0.30275465486598785,-0.7320425473145303,-0.024218474124787906
-4.687265624999999,-4.032265625,-1.8958593750000001,11.089703608164799,7.574937728172645,6.664751792000556,0.3132861476431075,-0.7217702323142163,-0.12467795933969499
-5.5756250000000005,-4.16171875,-0.8860156250000002,10.094180853807554,7.023928533655396,6.194451945572413,0.238153772140008,-0.9814741555275749,-0.328951358662825
-5.014296875,-4.2103906250000005,-1.5279687499999999,10.228480969484924,7.477546013142421,6.052583430777592,0.24614904950868527,-0.886034902723875,-0.19988923930745423
-5.769609375,-4.334609375,-1.47796875,10.246871199476555,7.795894542797004,6.538012570653518,0.21414293302280646,-0.7794170074982697,-0.27483729802960194
-5.4818750000000005,-2.694296875,-1.1172656250000004,8.100610099515654,7.7919450279192315,5.630238215825629,0.09223436789438172,0.00938857725539838,-0.016842448782885936
4.482421875,7.7703125,-0.19390625,5.087143222455161,4.2664019782298706,3.869044866463936,0.1807782429893011,0.41059233500008907,2.0003390805824863
5.203359375,7.381171875,-0.10546875000000006,4.3634585761583216,4.168400401587998,4.016541745428951,0.4009213273001608,0.39652690108330724,1.4242107489644762
4.111015624999999,8.490859375,0.9206249999999999,4.799240473737054,3.9259025688654843,4.601745380491515,0.9029247555274873,0.1421183456264347,1.6266727685823912
4.231171875,8.2584375,0.45281250000000006,4.414992146987238,4.1025461677589625,4.399220090236876,0.5582622277943832,0.32627633206304835,1.9853510977294817
5.284531250000001,8.26671875,1.0871093750000003,4.726256092857584,4.214217770939043,5.062402954678451,0.48113233337383743,0.49413720368523467,1.9269410286741602
5.056953125,7.995625,0.3076562500000001,4.694643816127346,4.2903332020223095,3.846580966499462,0.3841422956350733,0.48675771103986903,1.6491248671816028
4.566328125,7.937578125,0.5560156249999999,4.632092344295824,4.495768104926174,4.278546653772267,0.32908987860800937,0.5432030613850407,1.9782622348757728
5.165546875,7.930078125,0.28984375000000007,4.949624008541228,4.137980805918085,3.955612702298588,0.39890114266458093,0.40869142096359545,2.229738286885716
5.395859375000001,7.906328125,0.2917187500000001,4.762889506273961,4.05768423624658,4.1878328429986835,0.5479271861572387,0.42366463406349586,2.297517667351948
5.017109375,7.736406250000001,0.273828125,4.893580960098352,4.272666712366053,3.743149184070678,0.48611772557380145,0.6451923721481662,1.76098805692242
5.61453125,7.74,0.394296875,4.501342830786546,3.999245436641767,3.5227254815150206,0.12742682673540165,0.6067981208576652,1.8875895694594393
4.462578124999999,7.137265625,0.26000000000000006,4.403714207577677,3.4134160205640565,4.114412549198245,0.17481808476869376,0.5914176802946164,2.1929744345252393
5.59171875,7.7684375,0.31257812499999993,4.4194067951364735,3.9355059310835436,4.0608924215646836,0.21841281293352097,0.35888345114828935,2.7106791870120293
5.25375,7.635703125000001,0.48179687500000007,4.993813829379306,3.9822319596697575,4.228272850998411,0.30012875698551184,0.6129006376730156,2.0389602834983958
5.158046875,7.920078125,0.178203125,4.5496552167777216,4.193652662077116,4.0361831121729645,0.46971317564882664,0.36366189589969095,2.353551162065267
4.990234375,8.148203125,0.569296875,4.66160203565452,4.339782978731797,4.3529882307290055,0.5398021689134824,0.3251950898104478,1.9381070965522715
4.841093750000001,7.937109375,0.18875000000000003,4.995362417153628,4.5859675833500075,4.332164585977777,0.4609283837055918,0.395215077389466,1.8946777993453963
5.0096875,7.893515625,0.16039062499999998,4.768641043561965,4.214903170196305,4.159810392753751,0.29460287080130043,0.3659327247404821,2.0978648944427176
5.084296875,7.553046875,0.205625,4.775174519650065,4.113336837082849,4.066152348581519,0.4240964283124143,0.45885230263937393,2.506472709376502
4.90296875,7.9753125,0.34484374999999995,4.923011870189167,4.449405145898016,4.624465000201206,0.5219860585617667,0.25723846743619677,2.0753301320160302
4.8482031249999995,8.281640625,0.30617187500000004,3.957503244154101,3.806620215440412,4.657239847990329,0.44489825080173484,0.4445829981042053,2.0745172517933854
5.903671875000001,7.039375,0.683125,4.577409179719898,4.123075829629501,4.6116838285354085,0.20506050434191378,0.6165357740356263,1.8175924236368042
5.653515625000001,7.464140625000001,0.426328125,5.029723462490842,4.662394189037925,4.513867672083884,0.4801502289925957,0.481556778050213,1.608722699996883
6.013203125,6.779609375,0.278046875,4.823823194183244,4.40587044506101,4.238152799752828,0.16055381245863318,0.4764608750057659,2.341253006916664
6.071796875,7.078203125,0.06703124999999999,4.575023810319487,4.416186390992825,4.141356276816018,0.1859185491354095,0.46509424372849933,2.138271300084513
6.399296875,6.891953125000001,0.2766406250000001,4.91261675808985,4.088505430356273,4.434212034944834,0.300635864214578,0.567234268378071,2.1611878759540626
6.162421875,6.846875000000001,0.026015625,4.971168396692219,4.381656142016966,4.018336553352128,0.42825670691489814,0.6459628161564942,2.2328425788013644
6.827500000000001,6.4690625,0.022499999999999992,4.49560879497983,3.668333757797094,3.5095336673837445,0.21876980636188773,0.7665664659940942,2.2956076670537384
7.0396093749999995,6.593203125,0.22140624999999997,4.951836055056963,4.088106020364472,4.30097422364526,0.1426547879055216,1.158442267524402,1.466530476112611
7.375234375000001,6.238515625,0.015390625000000019,5.0520096503835346,4.009173093092996,4.393131340218741,-0.10361165640503132,0.6787676319581983,2.09653015927689
7.133203125,6.053359374999999,-0.10914062499999999,4.583531139715343,3.941155104579064,4.170608473918957,-0.08776953564408298,0.6535208846637297,2.6642949753656184
6.71015625,5.978125,-0.20226562500000003,4.659960431761834,3.8371772563793556,4.153358621127407,-0.18917593904363877,0.7013625467931388,2.0428780569531795
7.033046875,6.200390625,-0.09390624999999991,4.838606875723913,3.7305546676951553,3.987708504418413,0.058141551871677855,0.7597254995703653,2.127359168555392
7.323515625000001,6.106562499999999,0.27890625000000013,4.548689644736258,3.3402999578770993,4.061189641436477,-0.23919770860438214,0.6623490793053318,2.1341010016675788
6.895156249999999,5.92640625,0.229609375,4.957600538626115,3.8688606071375764,4.423929673227425,0.10938093635812195,0.9013428616675594,2.1011820153986935
7.014531249999999,5.7201562500000005,-0.645546875,4.517856388020035,3.3422926694240793,2.98233492014692,-0.13979356742480348,0.6395307690558822,2.5307908116160833
5.876640625,7.092265625,-0.016249999999999945,4.3282076756262065,3.858637270552048,4.0289061015367436,0.5825917507130476,0.5227862216112023,2.4899358340862436
2.598046875,9.204765625,0.22921875000000003,3.581622375621519,4.236343309101419,4.829718808031006,0.3548566102258758,-0.04886910189469021,2.1199651580219068
6.1987499999999995,6.506953125,-0.40734375000000006,5.0186450798497395,4.201298452300519,4.303062769044386,0.1709944886180858,0.421165000996845,2.318200432328723
7.22296875,6.031640625,-0.19242187499999996,5.049173100520861,4.195183953308795,3.926751748044621,-0.015965598291055635,0.5484540095822937,2.5139400544894195
7.221953125000001,6.190625000000001,-0.045000000000000095,5.218203423262908,3.7463367002813563,4.142896971021607,0.018646442495993114,0.6802929446248617,2.2260999173447735
6.65515625,6.237890625,-0.04796874999999995,4.962487403065718,4.109334962227721,4.411985338146925,0.10337437575867348,0.6080699496058108,2.297674178581004
6.887812500000001,6.171171875,-0.06656250000000008,4.829866221216045,3.880966096922129,4.0878106604995486,0.21954615041321524,0.4273860538597051,2.093652358459512
6.94171875,6.2384375,-0.272578125,4.789826965392219,3.7600460098373465,3.82769803661698,0.13965362345469118,0.5043513895519519,1.9472016036163653
6.775390625,6.1450781249999995,0.142578125,4.446229776160034,3.4622705240053793,4.3587260262628895,0.12814164895909208,0.683943819490303,2.3015209346680954
6.952343750000001,5.79453125,-0.24890625,4.4564401229384805,2.927231749925762,3.458753215207893,0.09985809339580523,0.4887145126793136,2.443328608125895
6.81484375,5.718046875,-0.42203124999999997,4.9321453535034765,3.1900511992839133,3.185633610292219,0.07313094690228523,0.8669764633128244,2.29854655015372
6.254609374999999,6.865546875,0.35632812499999994,4.781772831274203,3.6685874769354667,4.183088136901252,0.18744895671855996,0.35562672250968125,2.1554697734683352
2.705,7.215,1.68828125,5.982954955538275,6.997243765405061,5.81862353640433,0.5755387540420972,-0.05461926782511921,0.18131962442517266
2.613359375,4.696093749999999,-0.0809375,9.422611126081222,8.837133322871786,5.433280753476094,0.2939332893304005,0.6469808066033026,0.050049387638252195
1.7396875,3.453125,-1.868203125,11.234705710535712,7.984952620984986,5.8252595749022404,0.18691590782729492,0.9793847358830402,-0.19370547168438967
4.5621875,3.826875,-1.9044531249999999,10.501512609612186,7.903186733645802,6.5899548092857,-0.12880519231874415,0.7578358047187239,-0.34423708624430005
3.2464062500000006,3.37328125,-2.2475000000000005,10.683224417747711,7.542433927181493,5.625065971835353,-0.005566335883479611,0.924082381178019,-0.13265752426138375
2.8685156249999997,3.648515625,-1.917109375,10.189388175468675,7.771673533762265,6.169785393393932,0.10765774314950619,0.9743977713788502,-0.09545787907535952
3.8839843749999994,4.70765625,-2.443984375,11.17412645773735,8.252772118011979,6.740426236040705,-0.23335807801413136,0.6770368308718575,-0.1789812178316231
3.5563281250000003,3.6314843749999994,-1.946015625,11.068791139893461,8.111389185298709,6.2528532661902325,-0.12981365868191141,0.8479680764597834,-0.3800337488342306
4.234140625,4.284062499999999,-1.727578125,10.552631301551031,7.972679956174947,6.869153621682331,-0.17970441482308783,0.7166763825406358,-0.22360205008382655
4.247265625,3.7690624999999995,-2.096171875,10.852196257760149,7.505463992725149,6.553317399547269,-0.26040489965029195,0.865669872324345,0.08143359386371224
5.115703125,4.76984375,-2.0040625,10.871820058325802,8.165180262895973,6.930371837686182,-0.31869874270337056,0.567307410434444,-0.09300235255149182
4.4903125,4.447890625,-1.757265625,10.33302343652833,7.652141515241802,6.296938953129795,-0.18618172187306198,0.8197926539605744,-0.0664772835622239
4.945546875,3.2575781249999993,-0.7767968750000002,10.325229628847376,7.372080009452657,7.074610295538563,-0.1749302798855228,0.8912557372214689,-0.10663832413713853
3.9699218750000003,4.123046875000001,-2.7965624999999994,11.428956610848012,8.306043879928804,7.586342007752732,-0.2531576773936025,0.6588655444253595,-0.2298115903649664
3.8160937500000003,3.1203125,-2.1296093750000002,10.894429140790761,7.986847482883578,6.681094292192118,-0.02897013348724768,0.8130456931249296,-0.09828827815538939
3.565625,3.7544531249999995,-1.6646874999999999,10.590215099768985,7.815397043716188,6.730593623696483,0.05172739563274466,0.8833681967785999,-0.10122283406737698
4.5896875,4.438437499999999,-1.5521093750000001,10.296284519298393,7.411140730926228,6.65405992753951,-0.14498744118177834,0.8595476947582076,-0.23729143976397485
4.3078125,3.0035156250000004,-1.629609375,11.028350322683975,7.033527585545596,6.601092760192218,-0.19990036700205602,0.9843326117781213,0.036605060741800324
4.67421875,3.535078125,-2.0707031249999996,10.232530586426234,7.695944142462086,7.132531018114483,-0.2134241699262654,0.8930627175753629,-0.10642279834892804
3.9046093749999997,3.81109375,-2.586953125,11.378467321981995,7.827168852223066,7.117051878081452,-0.1997314277365318,0.7540829860872533,-0.056940251014072164
5.008984374999999,4.3684375,-2.00671875,10.84655121166428,8.25607536127752,6.389826644432417,-0.2959210046332658,0.6456292057212405,-0.31956361051691656
3.9038281250000004,4.339375,-2.0827343750000002,10.614298958325461,7.727739679031314,7.1367238758020735,-0.21435133968168443,0.7798416157760336,0.1575993638107192
5.259609374999999,4.536093749999999,-2.2516406250000003,10.460043050994681,8.056683680566772,7.130729360633428,-0.23695652560263036,0.7053467615312026,-0.15104531249204417
5.30453125,3.96125,-1.9726562499999998,10.474155385054846,7.691224301110975,6.570400658965626,-0.23239129284176793,0.7534448310883617,-0.020456612302367814
5.455234375,3.708046875,-1.708984375,10.691244005379746,7.975024300373808,6.763974404871433,-0.2721937120514081,0.767654243799915,-0.3210999368452625
4.906015625,3.9859375000000004,-1.9857812499999998,10.797669188579814,7.341539501091971,6.3152999494995035,-0.19920717864486553,0.9040450209139501,-0.13060881914924283
4.179375,3.400546875,-1.9776562500000003,10.951663454556801,7.160472477928934,6.427473439800116,-0.3048606315115832,0.9682363077067804,0.05067607063310887
4.382187500000001,3.91453125,-2.04890625,11.160127403051623,7.559877940004947,6.6812743491575715,-0.30120225366726566,0.8308286436157039,-0.09141614925387662
4.849453125,3.7593750000000004,-2.088828125,10.510637120064498,7.875714129326623,6.670937389749583,-0.1693120536010221,0.8413999356693894,-0.012936150728496347
4.7628125,3.864921875,-1.9910156250000002,11.200655389411093,7.484126117583568,6.004564779170582,-0.2438637364096813,0.8382158079598707,-0.23901238737029276
4.925624999999999,4.923125,-2.4353906249999997,10.857183447924005,8.016479778984976,7.246507984706296,-0.28688698998533935,0.6573350667704455,-0.06531671753717733
5.33703125,3.827890625,-1.8646875,10.148014534825196,7.30646520773124,6.711520289013791,-0.1680656697027526,0.8015253425488821,0.09580950779262853
4.553828125,3.567890625,-1.9224999999999999,9.889522084722245,7.405875059321964,7.1566365616118865,-0.28999647995890043,0.7521245378468262,0.18336720427042655
4.3071875,4.0859375,-2.147265625,10.71728057985531,8.065352154189782,7.344069537180551,-0.29290754640172706,0.6593510137946171,0.025099279407199644
5.201953125,3.708828125,-1.7696875,10.688261453765657,7.847219015865365,7.380184082381939,-0.2901756123663031,0.7959660935636897,0.02427444664727102
4.634687499999999,3.9654687500000003,-1.9846093749999998,10.38555388941022,7.776475227747687,7.624040503395304,-0.19536830318955065,0.6357242779537435,0.0616585376926853
4.784296875,4.22703125,-1.888203125,10.429695037157858,8.115947780390375,7.310929685408706,-0.22046185550675654,0.695831236530616,-0.14918853962961878
4.6246875,4.259453125,-1.7146875,10.705428087066101,7.588102870261956,6.907950914695598,-0.12486399457471492,0.8818083358902054,0.011957243580483097
5.63109375,4.0159375,-1.8846875,10.829215203730644,7.871030888396624,7.140547175451175,-0.2690448710224374,0.6624875201997421,0.04664789805321807
5.5778125,3.9429687500000004,-1.9327343750000003,10.212328788153256,7.764631084219226,6.808414797472563,-0.2650881486891067,0.7485350920687299,-0.24784801916301627
1.769765625,8.892265625,-0.1479687500000002,4.482864852838903,5.036649930578197,4.511331628413438,0.9679523745723934,-0.35752509135031796,0.5224147435442198
2.06515625,8.785625,0.9778906250000001,3.232127778350655,4.431093394623386,2.7878017360076215,0.15280902637201169,-0.276078322286789,0.45764400975346614
2.7585156250000002,8.770703125,0.7412500000000001,3.021254160589747,4.290742976089949,2.4964606195572165,0.11987762713900936,0.14539617744653366,0.8176417933609916
2.7955468750000003,8.6790625,0.7259375000000001,2.8112938548696285,3.4907969267194203,2.8402353108666456,0.33996107784979146,0.09441340083111285,1.6037597242458639
2.57625,8.664609375,1.1234375,3.2349495262677594,4.308098460737882,3.422193521134325,0.06680197015659319,-0.5074028535699773,0.5368966769008877
2.108359375,8.5540625,1.69765625,2.9605177380146888,4.679956336184532,2.8495118782584394,0.40464891584861995,-0.1682303079555349,0.5466933348353776
2.383046875,8.9171875,0.9220312500000001,3.0348158301291916,4.345675461288354,3.2095875317590945,0.42966583341342235,-0.06752307225115588,0.7664524443788405
2.62046875,8.640546874999998,0.9323437500000001,3.0968875149532695,4.325580399747269,3.3492204047115113,0.1333817581662568,-0.07651576636029365,0.4492617821210051
2.4026562499999997,9.050859375,0.87578125,3.119957552890093,4.402087932756978,2.9328984195925427,0.5982968394929098,-0.14606803192127743,0.655506605784962
3.0535156249999997,8.0325,2.1121875,4.068578258634195,3.058305035064357,2.904853948969509,0.5601145266864704,0.27509577450148165,0.5113797076161526
-0.0702343749999999,9.192265625000001,1.0996875,2.936835420791972,3.862716056830137,2.116784463483174,0.15885815418753016,0.8988831601309584,0.726282415405626
-0.361875,9.16796875,1.520703125,2.558571607728617,4.146989374717934,2.526548468140921,0.28729773042216544,0.5669976276817499,0.25392507544112114
-0.35789062499999996,9.43203125,1.4852343749999999,3.3913895226421737,4.171877267672604,2.7807996727683135,-0.42587762199029255,0.8107973151783978,0.13432899968501813
-0.697734375,9.309609375,1.430234375,3.318555600437238,4.6661427462800695,2.6578331943179503,-0.21992447817186375,0.6457884631244944,0.5962866706314721
-0.20484375000000005,9.2134375,1.469453125,3.39484650434831,4.235321607752327,2.712212343213144,0.6697963779075026,0.7718525058855242,0.9834186572606114
-0.4228125,9.372812499999998,1.463125,3.371736602233892,4.059867019354668,2.7202638744936123,0.32468084311631945,0.6323337184526131,0.7366306207382295
-0.520078125,9.17546875,1.451171875,2.86371521587718,3.9713892522357255,2.3430981163747675,-0.07433091548332915,0.6533083983607251,0.4320651419579388
-0.6714843749999999,9.1978125,1.45546875,3.5532307239863923,3.8200650226591364,2.7120866215468555,-0.39914973361018175,0.6579347873218618,0.2840645638050043
2.0134375,8.150937500000001,3.436875,2.823611505429483,3.418953018994814,2.5936101618930705,0.7197425429720712,0.5634574793738193,0.5194826308457638
1.9068749999999999,9.415781249999998,0.97421875,3.3405645457579474,3.7959222795189627,3.0979488197270846,-0.1206380644206285,-0.2927575715462395,0.40862268192311646
2.6614843749999997,8.61171875,0.7335937499999999,3.487924949433525,4.498508278685105,3.2511864984126855,0.48466645341627923,-0.039697174297014026,0.0732563352221318
1.549140625,8.70640625,1.0960156250000002,2.9390860152817253,4.987664586002245,3.6897650543098077,-0.20974083659666373,-0.4005593723412156,0.4048116747812344
1.527265625,8.878046875,0.82296875,3.1530574732223577,4.589710138347817,2.807856266179492,0.08059178309206673,-0.347416982937435,-0.07249440060327046
2.15828125,8.946718749999999,1.1487500000000002,3.3117048831981446,4.080906591481657,2.9016299298842365,0.33426864470560136,-0.30611903732433493,-0.017566542131868704
1.9203906249999998,9.2446875,1.1521093750000002,3.502213006252205,4.659625611553331,2.5249058312711603,0.16364136255976175,-0.29464694588583057,0.3106374859433053
1.712109375,8.750078125,1.2757031250000002,3.0871463998792006,4.575398974422502,3.384363788899656,0.10761876203365858,-0.26120965900170384,0.816308929662518
2.3267968749999994,8.899140625000001,0.9406249999999999,3.025497101095989,4.52830905032161,2.8289556791111097,0.6798254980130922,-0.34679240363035513,0.369249491716629
2.799140625,7.743984375,1.7075,2.981259441112868,4.4496387388198,3.345832062058704,0.20405539494455313,0.016152809962446668,0.31982960604161587
-0.23882812499999995,8.935546875,1.655546875,3.543535624268364,4.086795009653375,2.523301968835227,-0.015096670623251523,0.6491067480625893,0.2713979498813302
-1.1853125,8.886015625,1.7052343749999999,4.498846369053266,4.4438611694680406,3.184503239528633,-0.43927377838042964,0.5367353361849895,0.15711629116085737
2.329140625,8.466953125,1.26453125,4.744144915601189,4.62957435249751,3.0822439723800965,0.16071432842071404,0.5707742205801869,-0.523405635108975
-1.282890625,9.282109375,1.6675,3.4507445193808697,5.1821749253365725,2.520210804674879,-1.0881464794964542,0.2823432140236222,0.3730974543769033
-0.5664843749999999,9.423046875,1.60453125,3.524990600573406,4.278090541971118,2.8804713859494315,-0.5826369635772379,0.3732122831147123,0.36955135402886213
-0.9375,8.896640625,1.5990625,3.8586597009194783,4.015043834860288,3.093957426758447,-0.40710257293200597,0.43081337837461137,0.5350763920049995
-0.6409374999999999,9.388359375,1.4201562499999998,3.178959498970339,4.384636490303342,3.238801375599612,-0.5381094830806729,0.3915878639065779,0.4220184702407912
-0.44882812499999997,9.017031249999999,1.80953125,3.2213280018431814,4.67056312841647,2.897453585525304,-0.9696807368756118,0.5562308454045264,-0.06051486517748396
1.5130468750000001,8.201171875,1.486015625,3.8479214272516966,4.798207774311049,3.324695319650488,0.2504007825787629,0.045312330383434546,0.3893250953568812
-1.2638281249999999,8.793203125,0.88765625,3.0923787670996874,4.917793257268979,3.707082428519217,-0.15211646499653594,-0.2890622096301921,1.3994646565195064
-1.191875,9.29265625,1.5407812500000002,2.6858220779446653,4.9438384133015445,3.546292872796667,-0.02534651391450631,-0.632890073137217,0.3528749454190775
-0.6328124999999999,9.119921875,0.937265625,2.9165494749521654,4.835614538261552,3.439197924944617,0.03250051749128187,-0.13838631159153864,1.7131329522374683
-0.991953125,8.819375,1.570703125,2.9156820221095328,4.97771655574873,3.088407048846579,-0.19800323023305735,-0.5301375908407284,0.5169927563690943
-1.0159375000000002,8.941171875,0.67296875,2.708650620437001,5.08780337257239,2.957062879619478,-0.18872485571693143,-0.5096550066380361,-0.8206516016646819
-1.0616406250000001,9.016328125000001,1.186953125,2.756059737578199,5.089517853990099,2.512890068785886,-0.19198823009709481,-0.6673067810199373,-0.11968045746064508
-0.659296875,9.27734375,1.0779687500000001,2.87361629299481,4.857070471934285,3.0969133724603015,-0.21022389321731683,-0.520862246767498,1.35815710840863
-1.198515625,8.743281249999999,1.0812499999999998,2.551547045986191,4.981252840239936,3.2273191758021085,-0.07523265541421183,-0.17967711303640643,0.028472904873694516
-1.1492187500000002,8.725859374999999,2.995234375,2.734666801394356,3.635632580648739,2.876829571345574,1.770621203232459,-0.22811276201935,0.23153334714553006
1.565390625,5.06484375,4.9017968750000005,3.958484736602139,4.389196962496208,4.010688733246477,0.6779433763716438,0.3248467265899043,0.01021380407899749
5.610546875,6.553906249999999,1.910078125,4.676926459457935,3.702211381892036,2.3727622668835755,0.5584816932563058,1.062409049550906,0.2834888077769943
7.766171875,4.47640625,1.4822656249999997,4.240372389508849,3.2341789757929194,2.948981077964618,0.38542484639011904,0.5488859868618712,0.33040373881493
8.334999999999999,4.254609375,1.1728125,4.101220283342508,3.3552991908192196,2.929465324908924,0.580105468915282,1.2472652586295703,-0.17980470856848887
7.905546875,3.9775781249999995,0.8287499999999999,4.338128882470844,3.6491590953631334,2.791866814964496,0.6892144664465016,1.0756514382111675,0.3636729391095066
8.313515625,4.3253125,1.303359375,4.818673733158415,3.3483741244585783,2.6128197404049156,0.4247116691759353,0.9259632134713973,0.3743072102766008
9.3534375,4.0828125,1.744140625,5.249807502051266,3.1078720456839513,2.7822471603857575,0.5216315177069392,1.3477876589803877,0.6226249310196714
8.42171875,4.046171875000001,1.396171875,3.8908773732152544,3.72952119101219,2.6613284162630104,0.6757792974668176,1.3211574288908432,1.2528078773408504
1.854375,8.063671875,2.622265625,4.1829861399334085,4.736509604770583,3.7378018721828155,0.7680903916573332,-0.17065138199217697,0.8186955513018376
0.83078125,8.815234375,1.626171875,3.1913448892509937,6.126251143241547,3.7841383846536303,0.07271683120377355,-0.7763977091073305,1.406443806496175
2.36421875,8.455625000000001,1.95390625,4.427673558388021,5.867268949168343,3.7063200318794567,-0.03508529383844565,-0.7393499078350758,1.0112284512514507
2.75296875,8.518046875,1.1686718750000002,3.9483130019697574,5.6291079525580905,3.0060206178324833,0.5151633338491837,-0.5012641885091598,0.3142918591211239
3.56046875,8.685625,1.12078125,3.461024473371062,4.37179306570828,3.2181940319297775,0.12709443637731985,-0.09846830350278986,0.8039911799757409
3.1523437500000004,8.208281249999999,1.3128125,3.4579804629054713,4.417314142485051,3.4538228225900283,-0.02812894434324368,-0.09744132613600777,-0.4805382663278078
7.5806249999999995,5.459921875,0.9706250000000001,4.121097728078649,3.325876645735149,2.7138063530537693,-0.2983301903954469,0.5459088037929678,0.4084787179003871
0.09906250000000001,-0.281015625,8.1059375,1.9472225562564105,3.770356382327254,3.340458528943856,2.7709891678624436,2.289228941888028,-2.2491311202329407
-0.6273437500000001,-1.7087500000000004,9.471640625000001,0.05727516334273958,0.040716243687255856,0.03101857668574385,-0.3992759693429121,0.2791670896036872,-1.9469926849162227
-0.6480468749999999,-1.7182812500000002,9.4728125,0.08057467997289457,0.03939204740093491,0.03397925607999674,-0.9504269037546546,-0.1818470990170551,-0.3062313234805924
-0.6268750000000001,-1.6944531250000001,9.477265625000001,0.04190297572965434,0.027522961827070428,0.022524807287951858,0.00818273578177025,0.032095061166818026,-0.498792680393038
-0.5714062500000001,-1.6668749999999997,9.482031249999999,0.14651543420724486,0.09378124479340204,0.04239618524628699,-0.8262842991624794,-0.4502785353154966,0.07411463714807724
-0.8262499999999999,-1.7332812500000003,9.4740625,0.17609035322810845,0.10344163039336483,0.0447639206699993,1.5860750568488284,1.2717244934362284,0.43021604867683716
-0.91125,-1.7293750000000006,9.471250000000001,0.04147665005759265,0.026212771219388482,0.020425168297960337,0.21613552792301158,-0.06807347942792324,-0.6092395442325951
-0.827578125,-1.6457812500000002,9.494062500000002,0.11242876976772616,0.10014528021048968,0.11863440097100837,1.0565448089363427,0.5107494932553869,-3.719652807500598
-0.7217968749999999,-1.53734375,9.495546874999999,0.11085909971776957,0.07204040072027296,0.028084932396827248,1.4238561356988881,0.42539900348650694,1.0435851054863576
-0.6854687500000001,-1.523671875,9.498828125,0.09212643634395884,0.06176911513033336,0.038214466619126745,0.3416167493012436,-0.2548167778922638,-0.5047645098199411
-0.7525781249999999,-1.51625,9.50421875,0.08345326249754637,0.06865903072429731,0.030249209054741905,-0.4614060884040808,0.04540313296311884,0.33929391244647056
-0.742109375,-1.5032031250000002,9.507890625,0.04566611749546239,0.027010807841202678,0.028302284132369154,-0.16625781646399337,0.7122417075402094,0.6654476744252035
-0.76453125,-1.4839062500000002,9.518437500000001,0.03249661941552539,0.024019340351839415,0.03175682751393766,-0.12215887923928723,-0.09075531862881843,0.6141338050946971
-0.764453125,-1.4674218750000003,9.50578125,0.029469491473969753,0.02565535073789435,0.023770036778210504,-0.10276496680629126,0.2596374097040361,0.44380047579218806
-0.881171875,-1.47078125,9.509218749999999,0.13808184333569845,0.09529239029658927,0.04361782489347083,-0.033231718548830065,0.26291206157343044,1.5005623928450922
-1.02734375,-1.475234375,9.509140625,0.108846827404098,0.058882362115996824,0.0351565104157019,-0.6796497722003755,0.667556065125349,0.5438656424471066
-1.207890625,-1.4603125000000003,9.5084375,0.09657940664090545,0.047085983516859914,0.0345605786084374,0.7828563429871828,-0.02618878028742519,0.5747950695220999
-1.278828125,-1.4665625,9.5003125,0.14790527529126327,0.11340908735083799,0.04865274754574474,1.2734096448953902,-2.2247440955635516,1.329469745839293
-1.3846874999999996,-1.4695312500000002,9.497109375,0.04503362459041018,0.0288546837348376,0.028177793332859802,0.3092884057654763,-0.3589739166747553,0.8490412275514023
-1.0157812499999999,-1.4185156250000002,9.526484375,0.18677195894576223,0.07992271504934861,0.04078506627258758,-0.8235307116824988,0.4688505814894241,0.20914411493491664
-1.2742187499999997,-1.4329687499999997,9.519765625,0.16102993401364074,0.09771098466107844,0.046745067315807305,0.7680863667152185,0.014030892850695408,0.4195769378600291
-4.369296875,5.977421874999999,3.3000781250000006,1.6087646578555965,3.841627512789532,3.4813717429551354,1.3310719396627018,-1.2137962973915577,1.206469554980581
-5.186406249999999,8.191640624999998,1.318828125,0.08436096526793367,0.0529855131107492,0.09884979999466044,0.20922910483398,0.25606983890607266,0.16812778374316992
-5.18765625,8.18359375,1.33984375,0.07282775457157463,0.047380348889993366,0.05877638204191796,-0.3321258022925036,-0.1629060124901818,0.6247334620797493
-5.190390625,8.174453125,1.3839843749999998,0.05886162724652947,0.04240446235638852,0.06092182290328624,0.11809352682938999,-0.168969221917904,0.1419513463561498
-5.1704687499999995,8.183984375000001,1.42578125,0.050060266413968484,0.036919249800874555,0.0624826147695301,0.3505495542115894,0.09927708402804772,-0.08499199908667773
-5.1525,8.1909375,1.4514843750000002,0.11508149286483904,0.05907407294025022,0.1272552174995563,0.16180544099738803,0.03242372620940572,-0.24869477121216083
-5.14671875,8.1740625,1.5374218750000002,0.07282373169810445,0.0412014392194011,0.0720703442581231,-0.06547421625264267,0.2941312017824112,-0.14126024341805643
-4.524218749999999,8.408437499999998,-0.74953125,0.4552413669125835,0.33251277583538047,1.0291181444680866,0.7840259979496784,1.2043222371953641,1.5576736880453725
-5.0590625,8.11,-1.00578125,0.4515726642454678,0.2900080817839393,0.3211249984794667,-0.6785370082368569,-0.3896609053667108,0.4496778588637902
-6.0259374999999995,7.651406249999999,1.168984375,0.5335735034592236,0.46434048387033566,0.42092131064589655,0.05222699536465586,-0.43052236264201704,-1.1145212958985717
-6.1465625,7.583046874999999,1.326015625,0.17783611442491093,0.1321017517019906,0.20169725086341503,-0.3804980771987749,0.1556536847827287,0.8366059416558052
-6.08078125,7.5757812499999995,1.5428125000000001,0.11286475157655507,0.07292557609259939,0.08204360026077599,-1.2675236243719152,-0.24142851830044362,-0.099147209175272
-6.429296875,7.300234374999999,1.529765625,0.14467735436216114,0.12145256818346567,0.10650311647252102,1.1167328587168934,1.1660244735252998,-0.08786158688534676
-6.53875,7.207968749999998,1.5399999999999998,0.08995658675161036,0.07215823947019144,0.09462095433887782,-0.5383783817019592,0.6804202094392546,-0.1010369160920121
-6.552109375,7.194765625,1.4890624999999997,0.24370721529554548,0.15581923041896775,0.16426178372874806,-0.4511059529835553,-0.16304789698888325,-0.40735551828542804
-6.556796874999999,7.216796875,1.4596874999999998,0.37541421622020965,0.3244175877480047,0.1963890331554947,-0.9036021435371548,-1.4839273478880366,0.5781829421837411
-7.125078125,6.7709375000000005,1.3649218749999998,0.2966031547311733,0.35267379913136454,0.16967798589234956,1.3168614124935982,5.797771298230381,0.331108910934818
-6.87703125,6.924453124999999,0.5728125,0.5097523286101178,0.34154476416384183,1.1055717818593915,1.024428267919896,1.019167163674688,-1.2057378567480073
-7.260234375,6.50265625,0.12914062500000004,0.5855225561994681,0.43617027275587844,1.0805951972059702,0.4214410523520864,0.20799447805651403,-0.31630189805710074
-7.602578124999999,6.306875,1.27578125,0.11059672021124488,0.0758364811617734,0.168697257382678,-0.39872496790613016,-0.5619623678452077,-0.09040787037213334
-7.56265625,6.346718750000001,1.3066406249999998,0.08044295703128708,0.07240413246795728,0.09821275807963735,-0.5793896711970851,0.029101587616220975,-0.5905803532037719
-7.528437499999999,6.364296875,1.372265625,0.2891891614389274,0.22687649308651253,0.24596815991782223,-1.2011742781865231,0.35803464007302627,-0.477558542447256
-7.29703125,6.5307031250000005,0.48859375000000005,0.7281347739419108,0.571561982085263,1.187361659293805,-0.9506631281755915,-0.3739976102809455,-0.3080403872640646
-7.129687499999999,6.618437499999999,0.6742187500000001,0.6442060732744996,0.6571831906658524,1.3433875146987326,0.5990673788345356,-0.13062628465200007,-0.31924872452342823
-7.25828125,6.586250000000001,0.043359374999999964,0.43900475042809894,0.2687151140148242,0.7862313961866503,0.23726563261848826,-0.5037013795336109,-0.4497995023100923
-7.4407,6.500699999999999,0.5980000000000001,0.35065725430967487,0.19725747134139177,0.12640411385710515,2.6207876470132074,1.3598656488599319,-1.98302415298156
