7.90453125,4.8484375,-1.9106250000000002,9.84920300228772,10.084506250114268,6.344960321733699,-0.23249320466356777,-0.2420881983695775,0.2933264369231642
8.58265625,5.661093749999999,-2.7240624999999996,9.643552289319322,10.654786793559547,6.4165651633949565,-0.38168915747192,-0.5580877048045129,0.19838887659872415
7.550156249999999,4.41546875,-0.48640625000000026,8.52937781512145,8.391794714497813,5.384641749685947,-0.0030159444766917312,-0.0374191136957393,0.25512284352180326
7.992812499999999,3.068593749999999,-4.29828125,9.849533851398439,9.69863809176118,7.179634294892634,-0.32581743447531036,-0.35657011070116745,0.5604219290509095
9.5690625,3.1742187499999996,-2.34453125,9.415354434172606,9.23486393454979,7.491483066140738,-0.46963412028929225,-0.3816286047806783,-0.2524084078637413
8.19203125,1.5993749999999998,-3.5354687499999997,8.77617997402762,8.225023912389252,6.499651416058668,0.06073965256790261,-0.2545841356854254,-0.33761616573603687
8.96984375,2.5146875,-2.9446875000000006,9.485045547496645,9.835834828693686,7.256741901662464,-0.4221238363666605,-0.5363947838796252,0.20622255128180372
8.985,0.9345312499999998,-3.4575000000000005,9.895819192972352,8.758473384687164,8.292551062550052,-0.4814890895115855,-0.0016466319438685894,0.42587955413972944
7.1946875,0.82734375,-0.9703125000000001,8.299298345483415,5.45614139129806,5.741346469021336,0.21007496955983176,0.4112238295928506,0.017554498193039364
6.86953125,1.1934374999999997,-1.9485937500000001,9.906839403552146,7.334508380497888,5.221512552408635,0.15328369675931158,0.23541586367575842,-0.25740822280622244
8.21421875,0.8623437500000002,-3.7657812500000003,10.029298767344029,10.059065988914474,7.8904811728847335,-0.34876709903256614,-0.34167557308105545,0.4312994504371715
7.936718749999999,0.26046875,-0.8964062499999998,9.402331169497192,7.775919244229163,7.739356273131567,-0.10605878573281706,-0.47513316739650346,0.09535653806523765
9.33421875,0.37906249999999986,-0.0026562500000000266,8.50946932185835,5.0117227323639675,4.194437627005072,-0.029778656370623657,-0.16400626863971565,1.2946103601850796
4.1525,6.978437499999999,0.20968750000000008,7.603869697397504,8.600140663593459,5.336588320485641,0.603846785812858,0.09499385278639429,0.37064904480929856
-3.13234375,8.6128125,0.3528125,4.272651673063923,8.122812872696487,6.4557831314135505,-0.8580409903978243,0.03067971675615207,0.6714213379890099
-4.285625,9.45515625,0.9023437499999998,5.193495293092601,8.2884301876523,6.74694971408087,-0.4637753501176994,-0.07438005717595819,0.48610906594563613
-5.86125,8.18078125,0.9517187500000003,6.18869723265729,8.597793013451094,6.854233763404808,-0.6137248013768865,-0.060503958380142844,0.984684063790073
-6.3884375,8.4390625,0.2787499999999999,7.43018552484349,9.125914289598262,5.930089190939711,-0.3197598997922929,-0.138868132713916,0.6522867002023902
-7.563593750000001,7.960625,0.36593749999999997,7.917622229713977,7.823363422107847,6.109749820663179,-0.12097763553255492,0.039723433929942556,0.7284929296871029
-6.791874999999999,6.70109375,0.6303124999999999,8.136772408908524,8.281921032659689,5.628272372792893,-0.23689392383284916,-0.03689962890751421,0.5606056748802049
-6.87875,6.78671875,-1.04984375,7.363052504736062,7.190329454962299,6.792963844161541,-0.18847922879311457,0.14947861189698142,0.5587306893763803
-8.09359375,6.252968750000001,-0.32796875000000003,8.007710028307777,7.5442982774426035,6.809637054316731,-0.0713057278388886,0.24934554195681527,0.6181135211062572
-8.7325,6.8240625,0.19484374999999993,7.758195465119449,8.129635738831952,6.591984714453298,-0.09020845895903017,-0.3044453048959866,0.508897493541681
-8.2259375,6.26265625,0.59203125,7.9119359433133525,7.091663513015542,6.645700249900189,-0.06980499204721563,0.3054299509625728,0.7155622087192306
-6.395156249999999,2.9584374999999996,-0.5865624999999999,7.944341931562735,6.105529568235154,5.527671361757475,-0.43564491748273226,0.6586327109893317,1.1686763090793324
-3.050781249999999,8.046718749999998,0.6485937500000001,6.683665326910709,8.14814761439055,4.872737894137232,-0.4462865798585408,0.04756116870573753,0.6311474803289971
-4.86515625,9.02,0.6912499999999999,5.461016672798751,8.095189350781116,6.569034484800639,-0.36028312276691726,-0.13297516431977774,0.8264138401394164
-6.045937500000001,7.924375,0.275625,6.121317698918571,7.747155904548133,7.512658042222806,-0.3681543673286938,0.05604280526090399,0.46008285548315725
-6.487968749999999,9.24046875,-0.4420312500000002,4.93026437541877,7.994343201150013,6.676674223483084,-0.12507704857535973,-0.08871963404099716,0.5403235179576819
-7.04671875,8.5178125,1.2371875,7.286615309654986,7.56787834963299,6.829434564064857,-0.15384249078580906,0.18601532937397988,0.21713020860818819
-7.05765625,6.97171875,0.55984375,7.909359515430812,6.841839471837851,5.876231650733822,-0.0642568378241278,0.16849195022908411,0.3404178252802036
-6.91953125,8.670625,0.32046874999999986,6.098489677188397,7.586479518483854,6.7739342864965435,-0.30857599936760216,0.08064564061115083,0.4120145486147325
-7.047656249999999,7.528749999999999,-0.3325,6.646689905083277,8.224059881682525,6.8540740621910405,-0.27014046462281044,0.10122571831163912,0.4615674789139186
-7.066875,8.23765625,0.6209374999999999,6.4880168086538585,7.324094598947773,6.5532357748744055,-0.10878236197110625,0.21173236724776975,0.7703208625480477
-7.1775,8.088593750000001,1.7542187500000002,7.613120253877512,7.270445495976222,5.545136327417788,-0.19326339557946634,0.22999228527171797,0.7269347578268522
-5.05703125,8.643437500000001,1.6340625,6.401164122565789,8.065716842512744,6.402333246254348,-0.23235883648729042,-0.016859037874642283,0.898604336987427
-6.77171875,7.925156250000001,0.6214062499999999,7.0024670997726535,7.721838550538721,6.571514253576639,-0.38238854048335086,0.03225320381290949,0.4398273457730131
-7.6359375,8.044687499999998,1.08875,6.57769614843174,7.22259604659874,4.580177910027077,-0.4105144523543864,-0.12122471876395909,0.8648504824542653
-5.340781249999999,8.9953125,0.5187500000000002,6.0698304405599695,8.078400980537161,5.949275297252599,-0.3660560909263165,-0.19641484428469383,0.5267572254685352
-6.026406250000001,7.7,0.03265624999999989,7.606102477449337,8.333895960173729,5.920314667045658,-0.35386272849893236,-0.23019322302718562,0.8206042322684644
-7.18359375,6.7575,0.8384375000000001,7.19845195319528,6.686358781130429,5.9741516706218425,-0.08542388992749111,0.19979140812918883,0.8119577250492329
-8.235468749999999,7.199843749999999,0.5520312499999999,8.28627233171065,7.83536543743085,5.929098313531615,-0.008174615168079453,0.07047405546777616,0.7300414324519154
-7.8721875,6.75609375,-0.15124999999999988,8.011961851809065,7.068744499818263,5.299095294245991,-0.10312962834318772,-0.041850516317139486,0.8527365403536692
-7.6889062500000005,6.1740625,-0.2521874999999999,7.592820852042469,6.721073137609332,6.589199370169623,-0.16516292858901874,0.16537713978448634,0.8151810313645272
-8.02125,6.3226562500000005,-0.47984374999999996,8.730608065163617,7.095634494661907,5.947844276549777,-0.02589135998000575,0.1332496292946413,0.6624053137807747
-2.1912499999999997,7.819062499999999,-0.80828125,6.1990698647055105,8.267573464813829,4.4452297306661706,-0.7955325654268778,0.061749114847667576,0.889454127195683
-6.4057812499999995,6.444687500000001,-0.193125,7.7230413788641865,7.894820289426717,3.6651521434143772,-0.37156598654001527,-0.07878799248487961,1.6888692222521313
-7.59421875,5.8671875,-0.21140624999999988,8.044774275245294,7.179301948298577,4.612660182580214,-0.12830757390964703,-0.08163693739870224,1.6963864697260616
-7.94109375,4.2575,-0.12468749999999995,8.022696732783244,6.800334550593816,4.452310133778166,-0.14098629120763445,0.10765668535549801,1.6853801559456918
-3.2840625,5.12265625,-0.11593750000000008,7.247399688584434,7.845097840807082,4.737813221423334,-0.8264731913889711,0.2560479393470481,0.6049820664939279
-0.4421874999999999,7.692031249999999,-0.06562499999999993,6.410008889607233,8.654015718816522,4.347038458465143,-0.9253380649529699,0.03431157932033985,0.7938458934601211
-4.6378125,9.163124999999999,1.1295312499999999,7.750611965505933,7.526430693521,3.931319526288017,-0.34492131987927555,-0.03475508164075119,0.4526119108126949
-7.41828125,7.256718750000001,0.42000000000000015,8.117357666346756,7.2646773962027,4.282143884784817,0.03418869445998915,-0.1577025858779822,0.6565603999214158
-9.77390625,2.9651562499999997,-0.92359375,8.174833449600728,10.854720890036091,3.991522018285874,0.06873395069625397,-0.27339895679197707,0.3317749206997302
-9.3459375,3.8376562499999998,-0.12249999999999994,8.224346995117227,6.427130663782707,3.8411180013115978,0.2258398438556611,-0.23717281746702537,1.4090314106063242
-7.7201562500000005,4.59140625,-0.5071875,7.425972262140894,6.600469412091911,5.024995170628898,-0.13918319868175308,0.2518481544830396,0.9327411104027257
-2.97765625,8.978906250000001,1.32734375,7.325681440612603,6.894960595696754,7.209969712615715,-0.21858770843275804,-0.3017331157553795,0.6920695759466926
2.0725,8.2640625,0.29562499999999997,5.435419429538074,8.579130331571712,4.309175484866565,0.05529888003246545,0.04281455976014958,0.9476551824312998
-4.21421875,9.404531250000002,-0.31234375000000003,7.202839892337496,8.167417341502357,3.6685822969283293,-0.27166968729329005,-0.41626522012348605,0.7943062213217332
-4.323593750000001,8.40859375,0.022499999999999964,7.835159213280924,7.70562393385253,2.363916242171029,-0.1553140197078531,-0.07392949685449404,1.340601242453262
-4.777968749999999,8.712187499999999,-0.1289062500000001,9.905077798105548,9.03506527867086,3.8181119013474367,-0.11213450113963168,-0.6890543790259483,0.35871563266783946
2.92921875,8.780625,-0.7946875000000002,5.1635438728792105,8.813119282318548,4.646564244400776,0.3109101569778481,0.04328781952832134,0.13146202488566155
-2.79140625,9.251875,-1.351875,5.537651766314034,8.162906550939745,4.645736242445863,-0.41443892104798474,-0.08521415718591321,0.31732730076444415
-1.0246875,8.233593749999999,-1.23671875,4.614347857752356,8.495829191283269,5.294638518907447,-0.2475362939718269,-0.1679124716835054,0.5881086350130734
-3.27421875,8.755625,-0.9992187500000002,5.751554628067827,8.869825582240892,4.387664991444588,-0.3227679358234063,-0.16310015445355022,0.5245721840407548
-2.2035937500000005,8.76,-0.2209375,6.009840203571217,8.219591496844597,5.003147671325897,-0.39418018857589965,-0.022498696696559406,0.6699532322068801
-2.5703125,8.118749999999999,-0.6845312500000001,5.820768841170704,8.73378112918454,5.178240510083849,-0.41245405388396206,-0.12008431741451192,0.8319145967397896
1.50421875,10.27015625,1.9396875,5.331410110341206,6.4494838679607485,4.97235889969175,-0.23685918944822304,-0.602715649995087,0.16635882062895185
-0.12625000000000006,9.7584375,0.2315625,4.462227407640718,8.969292094897664,4.933883238240823,0.22207599155914642,-0.32434406411037064,0.8676037461188475
3.48703125,7.725468749999999,2.47671875,3.1429259256341755,7.893498497515119,5.026765565042639,-0.6628529925026884,0.292227685744161,0.5376540581805295
2.48625,8.6934375,0.2834375,3.3503943331345343,8.395601753810965,3.967862388439618,0.18384914072066855,0.07916338428521208,0.6888720290052475
0.9476562500000001,9.237343749999999,-0.7665625,3.5901478652467693,9.049082350262701,4.1926498999551285,-0.6733431662024261,-0.13382443225533802,0.6993903431622556
2.22015625,8.06359375,-0.12703124999999993,4.093354176355369,8.458611064912544,3.629363614881187,-0.21063893710676804,0.13399769386617574,0.6137323408772198
0.54203125,9.404375,-0.03171875000000002,4.3793461197447545,8.399838144832017,5.607636688784183,0.3824989339412659,-0.24782129342580303,1.1519075338211475
0.95609375,8.364374999999999,0.09578124999999998,4.541919547802552,8.806088425593682,5.722590869933691,-0.20929247012191268,-0.15341789836480021,0.9395759770098225
-2.52,9.6209375,0.5704687500000001,4.536039020996181,8.016549623815333,7.0537025804022555,-0.3344034603361912,-0.10874302776040826,0.7660596689960538
-4.78546875,8.08703125,-0.16984375000000007,5.685380629762043,8.204299688213702,6.298083659978323,-0.3130673945980104,-0.03858044406133445,0.4151515390162568
-5.32984375,8.357812499999998,0.58984375,6.338103396370711,8.726569427033956,7.474108954456439,-0.5624539188767417,-0.14564697604972707,0.3828131286516858
-6.1226562499999995,8.634062499999999,0.04703124999999997,6.7377750969319194,7.996224053957827,7.341727419281067,-0.324100676250717,-0.2114073247676455,0.7018890066375499
-6.4521875,6.76390625,0.31843749999999993,7.171165889508048,7.835142112859915,7.121697089429861,-0.3859103682023947,-0.0326028096914603,0.4163045121457977
-3.85265625,7.87125,-0.50578125,7.262622254174861,7.743624898101664,5.413774908938165,-0.571828400206737,-0.07193782225111472,0.6399006053206461
-4.952500000000001,5.9921875,-0.5237500000000002,8.787416962623317,8.599201719627453,3.8408310054596257,-0.2996287992654388,-0.31341004672528094,1.5315307170548076
-6.918125,6.250625000000001,-0.79765625,7.397955772331637,6.702412549550721,5.504536124355615,-0.1769585355220968,-0.18686143679781209,0.9087726517065716
3.0171875,8.27828125,-1.149375,3.8431861247985046,7.392820536398705,4.59871309274399,0.8110947685427247,0.1663682253468356,0.5861490340081377
-3.57015625,7.776718750000001,0.0826562500000001,7.271168340651036,8.62626748923881,4.124337538543122,-0.39712072582938956,-0.3352245620166691,0.9704149240275813
-8.12234375,5.68953125,0.8346875,8.23890233552601,7.826348811404552,2.6798985339642525,-0.015368037057117354,0.01117609118327913,-0.29505567927930676
-1.6901562499999998,6.69484375,-0.24187500000000003,8.073194552844985,8.13533861314856,5.039589788303706,-0.8129845222232174,0.34887596251543823,0.7837418682780447
-1.585,9.133125,-0.278125,6.539000305857157,8.500019829940102,4.173399346980228,-0.630521802900619,-0.17421923681349002,0.4576863780478441
1.110625,8.36203125,0.1837499999999999,4.357467683113095,8.187642971974501,3.2191601680407262,-0.2739890415672303,0.10214591681078108,0.5063919012714333
-3.35125,9.5925,0.03484375000000002,7.520211204647114,8.556977963919271,3.264104486775192,-0.20792968046422777,-0.3579443800948759,0.878694776284728
-4.671562499999999,8.384218749999999,0.07750000000000001,7.626695962774034,8.053330988767843,3.0581182939840637,-0.07399743685576292,-0.20802431337742786,1.0561010160280813
-6.7153125000000005,6.507187499999999,-0.09406250000000008,8.212357108488632,7.712425337716,2.9277400193824845,-0.2607510813583107,0.1243072165176439,0.9587736266049713
-7.35484375,5.825312499999999,0.12750000000000006,8.702848311075284,8.041499582002336,3.1103828140600314,0.006041814452934672,-0.1503904528350296,1.7376638179454982
-7.83765625,4.48328125,-0.8103125,8.08450035990697,7.170493370117459,4.456068884380464,-0.1019734545983352,0.12136413917499413,1.4025437649354056
-7.65640625,4.20921875,-0.38249999999999995,8.08028897363584,6.109236425458458,3.2397805674150217,-0.10415828796374163,0.33410108814599476,1.0261392002838952
-7.64265625,3.4284374999999994,-0.09593750000000004,8.047874378171912,5.831690154543,4.158080130432042,-0.034886998391833936,0.022106767028076717,1.9133538212453394
-8.84015625,1.4160937500000002,-0.49187499999999995,9.103118712182432,5.597919986808577,3.8694144724202135,0.3170718508097204,-0.02019276080773944,1.0278605250114912
-7.8871875,-2.72234375,-0.0014062499999999423,8.054638506155552,6.451596639153438,3.5906988644219298,0.10646529788537835,0.00023367832511651077,0.1045352826179583
5.36796875,4.8446875,0.5204687499999999,7.4878773234825,5.043932607831289,3.054525551173772,-0.8992895742137057,-0.290287794590859,1.1188748312309778
7.272343750000001,6.4028125000000005,-0.1484375,5.117858970735315,3.4252255713812123,2.483237062504051,0.32727071092351606,1.1302612094621651,1.377673719277987
7.17375,6.7146875,-0.08,5.115963527283986,3.123973315722103,2.4897464730369636,0.37524710429173896,0.9221393585316473,1.7449491801931276
7.5953125,6.5365625000000005,-0.21171874999999996,5.108089775282316,3.4969527890141365,2.424765810011028,0.08940194834387273,0.6837566445685143,1.4050907563965918
7.911875,6.2871875,-0.07999999999999996,5.206023817115612,3.1904214400050273,2.826596893792958,0.022290967591089124,0.9516889038638026,1.543036627615983
7.4779687500000005,6.25484375,-0.43140625,4.540596801250188,2.9920331675277163,2.3085106584031485,0.17416154574915624,1.1583429546442805,1.963013994183637
7.796250000000001,6.16109375,0.03187500000000003,4.997971619817384,3.5806324149807582,2.9574798578139125,0.1507593837350587,0.865717333708272,1.8046941609769662
7.227187499999999,5.989375000000001,-0.34343749999999995,4.969075451212604,3.2137035075400155,2.484148004566908,0.40070453504677955,0.9227733875670174,1.591206334378387
7.3984375,6.17765625,-0.09546875,5.12104152576346,3.0338263495684683,3.0013132176221524,0.39055033122277966,1.099398815331676,1.8277010892657175
7.7346875,6.225625,-0.1703125,5.14587394446694,3.8417256356193628,3.1120099859003907,-0.03552712695889365,1.0294213274196595,1.938027732593144
7.619999999999999,6.2334375,-0.2109375,4.5843865456568995,3.242263011168858,3.1296179473050305,0.312313919510917,0.8053825901688418,2.1030176243684453
6.298125,6.96,0.18562499999999993,5.94283809382142,3.4778868404535537,3.1474185230717255,0.26746507131315284,1.1882572913447984,1.2547637089979848
7.82609375,5.90359375,-0.33499999999999996,5.528980075810631,3.314686244195812,3.205222301182868,0.10507124237402174,0.7720488519223704,2.0963679056889606
7.346406249999999,6.309687500000001,-0.26531249999999995,4.897393875569019,3.7119044003508157,2.8051342262615084,0.2577494549195478,0.9288695493705729,2.2482181565258395
7.7140625,6.20390625,-0.07828124999999997,5.847051265047515,4.0351206678005225,3.1255252332045633,0.1465094602234429,1.1536943019672237,1.564845745529215
7.64890625,6.44875,-0.7084375,5.67344695632302,4.4014541276151,1.9130270668743161,0.02224447061967849,0.6965584804907903,1.1104965659229955
7.6346875,6.29875,-0.03999999999999995,5.809967450626875,4.745548736711067,2.8618350756114515,-0.02771331090297999,0.8142236592107253,2.108806890712878
7.70609375,6.2646875,-0.49187500000000006,5.935681462874413,3.8983546083371827,3.3288402987189096,0.046937225385294684,1.1848892539515683,1.996395295571694
7.957812499999999,6.092812500000001,-0.4703125,6.205893486424316,4.113813038391967,2.950580434820198,-0.09158120035348356,0.9608111855676901,2.0444370765527635
7.4857812500000005,6.3128125,-0.19124999999999995,6.120705842845941,3.9569193623125236,2.8011691197605333,0.07583904253055838,1.3044358719692355,1.0483724918543291
7.5962499999999995,6.3640625,-0.7132812500000001,6.287035146831931,4.380180760664308,3.040404503663688,-0.16620427023488815,0.9069832288579645,2.7036397342030463
8.20171875,6.385937500000001,-0.3187499999999999,5.951688719044237,4.824770628858304,3.4211262308631643,-0.09077039253874344,0.8341068788792155,1.7717326713529247
7.70890625,6.2365625,-0.39828125000000003,6.215854003370007,4.614835187587283,3.019927334953349,-0.09898414971289131,1.2306542905595104,2.378418636905645
7.54265625,5.96296875,-0.08375,6.1184514079819206,3.695012973458069,3.6497365059001177,-0.022507898463345662,0.9299176452691557,2.1327467576228023
7.25,6.16390625,-0.83296875,6.510872637365901,4.332234057470918,2.913318382707842,0.2209418680448028,1.1748438774934942,1.7281603579304
8.97453125,6.378281250000001,-0.15281250000000013,6.334658862580798,3.885325981613182,3.5318176396642773,-0.08296247379878552,0.690493810899123,2.394342947971545
7.86703125,6.0021875,-0.4743749999999999,6.356518229268555,4.2005585449846725,3.1248629344940877,-0.02354949658776657,0.6596322612058436,2.4004417269877427
8.1521875,6.1640625,0.37890625000000006,6.187221324216853,3.890955344911292,3.9840718481486928,0.06456242151865871,1.140460181289916,1.569840932030983
8.17203125,5.665625,-0.538125,6.551931771357471,3.593753206520309,3.034806354510119,-0.14476034638666646,0.7987403654070988,1.6476791863776201
8.000625,5.8589062499999995,-0.27625,6.213034905291857,4.910359940086972,3.1940914690252686,-0.19477716767192313,0.6778828956199567,1.9175749087890568
7.84921875,5.7653125,-0.2515625,6.510644722464008,4.246209327428848,3.1091710203193634,-0.12444320619462884,1.2000567496608636,1.7892390080855272
7.781406250000001,5.6971875,-0.2875,5.960997941616902,3.8761778325876315,3.677485978899172,0.021704772214284393,0.7992165073563823,2.3037954553947064
7.92359375,5.82453125,-0.56546875,6.320110354848318,3.6628758039651625,2.759973918404563,-0.11147324017037417,0.9861052629654273,1.6013932821917645
8.2459375,5.578125,-0.21468749999999998,6.379903927262052,4.3144868158768315,3.3826122342567957,-0.0695067983104241,0.7798166255627228,2.098965256996855
8.0334375,5.5415625,-0.6281249999999999,6.000740115485235,4.322422721529414,2.94160132570255,-0.10528734736994354,0.7824146318359052,2.7701702828843815
7.781874999999999,5.71890625,-0.32812500000000006,6.113580138460198,4.081928970010495,3.6366875703550616,0.08964692121977172,1.2410174579846518,1.9539160486712117
8.58453125,5.529375,-0.67125,6.154141118407462,4.035896304958168,2.8363607294383413,-0.10491279288152736,0.6291735673251945,2.454826217883879
8.603749999999998,5.8115625,-0.52984375,6.155473301257995,4.293561756699646,3.281524746681935,-0.09491077695989122,1.047841351780451,2.2024825846070977
8.0165625,5.45640625,-0.04562500000000003,6.05415333127546,4.550974609626046,3.7013464083188703,-0.02125079121496262,0.7820095282153882,1.8781831175306687
7.5090625,5.6015625,-0.6570312500000001,5.814850524398177,3.6449336494089644,3.260434537607439,0.10326308957839661,0.8176495861554259,2.900398502716675
8.2809375,5.50375,-0.4440625,6.133001589441646,4.617534684493448,3.41671155807653,0.032319862512394174,1.4581534773988842,2.2509730613768237
8.24515625,5.26765625,-0.4753125,6.3992082010656555,3.7738788658800293,3.38473686604199,0.043255598714996533,0.899117781527139,2.1365123068914205
8.2421875,5.9796875,-0.12031250000000002,6.05566740457596,3.8319454787801654,3.0611894995808004,-0.08186685468608376,1.4258720344386773,1.3244271995088863
8.1603125,5.60125,-0.16734375,5.930419454165426,4.161949851031365,3.0424164132866394,-0.03794766679521132,1.0355860498961358,2.017744071508545
7.937187499999999,5.27640625,-0.4129687500000001,6.121591518130211,4.145681626398841,3.7285325865578054,0.1902867074676252,1.199087422190611,2.2114641271365585
8.06484375,5.6878125,-0.44984375,5.910941124354559,4.168792341895162,3.434636303611481,0.035213631998575974,0.9137675216522974,2.247680150825028
7.5709375,5.13484375,-0.13437499999999997,5.676166652864744,3.063548285988967,3.483635796029057,-0.11183133282101544,0.5796520860177438,2.09383695962868
8.29296875,5.44390625,-0.5428125,6.015554494310847,4.069520325383685,2.911536036157504,0.03713939087498427,0.7747163706693353,1.9603156991409187
8.71265625,5.60921875,-0.2914062500000001,5.745322619908819,4.031194497558811,2.9565213232718173,-0.026583582113375033,1.007221184982515,1.7592775699299292
8.079687499999999,5.335625,-0.22531250000000003,5.8625743515407756,4.0660849086529165,3.665295847860545,0.07049015269317462,0.6159995133449565,2.3757438752795066
8.174375,5.983125000000001,-0.23515624999999996,6.194521994018183,4.3967007783535825,3.36567971969793,-0.033171737504887625,0.68631204515268,1.6018433471516935
8.2028125,5.64953125,-0.37890625,6.478288129578967,4.077907103254492,3.5843880741642553,-0.04905324832045334,1.3545262495443033,2.6853850618792765
7.55828125,5.07421875,-0.35765625,5.945281625658993,4.4369192594240925,3.2697064767859416,0.16647903772642278,0.3180199820513088,1.8659687184592537
8.111875000000001,5.8446875,-0.4600000000000001,6.320489220335322,4.724674250923946,3.5496962898253703,0.019941484047985934,0.8041869032528631,2.164562308287661
8.54875,5.49953125,-0.241875,6.053613719300233,3.55845798314009,4.0203998848839655,-0.09611698645668092,0.9940767362733405,1.8017930453989046
8.268125,5.2271875,-0.3365625,6.110443640553032,4.801915785896682,4.037157577875027,-0.09001493793090373,0.4412627058259817,2.028958816528082
8.3278125,5.2778125,-0.5532812500000001,6.546610398889165,4.026189447212308,3.6664684365065026,0.023582389866359202,1.2770342712006382,2.362451870842385
7.93109375,5.674687499999999,-0.5704687499999999,6.2550469915269975,4.82126149491435,3.5421653995505964,-0.046006235714655286,0.7999922423025232,2.2997851906358115
8.5334375,5.229843750000001,-0.36296875,6.00159333498978,4.408302001687944,3.652340294116012,0.019309509683574772,0.9684265383010188,1.8167868088383328
8.229375000000001,5.35234375,-0.41671874999999997,5.864344292789689,3.7129598798446417,3.716298584734337,-0.09158892332981165,1.193266336943079,2.0048590531964554
8.77359375,5.5396875,-0.06500000000000006,6.112197427886385,3.7478948127373792,3.5738612696913687,-0.24617234932094254,1.18692238571345,1.9560525518733762
8.12484375,5.2075,-0.48062499999999997,6.021767543718865,4.184044469768456,2.8621620297207144,-0.052223649792282875,0.6030475340580008,2.6515483317385686
8.01140625,5.92,-0.4507812500000001,6.003077561547988,4.321248011281,2.9907964578266504,0.10583861399050343,1.0888288420510603,2.0073703976978283
8.45375,4.930937500000001,-0.24921874999999993,5.846004110715284,4.155889540290231,3.385080918847944,-0.11506292590516368,1.232859560829457,2.790765257074805
8.12875,5.2125,-0.13359374999999996,5.796752997368441,4.079916512626208,3.193205857357295,0.04323519841161364,0.2812939595812022,2.2771146052618114
8.571406249999999,5.0934375,-0.03328124999999993,5.99923168705468,4.337278531359699,3.158715153491755,-0.020797484414546232,0.8832427040458195,1.3919127567704348
8.26,5.1465625,-0.2990625,6.194849170883824,3.6755565984750866,3.70903698702153,-0.0401683672267387,1.3940732544934231,2.0913997073197725
8.206249999999999,5.45328125,-0.5492187500000001,5.791859993775747,4.05142415341796,3.0891333254083477,-0.16875253182312244,0.9334638133405389,2.4636049826944255
8.868593749999999,5.093125000000001,-0.25421875000000005,5.7891136700673735,3.9186632267107364,3.2510540620925448,-0.07885807423359517,0.256388105701979,2.1936677309918453
8.206875,5.07,-0.032656250000000026,5.482503954341939,4.164063895403143,3.3905725190350875,0.01836293947708395,0.5234607882722534,2.3438785920068903
8.18609375,5.098125,-0.3829687499999999,5.64323699694696,3.7522571852652904,3.2372565930156725,0.2077596696894744,0.4076660973498355,2.15510183388296
8.167343749999999,5.2409375,-0.11437500000000005,5.709090405382975,4.131067400938134,3.9714653604652024,-0.03894712340861039,0.9400238320295496,2.288437875697919
8.2640625,5.67953125,-0.1284375,5.865461863408009,3.9303241873633574,3.2705576831167114,-0.02401925080666962,0.6141801484949825,1.8182414522303008
8.350625,5.28140625,0.0665625,5.9529351675769995,4.176767914304186,3.5138125744828437,-0.03812930422634724,1.1309358321306235,1.9144190232460212
8.415468749999999,5.270781250000001,-0.37640625,6.0466224894790175,4.342980437113255,3.6665090545996115,-0.018579700187891103,0.828725759453533,2.0641056110960285
8.374062499999999,5.29796875,-0.11140625000000004,5.801289920879127,3.8998109648447623,3.4259915841929525,0.01577420181220696,1.119052148033606,1.6339612214642887
8.553281250000001,5.23234375,-0.25796874999999997,5.640714176493828,3.5803437955503568,3.999440265402577,-0.04910374346543833,1.2410144990180354,2.4067713911889808
8.04796875,5.3678125,-0.3609375,5.237249152610885,3.529404813823961,2.967417184369894,-0.07794639363449757,0.7128415331708274,1.7853498515488468
8.53578125,5.40734375,0.07656250000000002,5.851554228548894,4.178104101364151,3.604869631289563,0.03442209389611652,1.1690849213838475,2.2461064279380913
8.394375,5.1821874999999995,-0.09218750000000014,6.007229726286069,3.753764971977301,3.548189445314857,0.04536507183208985,0.8319812430479299,1.7604830877267188
8.22046875,4.903437499999999,-0.3565625000000001,5.816597058656671,3.493056155946215,2.936430240716396,-0.12079600525076432,0.6465436944197273,2.148107366916179
8.415625,4.875625,-0.032343750000000004,5.8418329408992005,4.053503451876537,3.0747879714438744,0.002255750921788663,0.8864485474860806,2.211845375950857
8.439375,5.18984375,-0.60625,6.106244466476511,3.936371462157241,3.3292775586454186,0.1524902839070384,0.7978756508308353,2.337746737929414
8.12125,5.50609375,-0.26187499999999997,6.1095919718504925,3.7001729761878615,2.6691161195000492,0.07007323923495176,1.01106884288197,2.0491801704440293
8.369375,5.47109375,-0.14593749999999997,5.890888853507168,3.929456513464799,3.033209273375932,-0.03802282684180173,0.8979970792351593,2.455988415644571
8.188593749999999,4.665781249999999,0.07843749999999994,5.101422555029228,3.066519711276684,3.7964606126751463,0.18961272566010823,0.7290995695634571,2.311437418505363
8.2209375,5.3775,-0.016093749999999962,4.890249456427939,2.9313168968912247,4.058255327565152,0.2866441618900921,0.7916070561484757,1.9232730697948932
0.64234375,8.84984375,0.6514062499999999,5.3114418776200445,7.268814701386048,6.1951243094841075,0.015234086329817877,-0.0272977161566113,0.35544142167538073
-0.8703125,9.82734375,0.6603124999999999,4.312192369009498,8.17515084765021,6.719340548174631,0.16032384809612477,-0.25618216546740397,0.5288899717719201
-1.91046875,8.20765625,0.57359375,4.60418234790646,8.832382843510349,6.966125484978069,-0.08874072999267138,-0.09370756774871632,0.33020168996456273
-2.1389062500000002,9.8696875,0.2925,5.1536968276384805,8.349205046131264,5.868847842634873,-0.21431082182322922,-0.31582707234935287,0.46849386464269177
-2.91078125,9.491406249999999,0.18156250000000018,4.853267039031382,8.41694271009141,7.379856074720817,0.11796120319892799,-0.25742653061100806,0.7157684067118187
-3.95484375,8.348125,-0.3556250000000001,5.477879948080821,8.624174032008805,7.263962175312795,-0.45150213329105876,-0.10472891245630271,0.0894707840621718
-4.356406249999999,8.63140625,0.37031250000000004,6.969467870466219,8.074228459113659,6.006506099834058,0.17980986905484395,-0.06458407545230938,0.40121836922328497
-5.2996875,8.348437500000001,0.45265625000000004,6.5588368273150195,7.945258652718221,6.274528180017676,-0.2706791702890694,-0.06444085027098581,0.39110508104155023
-6.2578125,8.36671875,0.3246875,7.7383914003392045,7.70505010015499,6.434139406505252,-0.2594368157245177,0.056424058145401974,0.25846607510720276
-6.9646875,7.45484375,-0.18781249999999997,7.6718572492157175,8.241701506702723,6.634968789666139,-0.3334875403655314,0.06355757562603764,0.35279459817977726
-7.32921875,7.8359375,-0.6701562499999999,7.4759763795205005,8.289464080752975,6.932852833652676,-0.22335392475095361,-0.15166792848396243,1.0312731195756173
-6.56828125,7.427031249999999,0.23578125000000005,7.217389710511581,8.0924111208603,6.7294847510525235,-0.3390599843594442,0.01740255224608657,0.45676834803179484
-7.83140625,7.73796875,-0.055624999999999925,8.224416747402877,7.792115241481189,6.50861013269154,-0.06897778838731404,0.05481698833650463,0.8001521682870592
-7.76015625,7.02328125,-0.33968750000000003,7.319308047082451,7.065382830809555,6.933982434528065,-0.08473232932127159,0.3340973093013153,0.49433714567395703
-8.1803125,7.11984375,-0.65,8.68175744894683,8.088936598100268,6.876347367970877,-0.04308348275115634,0.13949249197025407,0.36556037501057465
-7.828125,6.2490625,-0.566875,8.09507351630453,7.202268461817689,7.058452573643532,-0.12742549044195473,0.2618833554871689,0.5079211574163602
-6.35359375,7.221875,-0.7671875000000001,7.68271220159007,7.92765962370831,4.872315436714227,-0.26289893335147163,0.011240281144180651,1.5249459930155418
-6.909531249999999,6.632031250000001,-0.90015625,7.947665229032577,8.477515515262914,3.9200811105238547,-0.2982781463279981,-0.047589912308464974,0.7839235596781376
-7.044999999999999,6.610625,-0.41296875,7.695609949835036,7.8580054472731815,3.911607997233802,-0.1848248341416595,-0.2590620911596634,1.2802351109079706
-7.125625,6.338749999999999,-0.7,8.996414541881393,7.7800860575253274,4.263379308131051,0.12673171325888555,-0.21268778420996612,-0.42774999975575795
-4.63359375,8.47703125,-0.57296875,6.875800036901956,8.009623641222067,5.371512729113042,-0.784492603823547,-0.1390759784122241,0.5706765688286767
-6.540312500000001,8.61421875,-0.7082812500000001,6.0882512289937365,7.63142901196417,6.302197175065093,-0.19342381236225256,0.012077446490969321,0.495845744999825
-5.64125,8.25578125,0.27046875000000004,6.144868667229594,8.673380397206643,6.527247800012915,-0.5364236312711855,-0.08797876850909592,0.4479710877416916
-6.98609375,8.19921875,-0.46453125,7.251756170315638,8.396554409527067,5.985912871507022,-0.2781108522886203,-0.11997641626860274,0.541343209761289
-7.0340625,7.43359375,-0.04656249999999995,7.888433129975417,7.93711187381537,7.689668641013978,-0.23782792065004676,0.10449684260251985,0.3148306785806762
-6.260781249999999,7.57921875,-0.59453125,6.8122163483809315,7.319742418770516,7.179696835888925,-0.35393638330784577,0.06086146103167811,0.29454495070425896
-7.520312499999999,7.31265625,-0.3459374999999998,7.599498332281135,7.546912498289346,7.891297366155565,-0.14997879385341373,0.17841591078727298,0.3663680116879465
-6.27171875,6.67375,0.18703125000000004,7.135779905406166,7.486313449388825,7.167403138447247,-0.31805843459399447,0.3544176598325357,-0.009965843214752974
-7.728125,7.343281249999999,-1.1431250000000002,8.054605994980449,8.132978208866568,7.351448172596675,0.05771948107068562,0.016298365624286777,0.15350073701161496
-6.839062500000001,6.63234375,-0.35406250000000017,6.961173508905934,8.030550405752768,7.1167908231936785,-0.4533952855065868,0.1506241212141612,0.42579458509068563
-5.98359375,6.99234375,-0.9339062500000002,6.543355257240808,7.8779975926205985,7.998010420017652,-0.28417974477117197,-0.04010971556964617,0.48126496145219616
-6.87546875,7.81375,0.1939062500000001,6.579506043790326,8.44749620819684,7.2474235976456445,-0.286062071395607,0.04103446932028054,0.39838059460439346
-6.715156250000001,7.686875000000001,-0.27781250000000013,7.116284580143345,7.9452463923011845,7.7335760382790415,-0.2330147300323566,-0.0854448471237596,0.4939311417304492
-6.80296875,7.1515625,-1.04078125,7.951051361236666,8.349445943210467,7.091159175490876,-0.1413364333440228,-0.02511313343609192,0.3029026590834378
-6.00796875,6.630156250000001,-0.674375,7.361050404767205,7.9641043305625985,7.2355472052481975,-0.4250484045512504,0.11516874060825293,0.47949492595714804
-6.95359375,6.81046875,-0.4384374999999998,7.115368570739041,7.159629536000688,7.180046617786944,-0.14971053943238372,-0.043895965671356445,0.8106916013131039
-6.3596875,5.89234375,-0.2962500000000001,7.292727106668927,7.217088605825478,7.586938096986162,-0.4205862691670859,0.10904865321389416,0.6173926129545683
-7.022812499999999,4.7904687500000005,-0.7389062499999998,7.35324279415849,7.334485843791195,7.4176114579567285,-0.3268054764338997,0.23774747356042605,0.6281341583250067
-6.223750000000001,8.7078125,-0.0026562499999999156,6.149436330876188,7.971020258714924,7.076228966182195,-0.5000775751453979,-0.12582000405127278,0.6882966918358452
-6.915156250000001,7.4709375,-0.6184375000000002,6.947196150288685,8.116918426724132,8.133582240230545,-0.22380231529784486,0.1380736579727071,0.29180315896438536
-6.271875,7.663281249999999,-0.4374999999999999,7.237368279241771,8.47044033955133,7.725882837902734,-0.21863351143205512,-0.11638396753627686,0.8017825620649235
-6.755156249999999,7.1415625,-0.3796875000000002,7.79007782217777,8.027782270564751,7.442974659189949,-0.06854620324714496,-0.2181596494053617,0.9817519452240496
-6.35125,6.281875,-0.47093750000000006,8.128815354189072,8.189315996124158,6.265202689944974,-0.28874951245521246,0.033774195158766826,0.40570262110277583
-7.34421875,6.935625,0.07093750000000004,8.147856275711327,7.325129025100854,5.9859984335191525,-0.15203715109175783,0.07898816320571896,0.38968096097175664
-7.248749999999999,5.95484375,-0.15374999999999983,8.27255562462411,7.015371068274716,6.299757559819267,-0.1291130750828018,0.029612863983351202,0.8692524758669147
-0.7084375000000002,7.27515625,0.11031249999999998,8.352643148045638,6.958985197252969,3.7451868981859566,-0.39657684550820704,0.08192510726362394,-0.8386148159248885
5.758125,7.659218749999999,0.640625,5.619067948456844,3.515056589466013,3.0687720849510804,0.6743498768749477,0.7457362977166948,2.371681666144432
5.8685937500000005,7.92625,0.02640625000000002,5.914868940641115,4.090570139051524,2.5889038264217032,0.41826969089199556,0.9331778672214033,2.2703664862062922
5.8290625,7.76171875,0.12921875,5.90026263153546,3.905275900419641,3.142272915764708,0.2660526176693676,1.009190281109816,2.1776442700811773
6.318125,7.59375,0.0032812500000000133,5.879846903566028,4.1264067676975325,3.211956206254755,0.40968839500825516,1.1155120574987545,2.1766114026950336
6.53921875,7.9087499999999995,0.42015625,5.746477536469488,3.6661639096608867,4.022593804137567,0.25176165125959954,1.2052915484454205,1.9705710511859684
6.041875,8.1046875,-0.0554687499999999,5.298089241356265,4.204590857306303,3.2242649015354545,0.04079799410239885,1.0499854230731387,1.7942122984128326
6.3284375,7.7182812499999995,-0.37421875000000004,6.021543152182317,3.9860167910331783,3.813461274177101,0.22245508120430182,1.013090724880405,2.1305852477766685
6.409062499999999,7.96234375,0.010624999999999968,5.620480606326629,4.038069132560256,4.078780407103942,0.20644003101122685,0.9103201793163975,1.6316857113807035
6.48484375,7.48296875,-0.039999999999999994,5.75082656890172,3.9217190425913273,3.532511058015247,0.21487301260777414,1.1519866520421909,2.1741574778131905
6.3971875,7.4778125,-0.90125,6.24190111983871,4.182164312870042,2.9693725663008337,0.15717684149413474,1.0931746700756522,2.6732377914734293
6.45359375,7.644218749999999,-0.3132812499999999,5.832717625383637,4.205837760143445,3.2182109037318294,0.42405818557543323,1.112569463390166,2.4222843547895385
5.77984375,8.005,-0.3421874999999999,5.8199751643014705,3.9992151573777575,3.761182688310121,0.6619931325572534,0.6594371240377739,1.9938549705067286
-1.16515625,9.787343749999998,-0.03578125000000004,2.3335079495441917,4.4813614847316146,4.107979964611371,-0.27772432714871886,-0.06229618597846941,1.7056810276212133
3.2365625,8.77328125,0.2925,5.676976863489383,4.93841385678625,3.891846043332136,0.7195580386582595,0.3730610071817764,1.8993990066347783
5.8892187499999995,7.929375,-0.07999999999999996,6.007855873949411,4.066640149973317,3.4508264408689118,0.28148974813852773,1.216277410139118,2.1737660231129796
6.26609375,7.276562500000001,-0.76296875,6.728218007296652,3.9143383136353647,2.3640231067025206,0.3240113294762827,1.0676047326351528,2.1460854172430817
6.337031249999999,7.905312499999999,0.021250000000000067,5.713999442074127,4.132404327669759,3.7385803204558816,0.29420667184600974,1.1731791482715388,1.9678824709872886
6.2046875,7.64328125,-0.39984375,6.168746319337807,4.117624487601854,3.4477313610671496,0.2701351702641341,1.1585638295999268,2.2832048086754972
6.409375,7.716875,-0.05031249999999999,6.067113418618033,4.206910562916093,3.28073732602044,0.12086959774453511,1.2192889816574168,1.7549675303356986
7.4037500000000005,8.392187499999999,-0.4346875,6.545250783010533,4.977764140640228,3.6621172874914523,-0.15986135840711063,1.11315570615809,2.361242298725632
5.8728125,8.0115625,-0.14875000000000002,6.461346964050433,4.622989501782775,3.518946708533677,0.31759565536459683,1.0632028219775806,1.9548703423964284
3.92953125,6.7128125,-0.583125,6.812131739974898,4.169825936396356,3.47503186810927,0.5799715373454618,1.430141205487604,2.8392218787409966
6.37609375,7.52359375,-0.29390625000000004,5.790599228811379,4.038505434868317,3.055027422742869,0.3840562400637099,0.816852238125053,2.540284027170203
6.6392187499999995,8.10984375,0.5203125,6.015778810939481,4.300884898841858,4.0886347693751945,0.1375955720442059,0.9326474245585571,1.688887641648547
6.19578125,7.3746875,-0.29234375,6.1042587092658875,4.354353772644541,3.5847871895463945,0.24482987589426541,0.8735793612203824,2.2400614173936204
6.668125,7.4193750000000005,0.03999999999999998,6.654343242152075,4.320932652145252,3.932333515229857,0.2404869126902437,0.8747435500053062,2.2613433036616937
6.05125,7.63578125,-0.22640625000000003,6.455545460106372,4.328079757773468,3.2877226004425824,0.16832889302570558,0.6085835604153584,2.5145778867207915
6.4646875,7.2309375,-0.28421874999999996,6.348883998573588,4.070049031780053,3.156750606184853,0.23751876835400618,0.9636242250244484,1.9299941564423129
6.575000000000001,7.756875,0.04703124999999997,6.287069567771618,4.517844437270389,3.766127686234687,0.1415170359192348,0.7940368838348383,1.8264448687735038
6.0084375,7.66828125,0.12375,5.7962679854017924,4.05259968827399,3.916118334843828,0.0784551561475971,1.1698879176039387,2.1033718542933166
6.43734375,7.8690625,0.23453125,6.630427786488285,4.5128911598989125,3.763241592068391,0.0979156398260431,0.8919021487038026,2.3248301040906294
6.5978125,7.52171875,-0.26609374999999996,6.21373641337028,4.632519412630501,3.3626364364455066,0.05755460566855798,0.9456675289767674,2.2841918685098
6.51015625,7.50109375,0.159375,6.104315966026491,4.243447565507431,3.8979248786213154,0.050315955432560185,1.06740605201743,2.149570681487585
6.896875,7.06984375,-0.09593749999999995,6.401015758016457,3.889106778951426,3.76883632519293,0.19547122892600036,0.8969837645547548,2.666728365938199
6.808281249999999,7.508125,0.05250000000000002,6.392715227772816,3.9064393454109845,3.8775818012003307,0.16632567843891916,1.0921498884515075,2.220667720352673
6.4671875,7.422812499999999,-0.10343749999999993,5.913294203728049,4.204991256214899,3.781348642824905,0.21197837711390505,1.1433994814294397,2.1655117161994997
6.853750000000001,7.206093749999999,-0.13999999999999996,6.154684064799752,4.318536940181355,3.3138582121146944,-1.3016121341876456e-05,1.0814620729007187,2.198457803953401
7.0209375000000005,7.1953125,-0.010624999999999968,6.218578444555777,3.879371312125684,4.148819438632513,0.02080702077048134,1.2135543976165915,2.1692350137859826
6.8496875,7.0775,-0.060156249999999994,6.252273328745614,3.951141844454588,3.528966957635894,0.0892722440268293,1.2617634373173179,2.1445966092023863
7.02671875,6.796875,-0.12468750000000006,6.2568290328167375,4.151278746889324,3.620676287289952,0.09952918794440323,0.8872676671875137,2.3088920958556174
6.982656250000001,7.007031250000001,-0.31937499999999996,6.1750334620013145,4.590110183756316,2.7004605365335372,0.19373837565445626,0.9358682325489454,1.4235981226456276
6.7128125,7.1446875,-0.5432812499999999,6.315087209599227,4.106040127342126,2.686413765766256,0.14443316365440023,1.1222484113596896,1.5578506823121978
7.160625,7.14890625,-0.13125,6.436625638436261,3.7523393191728993,3.543689152916773,0.06908288827846473,0.999908587458649,1.699551298873842
6.90671875,7.179062500000001,-0.12562499999999993,5.9159213289984205,4.449828900766158,3.4144092072238497,-0.02394251927302191,0.963195173491162,1.7974313797324326
6.946562500000001,6.73828125,-0.48906249999999996,6.6507323888872385,4.019105759792648,2.8946171588128458,0.11687331471352287,1.2665759742043927,2.264998896978585
7.29046875,6.559218750000001,-0.27249999999999996,6.013901715423477,4.189825587318455,3.227874687778322,0.12919237623966,1.2462282211480067,2.433868165676291
7.66546875,6.94625,-0.43500000000000005,6.109560880724034,4.708342496303769,3.1039843346898515,0.005053200660988417,0.8848228116661536,2.1887577101096864
7.221875,6.70734375,-0.15218749999999992,6.133234229130255,4.347277252124131,3.499461328525256,-0.03540559581355069,0.7817903782440488,2.6164962663126854
7.035,6.08609375,-0.79390625,6.050745563564873,3.8529114872666015,2.57598986871279,0.18562793465218236,1.0024912139721047,2.2250102556737925
6.94703125,6.9009374999999995,-0.17484374999999996,6.309762198294278,4.385613810641989,3.636911031436697,0.044761002530592925,0.8313223850681173,1.8202608274067134
7.755,7.455625,0.11031250000000002,5.891251723954766,4.355365180943499,3.91119785389895,-0.052835569715774314,0.5775383790461651,1.8147013396219094
7.499375000000001,7.2159375,-0.36265625,6.456865743871016,4.7747073597335525,3.4859334484232396,0.010662651577051357,0.8434325464392707,1.5147003660759193
6.970625,7.28796875,-0.22203125,6.024608357343654,4.999938180770182,3.842738354549193,0.04502424516866977,1.211456502034542,1.8067554754065367
7.59078125,6.8909375,-0.21765624999999997,6.408817974256129,4.8110711251335445,3.8968628176182873,-0.14483903073152113,0.7332003610212858,2.1353413418786107
7.32328125,6.42421875,-0.375,6.447126068714527,4.506334362832883,3.1072370162251866,0.05351522504570462,0.7591256058921428,1.9373123059181065
7.42578125,6.975624999999999,-0.22812499999999997,6.557726312499511,4.157059084782775,3.2237186771452313,-0.13396657573910678,1.1367643386452349,1.7448827752116927
7.401718750000001,6.3246875000000005,-0.3625,6.170003939090999,4.0269343056900935,3.587951626624863,0.03780830656743119,0.7877252984834359,2.5276852775775653
7.901875,6.6678125,-0.20265625000000004,6.641180917907221,4.153888791222479,3.7614305964401282,-0.008578004662742686,1.2416202432678776,2.136494391926757
7.38765625,6.81546875,-0.1898437500000001,5.315957328584941,3.7964078126926033,3.845160713557489,0.2683463543153005,1.1016285228577953,2.1228081177166405
-0.25390624999999994,9.3678125,-0.21734375000000006,2.9646435373769537,4.262234767682764,3.55224631491623,-0.25519541670267576,-0.10479118015922649,1.908034745591131
-2.92625,9.79796875,-0.1742187499999999,2.2378774123039,4.553697048720242,4.17928029266385,-1.0208159592830077,-0.2881720153156899,1.505587389344925
-3.23390625,9.12046875,0.5506249999999999,2.475743964692419,4.638124428880001,4.344818348835196,-2.4041702099509807,-0.2858169195654357,1.051396192409514
-3.8790625,8.64484375,0.06546874999999996,2.1015267654954455,4.621383042508588,3.972795744846875,-0.8300790909480472,-0.14243565815863446,2.1044085043490854
-3.996875,9.143437500000001,-0.11546875000000001,2.3712238895504996,5.235081547463588,4.386256565144524,-1.0234986466863807,-0.2955992631866959,1.3481487178615672
-4.1578124999999995,8.889375,0.08265625000000004,2.3611043951599746,4.942646961333067,4.3459752365649695,-0.7719094717211712,-0.27991846616274585,1.3400996308001427
-1.8240625000000001,9.306562499999998,-0.16250000000000003,4.692388357339336,5.173456357561524,3.7324991627594506,1.4504440149291518,-0.15986293666737642,1.6748130899010023
3.11140625,9.446874999999999,0.047968750000000004,5.311968169611047,5.023738608782805,3.0525026513540388,0.76520070483887,0.36670370233122174,2.061091935580007
4.3646875,8.444218750000001,-0.22328124999999993,4.767367580997269,4.157779908153922,3.6713579123940554,0.20620931759698127,0.8166096357646723,2.3661863302470967
5.3931249999999995,8.30546875,0.1421875,5.122984931597496,3.728685647151478,3.139840993560621,0.32545210616566445,0.850684825561364,2.0240905407963123
5.664375,8.2084375,0.023750000000000035,6.203465229964218,4.053932974112146,3.69661690772793,0.3370041297902756,0.7348962837281682,1.7421691301229258
5.5196875,8.0715625,-0.32671875000000006,5.577277833078047,4.047119430359543,2.8622292746910474,0.38815882175820454,1.1974174298954194,2.013039457120398
5.83296875,8.0528125,-0.31156249999999996,5.899743818508007,4.196172537544632,3.064443882435074,0.3412387349997831,1.041028529634564,2.2671458997216813
5.83984375,7.99203125,0.0378125,5.7924097673667685,3.8911980721268145,3.3361577210683175,0.3209555817915641,0.6252914078774683,1.737763132994707
5.83453125,7.79015625,0.04343750000000004,6.0618050966913675,3.93149998894645,3.703779833979573,0.37590994449114007,0.6974855286631079,2.1365275624923896
5.91765625,7.17140625,-0.14109375000000002,5.817133567689154,3.4552721795773107,3.8083884047206813,0.3089810034983669,0.6270658106094911,2.490523341446184
5.78171875,7.6721875,-0.06453124999999998,5.730757627347229,3.8060225583729466,3.4339331174723595,0.36456999852894906,1.188801691145165,2.191367950936564
5.713593749999999,7.766718750000001,0.16390624999999995,5.529616953050269,4.275368059699473,3.750615206697554,0.24212217613677367,1.0535558098561504,2.5257193986462956
6.414375,8.1371875,0.08453125000000003,5.22873786007436,4.2552234330107455,2.8682643541475454,0.3618798026870954,0.8144347696505092,1.9468111879301142
6.75421875,7.56984375,0.13140624999999997,5.877567737988941,3.8298602667833634,3.3011716041370733,0.38644051367992693,0.7617767223951858,2.3562415793003466
5.366875,7.739218750000001,-0.09171875000000002,5.122534734813908,4.152165212530498,3.0946781712156173,0.41186505893177167,1.1240049054674885,2.2421996484134246
5.983750000000001,8.05734375,0.205,5.893458635427926,4.0567051910184375,3.8019633086078035,0.4690295201500617,0.7805259594773621,1.9865217312590517
5.52625,8.010625000000001,0.26093749999999993,5.195997708573398,4.10148558261211,3.768085438401543,0.7652039409128047,0.6121839136645406,1.9067041114243102
4.59859375,8.767812500000002,-0.37859375,3.9778420921349977,3.7173203002759596,3.5131511261203863,0.2340906454229816,0.2784139848677353,1.2949117709440794
4.0609375,8.76859375,-1.84640625,3.8763951999368884,3.3109004945725773,3.1080577572594974,0.46134242760264044,0.016449834810639014,1.6026879558390876
3.88375,8.48640625,-2.08859375,3.522479373608879,3.4225622561848215,2.3703809472236603,1.2215713120605567,0.12597709535445803,0.4369638004350651
5.04015625,8.24625,-0.4596874999999999,2.882352279490822,3.490944311715671,3.254677868444702,0.40010632942389607,0.3150711301817953,0.9173867904690713
6.118125000000001,7.8685937500000005,-0.44375,3.1948092054729966,3.413465919701109,1.9852750911397645,-0.2703988455005112,0.432819898825239,1.0281254835880693
6.87328125,7.1734375,-0.6454687499999999,3.44562179379839,2.7326156304159848,3.289847987411187,0.1521247103037019,0.36134026624042764,1.152605878562947
6.74703125,7.33296875,-0.74671875,3.2382376957264016,3.4302362708745644,1.8155690005886413,0.08694910775606088,0.4096316229451819,1.3199048770905764
7.053437499999999,6.856093749999999,-1.1414062500000002,3.293125044481875,2.844856442548716,2.1925961119095643,0.5595853895337002,0.6167678861957584,-0.8367753763461118
7.491093749999999,6.4790624999999995,-0.40546875,3.3704998318069888,2.1009593930139987,2.545847065374006,-0.0007561798103850805,0.12306584546356693,0.9697591260128419
7.2978125,6.71140625,-0.776875,3.5465412150211577,2.894342470227208,2.0850328796867927,0.13639215145779043,0.43229037190444713,1.2205757972918918
7.377812499999999,6.60703125,-1.03234375,3.58862459235342,2.967629356746465,3.342658813629644,0.3454010239966874,0.4768114909678635,0.5467797960705819
7.112187499999999,6.7953125,-1.17765625,3.7607360768663027,3.0446997844358563,1.9549782145425398,0.2024545763861275,0.41070296942706425,1.1035869361543107
7.375781249999999,6.8015625,-0.6496875000000001,3.9875344060770734,3.1259234729266407,3.1498174395262577,0.5093464551927466,0.24257097107120057,1.6585752595515477
7.1946875,6.891406249999999,-1.1281249999999998,4.220004431554989,3.0345015381378433,2.1025400375200944,0.40937484346528075,1.1120309103269088,1.2553142560041866
7.610625,6.300156250000001,-1.5540625000000001,3.466811338878278,2.707248656493514,2.538580877398581,0.23174026051478067,0.3449867757186703,0.22415450759580446
7.2259375,6.8296875,-0.88734375,3.676898199718582,3.226687043601184,2.557096279344197,0.2791492274311473,0.5782248024614305,1.7885691486330846
6.2201562500000005,7.34890625,-0.90234375,3.156854393709969,3.0582828705355127,2.8469159531563166,0.25767038503728645,0.4663266000769194,1.6016761794558099
6.72421875,7.164843749999999,-0.65796875,4.508048637120993,3.716646670802316,1.7807031438517307,0.2733726333672385,0.7227993338465227,-0.07719140026494975
6.57140625,7.265781250000001,-0.90734375,4.79322694903558,4.111559468699004,2.338586807633178,0.521374083815694,0.12719392142840724,1.5881680677520018
6.87515625,6.65921875,-0.6309374999999999,4.141314326465203,4.216879512998734,1.9452889556808135,0.48307949161408065,0.5845317908590635,1.2537616154979794
7.35515625,7.36359375,-0.84421875,4.633711725019797,3.8386587693439145,2.916594120656564,0.6061227054078178,0.8417592289139143,2.4112686428028014
6.76109375,6.99796875,-0.8221875000000001,4.273958614821971,4.354948758197212,1.7628310582253055,0.8299005424140384,0.5307830519302075,1.54440204117984
6.5859375,6.28015625,-0.6328125,4.795410800556481,3.9944893651236497,2.437282342044875,0.7879694552171309,0.5518289598094144,2.104262130812481
7.1309375,7.1948437499999995,-0.8264062499999999,4.55110965821455,4.365991436728425,2.498075113454545,0.718538423691194,0.6883737854441774,1.3139391606775073
6.965781250000001,6.59765625,-0.36671875000000004,4.129650713395558,4.356423684553183,2.2215422955456954,0.38622084514140337,0.5839976194798208,1.4929266028590185
7.3625,6.2734375,-0.7298437499999999,4.942585355863872,4.750920706409837,2.7806235205590015,0.4489897223277121,0.6435571967425044,1.7618952175951375
7.897656250000001,5.887656249999999,-0.65796875,3.4453695112913416,2.705358538038154,2.320515958041107,0.23959322275328926,0.21263909746970464,1.3887683593441371
8.56765625,5.7678125,-0.46390625,4.448975212825526,2.9399609206320667,2.9180213850674463,-0.14987067038113674,0.653938359575679,0.6899000576980581
8.318906250000001,5.86171875,-1.00890625,3.905595792092538,2.8315927246690045,3.3286010186279364,0.4528442695329777,0.655320485598821,-0.005898526553039456
8.2540625,5.6134375,-0.8734374999999999,4.162877880276306,2.979233971777603,2.566355769100175,0.06781442392201452,0.6910478414389986,0.9555893735992109
8.31765625,5.548125000000001,-0.74,3.7543727597743857,2.625687930690736,1.846900274784754,-0.1980391329240685,0.8487201828517619,1.067491022617734
8.59203125,5.64578125,-1.125,3.73043696321536,2.525500448356412,3.025266000701426,-0.0453973846482281,0.2058612094410758,0.07802957465167612
7.7396875000000005,5.463749999999999,-0.5824999999999999,4.474115823528013,3.023297299720952,2.4412112772146535,0.08537693025175072,0.5556865627988543,0.9636990288326798
8.4328125,5.571875,-1.31921875,4.304049499000186,2.8173452014928877,3.1131090291135703,0.31976747400628913,0.5998875879248159,0.20564948365248192
8.375625,5.928437499999999,-0.36640624999999993,4.1989224343127605,2.7872159153165277,2.959014493452328,0.07547667785416849,1.0914220983134681,1.6015028385218062
8.3078125,5.3340625,-0.8740625000000001,4.488270988347712,2.6593389208774707,3.115475845853046,0.42834615314734287,0.5320587370747621,1.04002545708561
7.871875,5.33015625,-0.7703125,4.007382201559392,2.6679711932638885,2.1999985573503795,0.21863583847886095,0.9318741232678384,1.2949834970589769
8.369218749999998,5.6078125,-1.1867187499999998,3.691632135945893,2.4586438517694567,3.050098387084987,0.23553105498943283,0.6260344676228793,1.2069028206825207
8.210468749999999,5.58015625,-0.7354687500000001,4.351984974442517,2.7182413272345665,2.720114846890373,0.24799994007428028,0.6852911818434673,1.678488798847704
8.18015625,5.38828125,-1.0493750000000002,4.002981502965751,2.696386792245956,2.783244439386343,-0.042276455222744286,0.9021116292010164,-0.2031562493039248
9.00328125,3.3589062500000004,-0.8446875,4.918245067694211,4.083965259549956,2.7380918131691185,0.10531705559452322,0.4717734858423802,0.8080338396214447
9.16828125,3.55171875,-1.0525,4.805541578053242,4.061243480560902,2.6879394989471024,0.2694338675277651,0.1609702720454087,0.8786850033163128
9.41015625,3.7449999999999997,-1.0159375,4.5948420444108775,4.018845449877365,2.5725101547114932,-0.061173449623666526,0.30289466837039775,1.2108506827083658
9.701875,3.0117187499999996,-1.01515625,4.738829917223765,3.665426115528512,2.8455326787063857,0.5657267197163465,0.17686847809779074,0.7841976469116044
9.302343749999999,3.26125,-1.0465625,4.320777831517832,4.132935359705012,2.144074843281771,0.5549154624630362,0.6091038849661206,2.4430018985026414
8.968125,3.0634375,-0.8470312499999999,5.030841404216098,4.009174719763875,2.423804911502458,0.40845585764836656,0.25789703654134843,1.4091273938957036
9.08859375,3.0396875000000003,-0.7250000000000001,4.704667850652258,3.7177042515971803,2.799780683375039,0.5295588563682764,0.4723076165433886,1.8587560412443354
9.03078125,3.08109375,-0.8496875,4.526119787096718,3.6546571817628717,2.744214920035191,0.34523910519836537,0.15065757687900574,2.047106872766052
9.260156250000001,3.934375,-0.856875,4.752967327163731,3.7821430247116514,2.8518184302958347,0.3890016432544359,0.4844318867718291,1.7000128437703204
9.49625,4.11125,-0.9539062500000001,4.694356152604955,2.868231979373356,3.1040103179130925,0.2582375395328903,0.3617087751268883,0.3580854839411835
9.369531250000001,4.21140625,-0.39640625000000007,4.752268020932052,2.4176634298348763,3.302085688994296,-0.002875234511033301,0.9293871171970011,1.395658597081538
9.1721875,3.6899999999999995,-1.3365624999999999,4.45399135212943,2.527219321705182,3.249124987376409,0.42194485699058676,0.35597423356776214,-0.2829945758889914
10.196718749999999,4.108750000000001,-0.53734375,4.711728403239987,2.418377232257201,2.5690977515143203,0.013221396214957564,0.8996753438006487,1.527586794885532
9.24234375,3.5757812500000004,-0.91109375,4.423523320763206,2.4058573086632626,3.2845124815124294,0.10643653476418184,0.8550065536819955,0.20701598950228567
9.0290625,3.58,-1.0103125,4.513875385530016,1.8566863965139617,2.254898811996616,0.15375260297144897,0.5997173461000771,1.1637133288794876
9.37328125,3.5668749999999996,-1.3428125000000002,3.427524641909732,2.119866501545557,3.0875898108142135,-0.1472323543946747,0.547387900759016,-0.5149419821352397
9.510312500000001,3.4954687499999997,-0.8859374999999998,4.656103510699022,2.235673087746381,2.529701513240989,0.10589221885518918,1.327001434392077,0.4544785398565093
9.31546875,3.5501562499999997,-1.14703125,4.0748857076332134,2.1181540402166075,2.9353330729277447,0.07270023838003425,0.6065121454530179,0.14682505792956427
9.1134375,2.97265625,-1.0046875,4.069608864325139,1.597865023034154,2.532373496809613,0.3040494715513397,0.41394916519728725,0.16871350570000718
9.71078125,3.42984375,-0.6734374999999999,4.505785275859075,2.070902197856272,3.092180773110419,0.2513210825906096,1.1858959623172023,0.7862230367002756
9.169062499999999,3.90046875,-1.2420312500000001,4.4343234118739865,2.545704979524029,3.00630180812297,0.0630852470491342,0.09303772796547731,-0.26617699358934716
8.38921875,3.8203125,-0.2959375,4.525006665978343,3.7713604014126987,2.317896890738186,0.9421915197702064,-0.11358490808135135,-0.1229905235782194
9.260625000000001,1.60109375,-0.45734374999999994,5.627870899316632,4.131461271900166,3.1093288273895925,0.05208928467496753,0.7871227440955146,0.7544775030559627
9.25015625,1.97328125,-0.4493750000000001,4.682715722536009,3.93515845245124,2.778747399346511,0.19184513851362783,0.44878364224007233,1.3270477742651525
10.575937499999998,2.09234375,-1.0592187499999999,4.705686293846387,3.57190851567281,3.215788834352846,0.17529114354542438,0.1888316836224733,2.0526485332126008
10.20703125,1.4351562500000001,-2.0109375,5.422277450391435,3.8090746875830535,3.108244439566127,0.11686545926253863,0.5840233944922115,1.4753745902985167
9.823437499999999,2.0821875,-0.7840625,5.010668062603404,3.8605664532350366,2.7258724055050245,0.10525472525892333,-0.058939899840296954,1.2903117394794683
9.728125,1.3664062499999998,-1.16359375,4.879942646627622,3.512265724921868,2.932585445892572,0.5849454227192977,0.5183460428045862,1.428649330540043
9.6084375,1.8709375,-1.0896875000000001,3.9689034296129893,3.937735595630279,1.6803310395108906,0.34896401340030186,0.46328734797983623,0.942761391995555
5.1656249999999995,5.0803125,-1.10296875,7.795542771954689,5.4266878044847715,3.9865287530661857,-0.1564019572485474,0.1919868718434772,0.7612433964738161
-5.634375,8.267812500000002,-1.6640625,3.3316225753189688,4.987799323333262,2.5410878076315564,-1.1180929247825393,0.21174593974633882,1.034817057162252
-5.99546875,8.34421875,-1.451875,3.420840051109294,5.003410338424027,3.3749189226372533,-1.0806561919541686,0.23426280508880207,0.46463305853451564
-6.56609375,7.691562500000001,-1.24140625,3.708967013025451,4.8639317361157275,2.988500286090155,-1.20761340869829,0.11433932416885921,-0.08467292574727285
-7.096875000000001,7.793125,-0.981875,3.4174958279967216,4.403910504809901,3.8702809470857535,-0.1481209288936353,-0.1319210140509809,0.8589150335488538
-7.5571875,8.466875,0.06125000000000003,4.007118458424176,4.94384588244567,3.1746828089590307,-0.5884113770499096,0.024509780831667514,0.573867735264819
-7.466093750000001,7.7284375,-1.1468749999999999,3.505861884574311,4.686631992550061,3.928388217115895,-0.6189239493463846,0.18753363809497703,1.1126651454992929
-7.20203125,7.958125000000001,-0.48671875,3.7253385666974532,4.552108328497356,2.692789593692466,-0.6743239908984641,-0.34749144583010344,0.537491175711589
-6.9303125,7.384062500000001,-1.0018749999999998,2.8152453094435215,4.218322651966508,4.262248480482455,-0.5163611368657525,0.39963886651075325,1.0001377722580884
-6.778437499999999,8.228125,-0.170625,3.3410146375904652,4.44299936522334,3.076194318370509,-0.5740560988300576,0.2241839185606775,0.7742977991598469
-6.61703125,7.8100000000000005,-0.7145312500000001,2.242103281301608,3.6952490612947866,3.3348312971233547,-0.3751373310016248,0.34986448412090687,1.2712784241865909
-6.95984375,7.3165625,-0.4976562499999999,3.130737978190755,4.319347541422633,3.062657517473336,-0.6651674945753856,0.0772356223002436,0.029799783186269704
-6.498125,7.87484375,-0.7054687499999999,2.562289549284975,3.636559153318689,2.8273413581089635,-0.47587139405765655,0.009301502829241382,-0.392968647762192
-6.735,7.897031250000001,-0.6228125,3.1645596060115535,4.421923605629504,2.7266477064050187,-0.7351085917259971,0.1380294897719183,-0.012668061493407603
-6.8846875,7.80703125,-0.11171874999999998,3.074893783099467,4.320853749436961,3.009552268759996,-0.6326591009439604,0.28892538876466445,0.07808236471053491
-5.8615625,6.77453125,1.098125,4.237134651930919,3.2334424040445557,3.606710704974132,0.7404340048281457,0.5347931648168978,0.3834321736216761
0.463125,9.55453125,0.5503125,3.934808951445419,4.733336207715805,4.003825111982758,-0.06099530425575099,0.4950634531815364,1.0895687140290788
3.2734374999999996,8.94828125,-0.85921875,4.589797523703387,4.990048394895428,2.988228104102569,0.611193119440326,0.3063003382705518,0.14827723729349152
5.960156250000001,9.53453125,-1.0314062499999999,4.525522929793411,4.65166802397521,2.5136756373806346,0.41644308947176184,-0.04227956652063009,0.5537984204025115
5.26171875,7.7840625,-0.4440625,3.878895845907497,5.629078165747368,3.4116101031761747,1.1928966277136697,0.6100970562088059,1.4313617703485375
6.47203125,7.91375,-0.6754687500000001,4.92307169727635,5.3037131745127395,3.6355870956797935,0.8939251608195227,0.43690332345724436,1.605053274458706
5.9378125,7.899375000000001,-0.87953125,4.940199726715889,4.943035465114023,2.5759606397950723,0.5081641251130675,0.4705869572231435,1.2194127738619736
5.561718750000001,7.60390625,-1.0826562499999999,4.887244096461567,4.871224055995674,1.8389358694190336,0.5514845502459634,0.49372337016996926,0.09818276050523915
6.1148437499999995,7.77703125,-0.85921875,3.584506587465831,4.879753028998849,1.9913385139519693,0.8854775927581167,0.7278647077721796,2.597963176499077
5.48453125,7.92109375,-0.09593750000000001,4.379395980643157,3.784381189998034,3.5892807944062763,0.42263965608453663,1.244589551614331,2.0212619152115
-1.9384375,6.66828125,-0.5735937499999999,8.035743046451508,3.8939257804172946,2.6704847214430827,0.9774025186905864,1.1048723716980475,1.1019035971013431
-7.9340625000000005,5.66703125,-0.68765625,0.1216773236628337,0.16639260507437686,0.20104991752283188,0.33420892763842186,0.30662355050889395,0.6193599713904252
-7.95859375,5.624375000000001,-0.5690625,0.10629950592988426,0.12038836893570747,0.1690203274572322,0.12004132257035909,0.8845964885789256,0.4964213539014596
-7.990937500000001,5.71078125,-0.23984375000000002,0.39544958097556504,0.4570670926116181,0.28113326570496333,0.020933502712472712,0.02203797707443135,-0.21364565563669857
-7.97859375,5.6978124999999995,-0.42171875000000003,0.5028756903658571,0.4489065491210281,0.514200090819165,0.6784401619037486,0.29805113879586237,1.1534676815429956
-8.063906249999999,5.625,-0.47921875,0.3869860187538272,0.358368699805103,0.34334432738642634,-0.2848910051487327,0.3560930391778533,0.6630362905890351
-7.9928125,5.70765625,-0.41359375,0.39578825127048683,0.45307195271384604,0.4687662236775784,-0.42000956762979424,0.3894956312777187,0.8260391674488259
-7.96859375,5.67375,-0.51453125,0.3812515048638332,0.5190420864438644,0.8055412188544032,0.08370211077238547,0.6369024663751718,1.4151930890191478
-7.930937500000001,5.67859375,-0.610625,0.3434827085804321,0.5076719757490437,0.48684852302846726,0.020162526746788256,1.331562943981144,0.9222913167928009
-7.9534375,5.749375,-0.491875,0.31683108053622205,0.41918401016140877,0.4584071436779754,-0.6165452497019456,0.045823842924576294,1.2113151948640446
-8.01578125,5.574375,-0.8187500000000001,0.2614670431401202,0.40133322734979227,0.44358095371645523,0.1059503396180085,0.5768139569762516,0.5283483776655091
-8.0784375,5.491406250000001,-0.80484375,0.1923962281172632,0.3617140928425896,0.4474615632497807,-0.32008054180901396,0.8048524172869047,0.5342749768174606
-8.09703125,5.511093750000001,-0.7821875,0.2686056570950013,0.4397268938908985,0.7334496164316605,0.015478879029520748,0.7012951886118238,1.0247177198088468
-8.065624999999999,5.51765625,-0.7893749999999999,0.3142246161187885,0.5850340326305279,0.6036086143976078,-0.28175320594819175,0.6783491070962439,1.1147073651077717
-8.064218749999998,5.4840625,-0.7959375,0.24406585104933773,0.33744776794898196,0.3637208697528229,-0.4156235019125239,0.5628984361431496,0.6524970874005896
-8.05796875,5.4751562499999995,-0.9182812499999999,0.22263464807490657,0.2863727476313651,0.43674418530581205,-0.5867448712265985,0.0072152816951610264,1.2830292334406344
-8.141718749999999,5.419218750000001,-0.9450000000000001,0.31956784631504703,0.4484567450138725,0.9244812734717778,-0.26343303600724677,0.6305182880526579,1.2050441818615736
-8.0759375,5.5170312500000005,-0.78515625,0.2720450258573936,0.273122452433771,0.6358950193121011,-0.8723434521798806,0.3321853246507424,0.9693392765913554
-8.0453125,5.481875,-0.9059375,0.2347336838712118,0.3686117325520174,0.5209778028800747,0.15173115499365308,0.44966414385412506,3.4390077526598453
-7.905156249999999,5.7409375,-0.555625,0.35509238317082703,0.3868572037506217,0.3114777028536714,-0.49655649443405653,-1.0676651479697534,0.4142322202902067
-8.0590625,5.5328125,-0.751875,0.3508013983634472,0.4521389054745787,0.527615138500593,0.18328651305770358,-0.1716212827665713,0.40047584152980903
-8.1109375,5.438437500000001,-0.91421875,0.21272575324522885,0.40190257973015053,0.6130120428249656,0.3270971799933999,0.8068426649952299,1.2874205632417222
-8.012968749999999,5.5340625,-0.788125,0.3451027006898635,0.4383125267360608,0.2786567949557304,-0.16435729922867645,0.31489927287082364,0.5083512052772474
-8.07125,5.44015625,-0.9187500000000001,0.3139491399892664,0.3758469277324713,0.48566159772005857,-0.5338640934687043,0.4233948147999544,0.7494136464799206
-8.07484375,5.44046875,-0.90828125,0.2700057417647585,0.41882435790368916,0.5417551184792234,-0.3136753748364824,0.299687366027972,0.8621386424523737
-8.01265625,5.52421875,-0.8971875,0.1752519809757866,0.22946135763661277,0.29753397258758535,-0.2992130392341305,-0.36391548637947246,0.4307733395045474
-8.08515625,5.4117187499999995,-0.911875,0.3222479256503251,0.3920720385317442,0.4423441639436424,-0.611547781109539,-0.4786326893392274,0.7883979506399132
-8.1178125,5.45578125,-0.754375,0.3149130274278122,0.4113271382348088,0.6845022712708848,-0.5428156108316676,0.2707095498114464,0.6821980484249067
-8.04328125,5.523125,-0.74265625,0.3069153725352276,0.3998080594172659,0.47120935563286254,0.10933162795868714,0.621616627722095,0.3528359840890969
-8.0603125,5.47015625,-0.8390625,0.38867953038943276,0.3094677496701999,0.5052806112386957,-0.28669934578879663,0.21390213594708096,0.7985058240115309
-8.09015625,5.522500000000001,-0.7946875,0.33833458009186324,0.2964371771556328,0.6308029821931329,-0.3228804575634825,0.07685332763550591,0.8141815317051224
-8.044374999999999,5.54859375,-0.8196874999999999,0.286104630118074,0.2903062347951513,0.5735905790228341,-0.5498818669654189,0.2932818059144125,1.1491089550963347
-8.089375,5.434218749999999,-0.8746875000000001,0.2673941087140851,0.42031909265275774,0.4847001932573887,-0.10144255418999627,0.5061360493578837,1.267717740218304
-8.01921875,5.64,-0.65125,0.453080789869133,0.6112359405336044,0.5477610678936574,0.0034530505506991374,0.37714177025928775,2.565977864472115
-7.942343749999999,5.7084375,-0.46203125,0.26445546758563615,0.3259899286691999,0.4160009753876035,0.14533997617500985,-0.11159298216368096,2.3740510485115753
-7.99328125,5.66609375,-0.5253125,0.4196689718080639,0.4713829957804349,0.2603841438024789,0.07895523338331009,0.5760980683627805,2.3027506328837166
-7.93203125,5.745781249999999,-0.42687499999999995,0.33336906953620865,0.35536866722945276,0.42623304585050653,-0.6194894791393368,0.6845769713102543,0.7535131194159683
-6.49640625,-0.31249999999999994,4.670624999999999,1.1609039678030812,4.4254516012493,3.6756674032582164,-0.5360045304875394,0.6745851060816795,-0.68491590534681
-5.6537500000000005,-3.40125,7.41796875,0.22020232174071197,0.1561599740650594,0.15385849512925023,0.39545470336527033,-1.0209273022018437,-1.5312245961960689
-5.664375,-3.4884375,7.348281249999999,0.2390663806874568,0.22229076362671937,0.12748228660656158,0.881926636536786,-0.3840100960630464,0.7130576802814169
-5.9204687499999995,-3.42484375,7.226249999999999,0.3084255870926365,0.24209368142505802,0.18780392035311722,-0.0843307297081504,-0.7033057364887735,-0.2562311088125688
-6.223906250000001,-3.4153124999999998,6.9595312499999995,0.07182046164525481,0.055592511579798345,0.059802531496898285,1.8628494699663403,0.3477614853506574,0.7509430607576387
-6.2271875,-3.4284375000000002,6.943124999999999,0.03882930393079445,0.044060283632201096,0.03468046099751274,-0.3441856934517424,0.1343321918207995,-0.11072882407115826
-6.1590625,-3.43953125,6.986093749999999,0.11026557075420229,0.062385637557353796,0.07079056230132313,-0.11564448717567402,0.08151650191860572,-0.09041094595158061
-6.144375,-3.3362499999999997,7.046718749999999,0.08058138355104119,0.08163370933627855,0.05132782771983939,-0.30579128274899214,1.367401122635454,-0.31509574917987015
-6.272656249999999,-3.48453125,6.8875,0.2993547341131213,0.31734705808221625,0.17402406442788299,3.151652178275063,0.8187024803133967,1.0021288831538275
-6.578906249999999,-3.58484375,6.561406249999999,0.17312492949005784,0.11817614220280465,0.14264101780672178,1.8998475743480678,-0.46905006194142485,1.5635406944775598
-6.65125,-3.6226562500000004,6.498906249999999,0.04021426985536365,0.04078304593746655,0.044056681796720704,-0.19118600995998777,-0.21595867202432203,0.21244637135842998
-6.6625000000000005,-3.62984375,6.489531249999999,0.034820970692960404,0.04147635574562339,0.038341788865903226,-0.3230811713779383,-0.38555038689241133,-0.2119754258404317
-6.647500000000001,-3.61234375,6.4865625,0.029685855217594908,0.044956304740686896,0.044483801475930534,-0.4515367746994085,-0.15145152498828934,0.3455365768350147
-6.626249999999999,-3.6360937500000006,6.492812499999999,0.07783195038029053,0.07645703833485516,0.07157750934301914,0.8749828911521145,-1.177829601807213,0.3026002447111905
-6.52859375,-3.5296875,6.65640625,0.21011802626366324,0.21747822268850275,0.22473155644220844,1.3798568867549277,-1.5970704398386468,2.2237329510429276
-6.66421875,-3.2971874999999997,6.62265625,0.2502424117699426,0.21292948326558722,0.19781021671273077,-1.4470056330449665,0.12324476346122046,-1.7130405715191062
-6.5962499999999995,-3.3364062499999996,6.683125,0.08393635982099777,0.058773058972096275,0.05581428468591185,0.06246217550101692,-0.0646046316858486,-0.4585825060643701
-6.5746875,-3.3459375,6.724687500000001,0.07584871352732361,0.06981490595675119,0.06533492438007416,-0.03715697233509909,-0.2077343306154471,-0.21661486703121247
-6.47609375,-3.27796875,6.840468749999999,0.1932341292601736,0.17093657163824685,0.16257142360647966,1.5828202673444944,-0.33088245163649427,0.4161804960991652
-6.52265625,-3.28234375,6.79703125,0.16291525967796103,0.17612799134702437,0.13699543431602926,-0.23170008031234085,-0.9803110628935356,1.5892802790028355
-6.518749999999999,-3.27984375,6.781562500000001,0.03497767144908309,0.0422230752780692,0.03401372654899774,-0.1218620888896826,0.22200245309574354,0.3234760893239111
-6.5024999999999995,-3.3060937499999996,6.791875000000001,0.03201562118716419,0.03935484355117553,0.03844131078670439,0.0899903688930895,0.21983729683728803,1.3718812930007105
-6.504531249999999,-3.3040625,6.800156250000001,0.038605767359780524,0.036388474737889226,0.038221892757129276,-0.3368393248124232,-0.13908457844831312,-0.9773736175876317
-6.495156249999999,-3.3190625000000002,6.8060937500000005,0.037582916144672636,0.04519813152941175,0.04598291759922903,-0.14124632861384342,0.22815117966535975,0.5349297984055535
-6.497031249999999,-3.30859375,6.8100000000000005,0.041028941290721745,0.036779205550657314,0.03326033673912502,-0.3475331366016434,0.3195846901775585,0.21912392680755954
-6.482031249999999,-3.324375,6.82640625,0.02937790876555869,0.03521696146745207,0.02991483680278878,-0.10344976848326569,0.30234402264136806,0.18411545290888545
-6.470625,-3.25515625,6.880156250000001,0.10389109381944141,0.2253399666857557,0.09133544266021539,1.6486394231757953,1.6503870836906256,0.9313607261768104
-6.66,-3.2682812499999994,6.6976562500000005,0.133486890742125,0.16741186755555146,0.09604266935033356,-0.7144656590502577,0.9659372738355677,-0.3193249193119729
-6.5865625,-3.27921875,6.762812500000001,0.06768998148729258,0.07351242853040225,0.06236156543697406,-0.09031265115914414,0.1530912901995563,0.16419488703256288
-6.5871875,-3.2776562499999997,6.781562500000001,0.08301861142990774,0.07855615402969715,0.06878905140899957,0.40675199938050816,0.00687157109220403,0.19844995400738175
-6.617968750000001,-3.31296875,6.7578125,0.11486649434642594,0.09950941675759892,0.07993100051763387,0.8122762621200006,0.34306947652661446,0.6959531173949871
-6.722812500000001,-3.256875,6.6515625,0.11086969759023425,0.13005858055122702,0.11517946255192381,-0.2215402120394393,-0.5655549001202251,-0.5089775410921986
-6.68578125,-3.2967187499999997,6.679375,0.08583786838241914,0.09751690057850233,0.07611412073327795,0.5453361909494537,0.4708642738370751,-0.7857486905234193
-6.6918750000000005,-3.2614062500000003,6.6878125000000015,0.05570219362825859,0.07430652704128686,0.04604579072781794,0.12380421643498944,0.8294619256808985,1.1688560918981048
-6.665,-3.2824999999999998,6.699218750000001,0.05309190145398837,0.06247499499799901,0.04934903391594925,-0.33890946872364575,-0.24346009367420396,-0.7316657324872483
-6.67734375,-3.28921875,6.693125,0.06622032796609746,0.060293674199185285,0.047986814595261565,0.48811208683125085,0.11545996579456652,0.1686081268231996
-6.66015625,-3.265625,6.685625,0.0504198679682673,0.05516665093151837,0.04264222525853929,1.6102509765759703,0.6419883242062534,0.6586979383548316
-6.698281250000001,-3.310625,6.65421875,0.04755111353520029,0.04038389994787531,0.04418726794493534,-0.562040008866916,0.10811654323396803,0.655354189969017
-6.667187500000001,-3.27296875,6.69140625,0.049036617376711535,0.04869162169652493,0.0397989944714374,-0.436219882532769,0.2763939416391079,0.534172837360216
-6.692000000000001,-3.262909090909091,6.663454545454545,0.10976669473354508,0.12049402440517695,0.10110693136599457,-0.6221110773585659,-0.2930161650030789,-0.7457272733742
