1622181868756 0.7556616208594502 0
1622181869345 0.714804934116714 1
1622181869846 0.7916293299824984 2
1622181870452 0.8044290473955962 3
1622181871061 0.8117733060786645 4
1622181871645 0.8034994429269465 5
1622181872130 0.8229329369618983 6
1622181872535 0.8228383050263344 7
1622181872950 0.820965070081567 8
1622181873350 0.8493684722676617 9
1622181873761 0.8557991446479081 10
1622181874198 0.8349485240977218 11
1622181874597 0.8481388630119242 12
1622181874982 0.8538551067351852 13
1622181875379 0.8457475677791336 14
1622181875781 0.8430787587773251 15
1622181876205 0.8350727353860412 16
1622181876610 0.8482861727642536 17
1622181876992 0.8396576580029412 18
1622181877411 0.8477022943939371 19
1622181877835 0.8572906264181523 20
1622181878238 0.856303421389563 21
1622181878621 0.8499230753895625 22
1622181879020 0.8570020892152458 23
1622181879433 0.8359291911984998 24
1622181879816 0.8599508086183894 25
1622181880214 0.8638692387124448 26
1622181880605 0.8639119129685149 27
1622181880981 0.8700403211878421 28
1622181881375 0.8504077406429368 29
1622181881819 0.8596045448162657 30
1622181882233 0.8744255724051433 31
1622181882625 0.8585252560477525 32
1622181882987 0.8661540403386614 33
1622181883379 0.8659680629883216 34
1622181883771 0.8654331497019421 35
1622181884161 0.8565786719502488 36
1622181884564 0.875964353019662 37
1622181884951 0.8614215060493013 38
1622181885338 0.8703581491713194 39
1622181885747 0.8513273198613459 40
1622181886159 0.8584528569567198 41
1622181886561 0.863031317746434 42
1622181886948 0.8689817207643963 43
1622181887339 0.8719700962277332 44
1622181887728 0.877156361722569 45
1622181888118 0.8665818917773501 46
1622181888651 0.8757415641915692 47
1622181889029 0.87119288298073 48
1622181889576 0.8622985398799888 49
1622181890015 0.8584027623661511 50
1622181890511 0.8744995274922082 51
1622181890887 0.8772949618744595 52
1622181891303 0.8703948999557899 53
1622181891700 0.8760309148425555 54
1622181892091 0.876931474555809 55
1622181892467 0.8773837531234232 56
1622181892849 0.87417629503993 57
1622181893234 0.8770351554000583 58
1622181893643 0.8798024083235032 59
1622181894054 0.8824802314808003 60
1622181894447 0.8756187528011243 61
1622181894860 0.8616759362277345 62
1622181895230 0.8815515507801348 63
1622181895646 0.8840440954023209 64
1622181896033 0.869160843053603 65
1622181896405 0.8859955372853077 66
1622181896778 0.8815025655529343 67
1622181897150 0.8838073781905146 68
1622181897551 0.8783632567617825 69
1622181897950 0.8731108346114108 70
1622181898340 0.8810390401934957 71
1622181898732 0.8746411532454847 72
1622181899121 0.8834381047003543 73
1622181899515 0.882553009140375 74
1622181899933 0.8887762096439644 75
1622181900329 0.8563360853589597 76
1622181900726 0.8822261758283884 77
1622181901116 0.8721740898446961 78
1622181901516 0.8741628887169081 79
1622181901915 0.8806142108198541 80
1622181902317 0.873012726766778 81
1622181902712 0.8678318226043431 82
1622181903114 0.8787603069455638 83
1622181903511 0.8839970939017385 84
1622181903938 0.8756736226764709 85
1622181904346 0.8881765691734237 86
1622181904745 0.879817086459593 87
1622181905142 0.8876797626147774 88
1622181905539 0.8741527426625585 89
1622181905945 0.8836681863120569 90
1622181906348 0.8772493023867383 91
1622181906741 0.8792091017964275 92
1622181907159 0.8858667435605563 93
1622181907564 0.8772785306781211 94
1622181907994 0.8867638237035901 95
1622181908516 0.888458323151414 96
1622181908937 0.8760000506685522 97
1622181909343 0.8790909471818046 98
1622181909794 0.8814381119635228 99
