2.030859375,9.510546875,2.7765625,2.5147359538775853,3.3925723805362993,2.4622015801095065,0.08812194427730663,0.054043897504847685,1.8542874847836497
2.529375,9.5315625,0.41312499999999996,3.0087945961589004,3.444564884872072,3.515282205509964,0.5889018333483266,0.176736461650717,1.556432709246181
2.7506250000000003,9.333124999999999,0.37492187500000007,3.563516028359491,3.5135760696013114,3.618809152386526,0.8709517502144116,0.3773778292049787,1.9026404474595322
0.7178125,9.756562499999998,-1.677421875,2.8660319197182282,3.899003966860479,3.83238263153896,-0.6165175642748892,-0.16776831684495305,-0.4607092766422823
0.44140625,10.022109375,0.85984375,1.951220264978031,3.2990303149997136,3.1512266917957423,-0.28217430673236216,0.2738718069340937,0.9712554587868291
-0.40812500000000007,10.05046875,-0.507890625,2.4054410166069338,3.5744439819744604,3.564338922828062,0.024746085461634336,0.10348872146247455,0.3790034980241837
-0.1896875,9.976328125,-0.5207031249999999,1.9118544406789315,3.6651585639074313,3.1102512417592947,-0.5231104800429915,0.21492675520343685,0.2504095987258084
-0.15421875,9.875546875000001,-0.21531250000000002,2.551655899048388,4.1937002248524795,2.740886015934218,0.0013496981039133303,0.14450919026003764,1.0726951691519993
-1.36125,9.818671875,-0.19843750000000004,1.933103075368719,4.330800187879139,2.633255600695411,-0.6913915266813901,0.3650918846876181,1.3683444916240226
-1.459296875,9.8146875,0.09148437500000003,2.5175940845110905,4.093968302862609,2.164064856440504,-0.16748551104420709,0.1127390752808239,1.0166647235290045
-0.9401562499999999,9.955312499999998,0.45320312500000015,1.8629932167310588,3.9878046391271162,2.798264510592277,-0.4447358228342297,0.4627448561726633,1.406970954566506
-0.7630468749999999,9.947343749999998,0.489921875,1.811110484013257,4.065718625819541,2.56954868851448,-0.53007578661413,0.4164973848311865,1.5874045481317842
-0.520546875,10.034296874999999,0.38749999999999996,2.1519984565927865,4.194170188263136,2.5819103271608794,-0.3685401753294698,0.3046937703873215,1.6529644852424028
0.19382812500000002,9.95359375,0.42046874999999995,2.6976422347503726,4.636321739532422,2.5618745759254957,-0.41075960737446054,0.16404877941915838,1.7645733757043103
0.42804687499999994,9.811640625,1.252421875,2.058357984305144,4.3590385223807795,3.3518410859960954,-0.7463889643701791,0.18830896984996306,2.0103123767125846
0.11921875000000001,9.8553125,1.31109375,1.7648240924093364,3.826526643359974,3.249024669606394,-0.5826876537409031,0.05107228633468473,2.4365018937837535
-0.21609374999999997,10.010000000000002,0.06421875,2.2267097484205114,4.0205291551610465,2.9925171285472096,-0.5766094564241071,0.3037882136751594,1.0054310187157043
0.9875781250000001,9.884296875,1.4490625000000001,2.1274305019839037,3.9706402356062473,3.617136176741726,0.26267683324349356,0.16930859393027614,0.8404410906323136
-0.6246875000000001,10.026250000000001,0.714921875,1.7071874427969969,4.2187631481276595,2.8834221736326584,-0.481340568231943,0.053858319302256916,0.6718886294538733
0.11843749999999997,10.007421874999999,1.1661718749999999,2.0168804956153825,4.662678489561712,3.5149277911087995,-0.37896876008389074,0.23581969063172664,0.7321047421214432
0.37460937499999997,9.81984375,1.3784374999999998,1.7665750330546703,4.14568129661289,3.6246981420655913,-0.07896967915668894,0.1446575114241155,1.5714608361510893
0.5323437500000001,9.801015625000002,1.930859375,2.097819732921763,4.2192747525203735,3.3454881060503876,-0.012941573851558088,0.1344389315725114,1.5774751357249233
0.24578124999999995,9.812890624999998,1.28859375,2.0064063838486055,4.368110495458775,3.386609369629296,-0.18067119916130944,0.23717323248354333,1.5653748039297226
0.3240625,9.8978125,1.4709375,1.9301859680076814,4.140574186008958,3.151195318223507,-0.12892719527722055,0.14419436620179688,1.1780356444399738
0.383046875,9.94921875,1.6543750000000004,1.9311806454349978,3.774682231943298,3.1932244552920173,-0.028980294794724713,0.33824488199239383,1.6732591404665063
0.016328125000000027,9.918984375,1.5487499999999998,1.5123971406624597,3.304940629157483,2.9592144227818302,0.7280961742733125,0.30439907957736445,2.025669289064829
0.058828124999999995,10.07421875,1.6502343750000001,1.3758722353325488,3.4251148724748544,3.006395907281401,-0.29662591252321374,0.2565785518586461,1.4853588649920901
-0.068359375,9.862031250000001,0.6719531249999999,1.8420576034965925,4.418138811934663,3.8183999550273326,-0.37338037836449434,0.23572114602333172,1.7086350014588338
-0.313203125,10.017343750000002,1.1448437499999997,1.8905550332482348,3.9764850772178106,3.042996822720316,-0.5150623470464305,0.2501018765915018,1.7435408218621964
-0.05414062499999997,10.00921875,1.170390625,1.5973041386895013,4.025205664267161,2.874273387077525,-0.28106446575887806,0.19790801060059965,1.9668732226780556
-0.15281250000000002,10.050546875,1.572265625,1.5409108190754424,3.424510984385615,2.976946898366405,-0.746342208842998,0.3218707417509308,1.7581858369687338
-0.391640625,9.96140625,1.14375,1.5673503603532968,3.7595552709011923,3.173011680564697,-0.4488498511601099,0.0441276644671469,1.7548708002602287
-0.17953125,9.92390625,1.379296875,1.6690968082389461,4.2205639127030095,3.8275214694845587,-0.14785614215044407,0.2361244565006887,1.334782347567626
-0.236015625,9.965390625,1.4928906250000002,2.1784822482650297,4.069324825436292,3.935183674307606,-0.04488371782576539,0.1685490859394798,1.1691370356561313
-0.7036718750000001,9.952109375,1.8114062499999999,1.8702923698138707,4.20141301609198,3.824585707623891,-0.18679077604690467,0.18704725604642541,1.367574116474125
-1.021796875,9.796953125,1.364140625,1.8391053504327137,4.50336290290964,3.563427845695014,-0.1873513414945155,0.24578539790413662,1.4806532387937235
-1.267890625,9.9459375,1.6125781249999998,1.5207798432998478,4.517118384113234,3.361740677762264,-0.40013236803952434,0.14745815558284076,1.6274103187318143
-0.7785156249999999,9.696484374999999,1.5110937500000001,1.835609184407416,4.8305731398179725,3.4946468514301894,-0.9227566036298569,0.1456939977527021,1.4708216666090117
-0.12335937500000001,9.90890625,1.37546875,1.9295956819628328,4.071312410170821,3.4651287086879528,-0.7023329683295715,0.2909028466948405,1.249045596335713
-0.5331250000000001,9.89109375,1.46609375,1.7512762087617704,4.1820963706867085,3.4285616140315947,-0.4076624914534849,0.2681839134840394,1.341925550862018
-0.442890625,9.858125,1.3532812500000002,1.713606007965982,3.819793586946158,3.3693169999123618,-0.4504529698131007,0.26999020668637264,1.5873572016159698
-0.23945312500000004,10.13640625,1.2410156250000002,1.9057972038435083,4.248292622920523,3.4728952348517312,-0.7016885281217583,0.17904950445093426,1.4998494501266577
-0.13773437500000002,9.781171874999998,1.165703125,2.331504749768561,4.720331625845687,3.297116563091944,-2.309399289319535,0.1498637939364274,1.6275349425897525
0.11187499999999996,9.899999999999999,0.8242968749999999,1.5857119605637715,4.254735596955467,2.719109942723029,-0.37451328260976324,0.2554312734293092,1.4748959638305874
0.142890625,9.895234375,0.861796875,1.5482157837449888,4.086300658305549,2.7420648109572894,-0.5389200005934807,0.1977022215022608,1.894016651177046
0.04523437500000001,9.927187499999999,1.0625781250000002,1.3851257641703005,4.213627990205561,2.888619979249864,-0.48982177727797444,0.1771407236026914,2.3372723228812813
0.056484375,10.052031249999999,1.175859375,1.3254849288584383,3.8706446005831427,2.507188579659418,-0.951128583026932,0.29711761423542593,1.395323662139674
0.23609374999999996,10.021328125,1.4257031249999998,1.4436446034987065,3.8597980782463197,3.122279987143247,-0.598133269432644,0.33612692521500903,2.1554533015450277
-0.0012500000000000011,9.81015625,1.403828125,1.7071851832768463,3.7258514094882984,3.205614001514996,-0.4551262649184488,0.3528392686339394,1.8240385222681244
0.37312499999999993,9.98453125,1.4323437499999998,2.0232746314761623,3.3792186271789872,3.1755143491780884,-0.3866495850561168,0.35768892990573303,1.4808521084024335
0.19046875000000002,9.930859375,1.69125,2.052389940477549,2.766821570904891,2.9441833545144567,-0.18993456518849086,0.4655852574619166,1.3017160513020962
0.44765625000000003,9.824765625000001,1.3309375,1.9050559721005411,3.4722216782009125,2.922458414348055,-0.12680067871720294,0.3005705432185921,1.1847223191576062
3.9596875000000002,7.338671875,-1.202578125,3.935804384410352,3.8371352373657595,4.324199753656332,0.3609235212062941,0.36618101637985684,0.2193646511141331
8.335156249999999,4.337265625,-3.145390625,2.9655506403678116,1.9145649452142801,2.4097085217743888,0.58646305733577,0.6952860191791859,0.2136994027908549
8.389062500000001,2.9303125,-4.501484375,3.1793956868552473,1.6103250533180407,2.5277225698998023,0.4426596297016161,0.8708964193769609,-0.24348974261118886
9.28515625,2.4834375,-2.8619531250000003,3.5703094194461547,1.6078666171650402,2.673070290705565,0.45331143862011847,0.6683930154086606,0.3747930512269651
9.412343749999998,2.99609375,-2.13109375,2.957150889257418,1.4688288459554903,2.306119316885173,0.260042415384279,0.5547696983403234,-0.21831121183297875
9.381640625,1.109296875,3.4261718749999996,3.0479846767330723,1.3921617540233011,3.196266650595501,0.312482282511929,0.8661505852183065,0.2232188996311412
9.07453125,2.937578125,1.998203125,3.2094498796948736,2.2323707780679007,3.1715981858505082,0.8296883997963853,0.712447405453774,0.5053869246597268
9.5,3.0239062499999996,0.916171875,3.1988982478347134,1.602238782519927,3.189697801392631,0.43833077327764775,0.3183470984303673,0.8050224011136303
9.66625,3.191953125,0.29890625,3.0876414441285114,1.6496590834329177,2.597361111053089,0.39679122797821964,0.5192333342250879,0.7425857553252233
9.455625000000001,3.306328125,1.2067187499999998,3.4159460050438444,1.7338017616163575,2.5780519260477353,0.2632704677561558,0.3685228829789803,0.254440583962288
9.5125,3.50703125,0.8151562499999998,3.177254366981026,2.012969417061133,3.2753439667592072,0.4594024998693997,0.8194528379768383,0.9673889859959928
9.143281250000001,3.9135156249999996,1.789375,3.401093139844664,2.005010360729056,3.0574465321367437,0.31282807337491525,0.8591977351426989,0.7242908913024763
9.559765625,3.065546875,1.372109375,4.049544817176168,1.7778251322691256,3.6500294631395933,0.5363823998963987,0.541123802972026,1.3012569454260552
9.532421875,3.3688281250000003,1.3532031249999998,3.6967802177396867,2.030739405477469,3.134299895309993,0.4432591971264748,0.6145241663819936,1.120506415491078
9.358203125,3.8160156250000004,0.4128124999999999,3.5487980873797587,2.211697008183051,2.5731980762941182,0.28925098188592124,0.6869264278375706,0.011182194090190169
9.455625000000001,3.540390625,0.6378125,3.8131834940604414,2.150209438325046,3.549391879582156,0.40068861413495804,0.7490585897287945,1.2003849355867513
10.023046874999999,2.15375,0.511015625,3.8752549429428167,2.171543230055529,2.8372207571417243,0.35754491334897553,0.6571352181470663,0.6835097680336828
9.917265624999999,2.57734375,0.46406250000000004,3.9431789829962525,2.1214225343707316,3.185161749596675,0.1980515533076899,0.4733980129919092,1.0083234813300004
9.8653125,2.42046875,-0.126328125,4.104164222450626,2.230204187462089,4.165837039069578,0.530309431246015,1.460070798075178,1.9180474610126146
9.55546875,3.0035937500000003,0.6139062500000001,3.6986441475591345,2.4350313570796036,4.301728619544814,0.30672106325821136,0.8912993508216465,1.4645078612109368
8.554375,3.8942968749999998,2.6038281249999997,2.7716524713381725,1.2755095082417984,3.5519726299915355,0.6000392521193054,0.6960387860672906,0.4540034728942688
9.027265625000002,3.5395312499999996,2.1176562499999996,2.917288637064108,1.176147617339523,3.3354299489475023,0.6253768490539042,0.77626942142489,0.7367691787132645
8.82234375,3.4000781250000003,2.89265625,3.059332669363686,1.3238110798548577,3.367676425495172,0.38726519928871456,0.4856523061056288,1.1516693789984096
8.561874999999999,3.900390625,2.98171875,2.687597599971953,1.2234329277333145,3.570478808353081,0.6743343310644258,0.32081777961041047,1.0609412366522224
6.947578125,4.22109375,5.60703125,2.930796272478093,1.367966804681655,3.3572836768023397,-0.5336330989402793,0.9646933418911194,0.32626571636137763
8.74265625,3.9660937499999998,1.7219531249999998,3.013114689459387,1.6652408020196172,3.9611920275407924,0.3166791963259857,-0.019269400791868712,0.967901044972355
9.868984375,2.86671875,-0.03968749999999999,2.7596203429558677,1.6642214346049138,3.5582314202204093,0.5000286241526045,0.045216974584075,1.5130889687842304
9.720078125,2.844765625,0.41937500000000005,3.0900426008627266,1.5409290850225261,3.2487607613326963,0.4086432260571016,0.5982268810277783,1.3914693540049528
9.389921874999999,3.286328125,0.5057031250000001,3.714109814295545,1.7332704235300342,3.8309401758074,0.282705067008393,0.5708643261937716,1.4278057978519785
9.810546875,2.7072656250000002,0.10804687499999996,3.382500302243554,1.7659327009949615,3.827942099425321,0.46121318133094585,0.593280536511302,1.8645869885616488
9.616484375,3.11328125,0.356484375,3.1954219180150307,1.7486423793613255,3.40711585092595,0.2809368308080476,0.5710850287021992,1.3035326303346562
9.725390625,2.952421875,0.30195312500000004,3.247023132410995,1.4774877041016228,2.8483100961890955,0.09618983677598522,0.7503161640116577,0.9999660750457163
9.776328125000001,2.79,0.06007812499999999,3.3768242456610005,1.5842728024238755,3.1867149759033175,0.1520014100530269,0.756221186287036,1.100240955224819
9.74265625,2.7135156250000003,0.328125,3.3009367714841096,1.545778318236758,3.7457481625003832,0.45402735120274934,0.1718153041612976,1.4171619835446425
9.804140624999999,2.6732031249999997,0.44218749999999996,3.396541790774053,1.752875732543592,3.4508689887249777,0.3416019287185153,0.38045753850639835,1.2224439342138977
9.751171875,3.04484375,0.635390625,3.390722549539992,1.754416740853192,4.154100365592063,0.4732274013935518,-0.0909090460033837,1.7750657024057501
9.844531250000001,2.2337499999999997,0.08320312500000003,3.2240945578213798,1.8232401617724419,2.9534103522436963,0.34193388285726656,0.3267975218556608,1.9712557278635467
9.57203125,2.9642187499999997,-0.788359375,3.0897593857003556,1.8877800327761807,2.9816359229623606,0.39187717962277013,0.9246227965848679,0.587611014166415
9.682500000000001,2.7575000000000003,0.06195312499999994,3.3505568567030766,1.5331207959583615,3.7854154863175498,0.40960818136622734,0.42837038924532334,1.7152718543867105
9.563125,2.4375,0.10671874999999997,3.573696823231512,1.7287075193623704,4.3680777575380265,0.4072956843078305,-0.2866229417477079,1.769572425131019
9.4646875,2.894765625,-0.515625,3.435820484592254,2.122088433611653,3.8732481423057576,0.6119680787225038,0.8777522514673379,2.241978617780496
9.770078125,2.511328125,0.19234375,3.148078157804613,2.3073667252593344,3.795833135733964,0.4451627962459845,0.6703380104143999,1.801384158345397
9.251718749999998,3.7990625000000002,0.7720312500000001,3.241066112546678,2.2348977316856695,3.903769684423434,0.3703927344811014,0.8219746292186866,1.0153877850563253
9.431328125,3.392578125,0.34257812499999996,2.894850592834453,2.280447888468729,3.826682686678043,0.20425271609356313,0.6314453625526576,1.1078572387080252
9.049296875,3.8009375000000003,0.32328124999999996,3.3261549177489065,2.475548057217583,4.276156844457232,0.48926776384613774,0.9049610132251346,1.1558988414894122
9.049531250000001,3.9625781250000003,0.7096874999999999,3.2321913182504276,2.2189159255189197,4.134584686198089,0.47902129219120193,0.758250271162367,0.915862119027572
9.274921875,3.459140625,0.284375,2.976763656875783,2.1901715926439667,3.8704462658555276,0.25979967047018676,0.7868211850522564,1.267548856530505
8.993125,4.043046875,0.610625,3.414090460411821,2.591246550466152,4.164792114784962,0.5931081828481041,0.5754612682812799,0.9966142783006099
9.02552845528455,4.302113821138212,0.8326016260162601,3.436729917467048,2.3457764336090605,4.024980096380294,0.28290053969566537,0.7539673825383842,0.9214402362529113
