1617074121639 0.4744191625592915 0
1617074132524 0.5880213936129202 1
1617074142827 0.6911590629659946 2
1617074155086 0.7559341483018818 3
1617074166275 0.7803969645180188 4
1617074179375 0.7981928409184778 5
1617074189631 0.8169050004289161 6
1617074200835 0.817721674027631 7
1617074209726 0.8349698041478478 8
1617074219299 0.8319797922362929 9
1617074229919 0.8441849792589178 10
1617074238982 0.8371367101034211 11
1617074250313 0.8492097490342047 12
1617074259268 0.8450653113460194 13
1617074269580 0.8571878269485597 14
1617074281384 0.862244972001363 15
1617074293859 0.8562907428507681 16
1617074306241 0.8639092683981 17
1617074317990 0.8648019893403399 18
1617074331082 0.870017319359354 19
1617074343701 0.8680827970695425 20
1617074353754 0.861727437781692 21
1617074364919 0.878617168672821 22
1617074374736 0.873916399391136 23
1617074386006 0.8650636262813234 24
1617074396721 0.8710668263947356 25
1617074407525 0.871586223897046 26
1617074416264 0.8794610918551525 27
1617074426761 0.878365500590621 28
1617074436261 0.8724735912044247 29
1617074447368 0.8968653787614604 30
1617074457537 0.8798805736286552 31
1617074466946 0.8949033883524825 32
1617074477331 0.8944619505089209 33
1617074488760 0.8749835818508751 34
1617074499411 0.8888682351773245 35
1617074510920 0.8912586314678859 36
1617074520564 0.871338778678097 37
1617074531478 0.9043753505841985 38
1617074541963 0.8953254985635996 39
1617074553580 0.8999639282922997 40
1617074564550 0.8940628836290269 41
1617074577108 0.884731956686686 42
1617074587089 0.907107350693821 43
1617074597670 0.9058892667787986 44
1617074610504 0.9092176053928234 45
1617074620547 0.9004622536110449 46
1617074629869 0.894303912896014 47
1617074641918 0.8821810017106295 48
1617074651693 0.910125077720768 49
1617074663963 0.9088971664503555 50
1617074675339 0.9015131193256654 51
1617074684659 0.9069999183243147 52
1617074695411 0.9046174785177309 53
1617074706229 0.9092348593069551 54
1617074716720 0.8979770297361493 55
1617074726685 0.9093461361066061 56
1617074736819 0.9111889493199872 57
1617074745412 0.8924364665145921 58
1617074754924 0.9105038753381612 59
1617074766206 0.9152700429038706 60
1617074774859 0.9184590511635794 61
1617074785332 0.9143166017450127 62
1617074795161 0.9149787908431946 63
1617074803888 0.9143750266522594 64
1617074813463 0.9225562060575959 65
1617074826021 0.9120471543896419 66
1617074837856 0.9190847468027276 67
1617074847644 0.9159818809433989 68
1617074856832 0.9175563370851493 69
1617074866312 0.9150090437086978 70
1617074877515 0.9067328385387221 71
1617074888012 0.918918319612461 72
1617074898885 0.9149591594098365 73
1617074909429 0.9207063676793396 74
1617074918439 0.9156000576611278 75
1617074929132 0.9207798263790867 76
1617074938201 0.9189351554774251 77
1617074948310 0.9201971809598937 78
1617074957008 0.9134090713290669 79
1617074965270 0.9084213031883819 80
1617074975752 0.9183842473232754 81
1617074986426 0.9138147076641328 82
1617074996366 0.9197137521690797 83
1617075005326 0.9184919419165526 84
1617075015781 0.9210549600916125 85
1617075026090 0.9213569884042903 86
1617075036935 0.9194997055842321 87
1617075046892 0.9258980388432028 88
1617075058023 0.9234744724094929 89
1617075067158 0.9232017422324625 90
1617075077411 0.9226828040398004 91
1617075087129 0.9187899108634812 92
1617075095433 0.9257302191853245 93
1617075103670 0.9169191430605894 94
1617075112982 0.9255325331838147 95
1617075122197 0.922225835961324 96
1617075132645 0.9222786045938894 97
1617075140958 0.9220837442658689 98
1617075150910 0.9196864351698265 99
