-1.5337500000000002,10.217343750000001,-1.8457699255625002,3.525891509604344,4.655653902174853,3.9794824794216095,-0.1703505317188207,-0.28487094129583285,0.46655988368035345
-0.2157812500000001,10.41109375,-1.2220005613437501,4.1539656521989246,5.360925210839164,4.425255019449001,0.14108270843240975,-0.5162657718611505,0.766724986094898
0.35906250000000006,9.842500000000001,-1.9030179382812502,4.535730963262013,5.617324207307248,3.714959538883334,0.016499671205830915,-0.40098319465353877,1.3340809322801022
1.2571875,9.924062500000002,-1.7155253503125003,4.589346518279454,4.926776240209591,4.272800319701666,0.32221145168750764,-0.3646066721659464,1.8577333739659685
1.16265625,9.9353125,-1.56208361015625,4.611603653484972,5.323029555839771,4.213127934917959,0.7166470748177832,-0.23953644346230699,0.956418304222483
1.3440625000000002,10.08265625,-1.6816873380312498,4.661665380643891,4.981154560625071,3.924381489395959,0.7017305858462439,-0.30523839840956646,1.3950791286106106
1.7100000000000002,9.9471875,-1.61890599296875,4.950258515976716,5.359688793656191,3.9806943159373533,0.4448449133741076,-0.25136662563632006,1.4061988454501635
1.8006250000000001,9.900468750000002,-1.5525068459374998,4.673402425896469,5.289572415873843,4.101166409395821,0.4790418436708709,-0.3478319511244599,0.7581350037364741
1.5584375000000001,9.8596875,-1.51207141890625,4.82986905190956,5.160318536906782,3.9682205074467602,0.5841543160445077,-0.3545765463366472,1.2145382947748433
2.04765625,10.07046875,-1.99155017775,4.7843075982148076,4.777124013752776,4.489501175235129,0.4719456188980102,-0.11164121433052764,1.5476892851709292
1.88765625,11.06328125,-1.15283475875,4.807716369996876,4.858262631424781,3.7405738842355594,1.1773547361541297,-0.4915600716798582,0.31073643102860704
2.0753125,9.98921875,-1.46695402484375,4.860068469409022,5.041484560836068,4.096538712831754,0.72764843786797,-0.07306002973701177,1.2882806245094294
2.0403124999999998,9.99140625,-1.460995118125,4.810534003865241,5.186045237940076,3.9875408944978967,0.6534583755886966,-0.2477028744850975,1.3398064645784906
2.06890625,10.05609375,-1.4071522092187498,4.604182241854783,4.664673962744978,4.0017739157606655,0.43360670776199145,-0.20471761319817677,1.2958100780504067
2.1706250000000002,9.9496875,-1.494194706,4.528743919054708,5.102213970654676,3.8561324924184492,-0.030268787692812774,-0.15134981470204995,2.0895737098667486
2.15234375,10.1784375,-1.64784922828125,4.646273958166472,4.849076980064737,4.143500812754292,0.4734668978340782,-0.27917767823092965,1.280284882011412
2.0425,9.883125,-1.592729391875,4.7354916587404094,4.898579473620389,3.9857162983194216,0.5717515678973427,-0.21304352171542348,0.8027552833303206
1.92578125,9.912031249999998,-1.8383213051562501,4.640695598684365,5.1170808266553145,3.3253476183362096,0.20406424227084152,-0.19179728239018448,1.4116325553896563
2.2932812499999997,10.2915625,-1.38416784475,4.9877418659046935,4.608796351390865,4.061678940255583,0.8614812448239209,-0.2994282352703303,0.8910739199747814
2.1975,10.29453125,-1.38033712015625,4.887404730529282,4.701472485325575,3.913460680495371,0.7339100007218707,-0.11412318693948696,0.5484062446327551
2.1403125,10.00234375,-1.47951026640625,4.774803323420112,4.855526085743536,4.142261687823134,0.7049022881648129,-0.2871646259298767,0.806989504018465
2.3404687500000003,9.720937499999998,-1.6567876212500001,5.021226017395895,5.139176040095704,3.866563073611195,0.548400231066139,-0.0348054070066758,0.9668480142944351
2.17359375,10.02859375,-1.8132088203125,5.144712202588298,4.675756244711751,4.001608489221392,0.563061789798899,-0.05439529741225957,1.3785127585434982
2.0803125000000002,10.00484375,-1.24221828171875,4.770673422310916,5.04187681826777,3.935343075964407,0.5149651208848635,-0.3313708013990457,1.5614618353026037
2.28609375,10.2678125,-1.3294736238125,4.570902064003443,5.113292869066249,3.8565549193193855,0.2004979670768859,-0.32647389827849393,1.6674391354008766
2.2242187500000004,10.01328125,-1.491640888125,4.861632571950336,4.941444644119616,4.21901536577207,0.34247988857529843,-0.2536056929265647,1.3702978162040949
2.34328125,9.900937500000001,-1.3173429931875,4.840830266689634,4.628324723492697,3.997083644805801,0.82305956445101,-0.36247156786345447,0.8588770159869155
2.45984375,10.105625,-1.17134991625,4.565139473563315,4.532807103150872,3.8142270591126413,0.14595536721356275,-0.13064290026352066,1.63042400287949
2.3118749999999997,10.23734375,-1.5265430242187499,4.499948914640587,4.74905623591003,3.6474801711828486,0.49500844624391577,-0.34752825780409596,1.3197919893435173
2.5409375,10.18953125,-1.4835538140625,4.989298459813138,4.683913104208215,4.296558106721439,0.963350993232163,-0.04765806435236699,1.1859712778494442
2.5051562499999998,10.1325,-1.3252173170937498,4.769349402757774,4.724948412416796,3.928135348018834,0.4451481821929703,-0.14954250899416016,1.7171268441575163
2.40578125,9.974218749999999,-1.3971497364687497,4.559454738743268,4.7292671884392865,4.092423519602508,0.0818005806735593,-0.1920052742978988,1.9966908377648473
2.34296875,9.72703125,-1.4094931639062502,4.578262388616825,4.688138183119546,4.144142607065265,0.041759023071140856,-0.149323944378289,1.842172602704424
2.2457812500000003,9.72671875,-1.6461467336562499,5.472494804899173,5.475288535401439,4.6203766631922045,0.22695190223124445,-0.001123165352783096,1.4453173546950353
2.48859375,9.802499999999998,-1.3784217639062502,5.26208842428184,4.774088591029706,4.246538097633112,0.5659998179426858,-0.025602628372174828,1.1942646521472502
2.42171875,10.01078125,-1.4712103760312498,5.222322446325815,4.963782675757314,4.1454367418301405,0.9315853952845382,-0.07666965337018243,1.114716893178478
2.2476562500000004,10.150156249999998,-1.35330926890625,5.086550507891958,4.880127269148412,4.24459099504115,1.0241399254042702,-0.1285292422566848,0.6612621571769437
2.55078125,9.975312500000001,-1.3909780489062502,5.111820647005178,4.800042958385243,4.159184708522537,0.5781107086078104,-0.011221426755088722,1.132032788439803
2.41890625,10.1240625,-1.37650639834375,4.453960357503301,4.499561339296727,4.153097771407128,0.1523554769375191,-0.20951867335272686,1.8284425082282443
2.18046875,10.0896875,-1.5920909561875,4.488498645735947,4.775819618384236,3.6475729534749743,0.40311439739540716,-0.2206722618186157,0.811945456071133
2.9109375,10.54234375,-1.10431224640625,5.051155411991771,4.608206925620412,4.453418523936727,0.5961936718604341,-0.2509410430398514,1.024105422889243
2.4425000000000003,9.7403125,-1.3528835825,4.83852476225967,4.618459892360629,4.12519083438315,0.6491929381291537,-0.0517971009798076,1.5814545666474313
2.26,10.0265625,-1.4167289845312498,4.785829669451264,4.671916502742076,3.6986866379946917,0.9035847989188084,-0.21680745219952105,0.664582791333365
1.8940625,10.28203125,-1.3779961368125,4.383529442252413,4.7267646108647545,3.8143377343832565,0.7732281021771407,-0.37039450964289317,1.4804326348650532
2.3268750000000002,10.200156250000001,-1.2296620159375,4.9667056722112095,4.658107345058284,4.007499799856114,0.3288013768150062,-0.16737231811405498,1.4586840860911277
2.53046875,9.931406250000002,-1.1358093110312502,4.7179532207063515,4.6270842827812135,3.683096647663584,0.4687744470564985,-0.1259795147485975,1.2120033506773682
2.35171875,9.94875,-1.1136762535,5.077210588344592,5.048189805514448,3.9474994341376637,0.3392415093736893,-0.26294604601869664,1.7122487701274016
2.120625,9.8059375,-1.6448697959374998,4.826727629499618,4.693344595924504,3.952695580850981,0.5960979706108173,-0.11646705077730966,0.9598485980512096
2.33640625,9.82359375,-1.5190944162500002,5.092590011228171,5.3527213777162865,4.050643204057132,0.46169117278893723,-0.30356371795036485,1.0162333655038258
2.57890625,10.10046875,-1.2615847653749999,5.120489819461702,4.577628831368205,4.302393316620223,0.6147357036424137,-0.008266114251467675,1.4432938819408212
2.4415625,9.924062500000002,-1.5214354001875001,5.075978113486479,4.7643040279870625,4.113892347582221,0.6313918891979332,-0.09046855400974173,1.3854095623177685
2.386875,9.93359375,-1.14793992015625,5.042939022472411,4.837111214088522,4.30584210693702,0.38812161375116977,-0.19649605025389882,1.7569147276867612
2.426875,9.865156250000002,-1.5250532899375,5.1130454705952895,4.719901015973316,4.183067834772752,0.5000089782580011,-0.037416367231961734,1.149343748317136
2.314375,10.195625,-1.33479409525,4.882551803040599,4.961251062925056,4.116931756821842,0.2463874244056721,-0.12879461807937026,1.7253798135732115
2.5078125,9.8959375,-1.14283230125,5.083876925127491,4.883225662519985,3.847656145050304,0.5462567913734419,-0.03655138307099965,1.381039543926953
2.66671875,10.07875,-1.2581796140000001,5.080890071719565,4.6247569192877584,4.124559363939409,0.7842167736050241,-0.18661848277526233,1.1101123193601283
2.02859375,9.966406249999999,-1.6646618618750004,4.766601864532105,4.804943862571231,3.3186502091724432,0.4117433086331464,-0.13994733543222096,1.3892604895575031
2.70828125,10.202499999999999,-1.15219629890625,5.074512154719746,4.824441677541557,4.112601224261744,0.7223964985800806,-0.2661792956071402,1.1493910675816905
2.37640625,9.79859375,-1.36820651421875,4.93579317561635,4.252508034673296,4.313672637025351,0.23813299485582318,-0.041818346264275115,1.5998794318314395
2.61421875,9.677031249999999,-1.1822036078125,4.862269211967642,4.47847165604779,3.9613764851757027,0.1326037663493495,-0.13753828968939594,1.136004638154155
2.55,9.965625,-1.1668807385,5.284951217844872,4.8174477406999445,4.184118991367091,0.7181975835727791,-0.08016593185849775,1.4244326392900244
2.44296875,9.86453125,-1.3230890802500002,5.171248543536023,4.967591194962951,4.297409120033609,0.40270830106152566,-0.09562161046860009,1.354881667721208
2.3951562500000003,10.14484375,-1.33521973053125,4.939333834191199,4.558299090733948,4.34467870321701,0.7677696987089718,-0.08881435446454378,1.0344452805960453
2.76671875,10.0453125,-1.2392388585937502,4.739775197295589,4.544693667052131,4.043686203595796,0.44644795871162274,-0.09949572002140168,1.3135118956974914
2.511875,10.11625,-1.2522207087500001,4.595453893183458,4.380099706342311,4.0335327213721355,-0.04152161060418858,-0.13473425127317365,1.9099856227279273
2.259375,9.73359375,-1.5759168124999998,4.605373856634769,4.961416244124346,3.4869284541905494,0.4018959494259939,-0.18578799440423702,0.8368481409310301
2.34703125,9.9475,-1.4171546356250002,4.558356570522258,4.687779658324397,3.7068491597516022,0.41478383393797147,-0.24377697199344958,0.7122202363014892
2.5906249999999997,9.86546875,-1.3843806568750001,5.265448364989918,4.988506142150517,4.303550605032176,0.5295612108417715,0.015173000095410488,1.2744154670518357
2.6284375000000004,9.7259375,-1.35735279271875,5.396939879097575,4.53830045238234,4.166438795651268,0.589927518195944,0.0660786813002838,1.0334616416033557
2.7459375,10.147343750000001,-0.7610368766562501,5.770059769715886,5.011136111884802,5.49601686455833,0.5573453026104572,0.01732454261752187,1.1219952519276528
2.38953125,9.8546875,-1.5165405745937501,5.406635226069301,4.837857857806878,4.367692774945678,0.29547116350220665,0.04849795023141903,1.1328017507800594
2.55375,9.697968750000001,-1.695946095625,5.5170373899856795,5.308286028608805,4.2449328350558195,0.3046634470397236,-0.009921241467964656,1.1910867460365009
2.43140625,9.908593750000001,-1.3765063865625,5.338484062443283,4.788687472571262,4.239065713264123,0.3985287803870433,-0.1888472297575041,0.9884523821602813
2.1015625,9.865781250000001,-1.2777589025625,4.733153751315686,5.205954164670338,3.6373149404564318,0.04535746015769607,-0.30842169841317985,0.8197591980142891
2.52296875,9.8821875,-1.12942477421875,4.883281644962068,4.574778501724838,3.9638073673972363,0.5126024452699665,-0.09539067310207629,1.5225412155334932
2.64734375,10.0753125,-1.3492656863437502,4.820837661323594,4.872430402514103,4.1100145689321295,0.23125631047524012,-0.06482561738841004,1.193137871542471
2.3112500000000002,9.80453125,-1.609754833125,5.191760148302308,4.9811400331925455,3.6016669095095093,0.3212237058289409,-0.10071854676172495,0.7303286074265035
2.576875,9.98046875,-1.2051879724999999,5.034808795711611,4.860014284214959,4.128486389725296,0.3594616204143454,0.09790659004001757,1.3623623281944846
2.4384375,10.005625,-1.1592193068749999,4.7344978016251895,4.824009248993518,3.6323804087436176,0.5266275613192192,-0.045801563983820244,1.315133944010233
2.4228125,9.688125,-1.3056380163124999,5.160752872870755,4.557214018386124,3.4748498105746135,0.8358726646466693,0.023380830531105137,0.715802683147753
2.27515625,9.87171875,-1.32159935634375,5.038599133249829,4.791812533728593,3.8331464665906445,0.6690780782403846,-0.009611308842476915,1.1660895938630327
2.1884375,9.88671875,-1.2752050799999999,4.9608937005940525,4.739860577685639,3.5072102174189506,0.6757170212470665,-0.16700073112465338,0.5280695862902016
2.41875,9.946406249999999,-1.24094137328125,5.274178994165822,4.6214497749581716,4.103916731986506,0.3949263250481098,-0.14991394837159702,1.24468569989833
2.32640625,9.834843750000001,-1.1983777788437502,4.939129910466107,4.7833552529146255,3.6966061435055777,0.7051442427203645,-0.006201600003414643,1.2626631265562438
2.4984375,9.89359375,-1.2251928196875,4.976712085663963,4.891106523319742,3.7405236102073376,0.35085760846305636,0.002664958572146801,1.5464641721763528
2.15765625,9.697187499999998,-1.5416531020937498,4.779069516583321,4.766120824616571,3.218332148698243,0.5799589753690934,0.01070325812533879,0.7862831725856299
2.6799999999999997,10.07515625,-1.18220362390625,4.559310871721735,4.497964120086547,4.047252835290181,-0.06757564273124689,0.034134804127325856,1.8718298573429735
2.49171875,10.057500000000001,-1.1270837869375,4.513163231969173,4.588211457093058,3.831393209170744,-0.013400101886818255,-0.10075674993035248,1.7972905444167837
2.3656249999999996,9.8025,-1.3499041516562502,4.855387753246387,4.800626912185533,3.7467548180946273,0.29818316410509743,-0.02243115467151808,1.3410849202637154
2.4975,9.5515625,-1.2775460579687499,5.124124925292122,4.585610039416102,3.9954543569292733,0.7658452005254985,-0.10023325334326809,1.1119511358855532
2.3815625,10.04796875,-1.2532848101562502,4.783246550052982,4.735120503907312,3.7606448629234177,0.34099044280023943,0.029329357561745758,1.6706298493603853
2.30546875,9.747187499999999,-1.3377735301562501,4.834857459664497,5.187909161198156,3.889158933158361,0.4362068098056065,-0.17198368682728526,0.9310908131920218
2.4171875,9.763124999999999,-1.31564048328125,5.107912204594334,4.893452217951556,3.9515815366724834,0.4116756900227438,-0.12788786560669474,0.8193893468158048
2.34765625,9.88453125,-1.2956355501562498,5.129223181373174,5.259814317566109,3.7197138655909066,0.2021968156693296,-0.1472673073993087,1.1142109512942706
2.4975,9.911562499999999,-1.17432935796875,4.988870112560559,4.676209475482652,3.5918337006108345,0.8599450805088753,0.004571980571906041,1.229343891919645
2.5334375,9.9615625,-1.4260929844374999,5.182953193749076,4.796525832161623,4.036115216280256,0.4188914671995741,-0.02117954690080167,1.3893424764317548
2.3225,9.76546875,-1.5801731795312501,4.907574821131106,4.745124119058787,3.952253224363381,0.49135431792670303,-0.11524898674426547,0.6052472315918009
2.6421875,10.119687499999998,-1.258179622125,4.953679020671783,4.6815031536189045,3.6178391879563803,0.7077452664256285,-0.06571571493967704,1.0184769897828074
2.5462499999999997,9.80046875,-1.35160672796875,5.196351634801094,4.849396685957279,4.241206763124726,0.6715835906781332,0.11002104727452917,1.1251238345236296
2.4432812499999996,9.5834375,-1.1843317621875,5.31848370505151,4.634455947961286,3.908048579549328,0.8087950198516275,0.037063900094192685,1.1829792849831338
2.25078125,9.8903125,-1.222213370625,4.505992990135297,5.140434067502836,4.084983556824145,0.3411277236566889,-0.05626395432815381,1.4866796105717741
2.2421875,9.72640625,-1.39821381178125,5.063508994743048,5.193556514803794,3.83060571348433,0.5908179285096161,0.046412881979639234,1.5542299452742123
1.6196875000000002,9.913124999999999,-0.8148798929687501,3.893661503308133,3.5974886531266503,3.2245630469559075,0.3211228170770667,0.5869965004675751,0.40483832848651014
-0.726875,5.4282812499999995,0.02745352649999999,6.528073001229,7.929506320282393,4.113758260742007,-0.37119432665567587,0.12134874715371957,-0.43603785288119884
-2.1451562500000003,8.1784375,-1.5063252975625,7.74009952136185,9.219293156668453,4.582131080519138,0.07642038785281553,-0.4445198610476705,0.6445339813789667
-0.6585937499999999,4.875312500000001,-0.8025364259062501,7.401025449892801,9.120950294642753,4.654422755777837,-0.2829056549462624,-0.24230738018638145,-0.10915516344696201
-0.6701562500000005,6.2675,-0.34157276343749987,7.999587390177442,9.972692088899567,5.562694533874699,-0.05769715579728565,-0.2670783162441379,-0.17719315698160368
-0.7225000000000003,6.987343750000001,0.05809930093750015,9.233491010988207,8.738768012817134,5.327375332536035,-0.11593108731689,-0.01730064274097951,-0.24970468461263204
-1.5423437500000001,7.33828125,-0.047884034843750034,8.92547140600069,9.90705943927856,4.888764504990333,-0.17606657555990587,-0.3512821618819588,-0.05309037791259231
-1.8592187499999997,6.868281249999999,-0.7359244062499999,8.753681958304655,8.958126644751035,5.291905538697983,0.2771474731143856,-0.17732905975304172,0.4130581669209252
-2.4973437499999998,7.80859375,-2.0819978359375,8.723805298253506,9.871358801348523,5.752320131325624,0.1263346314580658,-0.2284037910096922,-0.5326839599917101
-1.61109375,7.9215625,-0.3417856548437499,8.406355132648807,9.831730236005958,5.665938692854115,0.09977805083497497,-0.8105662550524033,-0.0701660012129854
-0.7012499999999999,7.3246875,-0.23048180649999994,8.674588516898078,9.428737814646441,5.2868486008706315,-0.04606869411171862,-0.44380622795727925,-0.04756707794181134
-1.03390625,7.2309375000000005,-0.5088476407812499,9.737755230478477,9.0884512429838,5.4131963182687,0.045911540521122535,-0.07385782289531716,-0.1223925841568053
-1.3075,6.315312500000001,-1.23030047140625,7.133188934480847,9.460384500766539,4.8728418266642315,-0.34367781755282034,-0.3179053653215955,-0.005063366572303323
-2.9921874999999996,10.197812500000001,-1.2505181803124996,9.502047224932307,8.554912051847392,5.390839736608454,0.23947790061019983,-0.670507148073108,0.33332611149374625
-1.2334375,7.79328125,-0.3032655170312498,8.295914886773716,9.124784082152214,5.419942373457327,0.2458826522933418,-0.12104143341758482,-0.641407154749949
-0.4159374999999996,8.385468750000001,0.14152395015625008,8.650160713599126,7.71857133997435,5.072777637293914,-0.034497539978162774,0.246395854146305,-0.18057044789426616
-0.9112499999999999,9.0696875,-0.65675613671875,8.549301415174225,8.152909175708004,4.463753014063494,-0.05506951465275257,-0.04043574300058629,0.39352181898429195
-0.09218749999999998,6.58765625,-0.14748279796874997,8.970025687802892,8.289943407185355,4.745386912144252,0.10051747563700261,-0.1463343365167849,0.0530430867169589
-2.67265625,10.114531249999999,-1.7436172831250003,8.91322564405479,8.796898411103395,5.13206560944046,0.24646563258038387,-0.6544251149886124,0.2685006593199953
-0.3860937499999999,7.432812500000001,-0.07427348906250017,8.830338968788851,9.088888729643672,5.691880992199349,-0.1126339196486159,-0.35863692322047896,-0.5956770359978286
-0.90796875,4.79859375,-0.8702125373437498,8.297000998042813,9.03633081427196,6.043828377148755,-0.022670961979897746,-0.13279858154692495,-0.3106311101812936
-1.5062500000000003,8.9528125,-0.4252102346875001,8.718285650717117,8.722286732264868,5.099992995085848,0.05960535522924712,-0.37713746795444963,-0.08763699271457845
-1.7545312499999999,6.6484375,-0.4618149126562501,8.737932201343373,10.023465315627812,5.422922315606952,0.07009599441226559,-0.4413273308695468,0.19392683894718243
0.3190624999999999,7.63828125,-0.377751859375,9.542880317078998,8.949386248978106,5.010351611558459,-0.19245895685033768,-0.398261066534373,-0.5671668540678357
0.5785937499999999,5.9673437499999995,-0.28581455046875004,9.771460815045053,8.96906841633154,5.246244284252461,0.056858802864583384,-0.07547787825302471,-0.28503214500804075
-1.8248437499999999,7.236875000000001,-0.6590971634375,8.852037546553106,8.78883149140857,5.7700484861418655,0.1560310720995413,-0.017993431423911056,-0.42208630097646493
-1.8793749999999996,7.723906249999999,-0.5039528940625,8.287308232132736,8.89970831986706,5.169502348508854,0.23314493152316434,-0.3400761982431468,0.1318655519506053
-1.7087499999999998,8.7775,-0.9442731692187499,8.850501486497812,8.472781604939431,5.60068182810966,0.33271387062552443,-0.47898545846704954,0.09154373072791494
-1.2170312499999998,7.939375,-0.5912082674999999,8.324492792298125,9.273021836724801,5.8181720380665904,-0.004513964101677754,-0.4869074653164457,0.11612688074180343
0.10000000000000009,6.133125,0.24772006984375003,8.918488696242205,8.91766100131503,6.052943054079536,-0.13776452275050105,-0.2863356014684847,-0.020782694254704782
-3.0381250000000004,8.37859375,-1.75383257384375,7.743853585868925,10.297320019546879,5.6385950213662825,0.4045042544643051,-0.6321237889074814,0.3513689034790133
0.21578125000000026,7.51265625,0.2977322831249999,8.593786418956922,8.224290098959056,4.8035488341998285,-0.34474778363708397,0.10133489364838881,-0.33670709630389567
-0.6409374999999999,6.99609375,-0.33476260218749987,8.256694768252837,8.610987461012293,5.089888474793208,-0.4080611301391614,-0.3389098850921557,-0.05675937750127628
-2.0278124999999996,8.971562500000001,-1.3826781046874999,9.108840051831175,8.885265932069437,5.6106901117172265,0.1550379169735478,-0.7649974279755808,0.24116907113781139
-2.0759375,8.770781249999999,-1.32670693640625,9.389876649674038,7.763273774777522,5.646798815769731,-0.06824734212663794,-0.18574950687340122,0.023491682826033273
-0.39468750000000014,8.25625,-1.03493368078125,9.27770630475786,9.03414227043719,5.223661725152566,-0.10682711177616463,-0.6200210247729577,0.390527770785207
-0.34562499999999985,7.158125,-0.4826710718750002,8.739564647874344,9.099670817363394,5.418220865908916,-0.1576254093622828,-0.7078589425996774,0.1423615412486051
-1.7826562499999996,8.96578125,-0.7859366531249998,8.874564996766654,9.364580510607427,5.774482612656776,0.16302213724710193,-0.6890863747919609,0.17093735474661326
-0.6095312500000001,6.453124999999999,-0.8782996031249998,8.099994295848203,8.482924737929425,5.017721704691339,0.08664401608045687,-0.22787959395599355,-0.5170809179753478
0.2210937500000001,8.641718749999999,-0.5822699115625,9.784202049283884,8.456161502620349,5.671789370823131,-0.000543179976314123,-0.329995276224538,-0.3299711640485672
-1.0278124999999998,8.543906250000001,-1.16730634375,9.722794973146547,8.234447389091203,4.617466489670335,-0.15765606375230476,-0.34741545712192107,0.21677066219431515
-0.41703124999999974,7.46515625,-0.9610857695312499,8.987831301210734,8.345310245915723,4.180601456455936,-0.1647831988687716,-0.05174707791809698,-0.952637296883981
-0.8299999999999998,6.7825,-0.4343614079687501,7.838797938778624,8.732372601418243,5.814254018481936,0.04491356528113975,-0.00021850771624227735,-0.4036268461023205
-1.0634375,7.605156249999999,-0.6465408831249999,8.665134559462636,9.20786535254431,5.113858459852924,-0.1515023189992562,-0.2339283372995853,-0.18683730466496556
-1.5246875000000002,8.176875,-1.7470224371875,8.56875810881272,9.188731528855058,5.382217551009863,-0.14678873888123758,-0.3838889457313747,0.026770949126600507
-1.7034375000000002,5.41,-1.0717511584375,7.501073302107756,10.267154243021773,5.781103061042422,-0.0306700130970793,-0.44068497414943253,-0.2732105810239535
-1.2629687499999998,6.94578125,-0.5062938809374999,8.42330410967237,7.885984958434072,5.486401629634263,-0.20845128439578706,0.35017487083080634,0.009258200944129897
-2.79140625,9.509687500000002,-1.35948096609375,9.527532777952587,8.466127171106264,5.093403291003406,0.3276511549933384,-0.3128947043852722,-0.005007613451022401
-1.7625000000000002,7.801718749999999,-0.7346475387499997,8.325228975830035,8.807192826513932,6.062616455417371,-0.15024460406915488,0.02688484760087017,-0.3660050450809216
-0.23453125000000008,8.736875000000001,-0.957680643125,8.943334971098501,7.978698569276508,5.20552987755166,-0.01722087768349263,-0.044648782652788266,-0.03362204119731064
-0.30718749999999995,8.92359375,-0.9783240421874999,8.770649646111956,7.682144754068419,5.483766145506689,0.10278822007932893,0.04480213499908162,-0.3546505111070089
-1.6749999999999998,6.9671875,-1.5976242271875,8.481798711063592,8.955833550811658,5.133619221158018,0.0013144405064195598,-0.10259304747517976,-0.31499758434648495
-0.7789062500000002,7.593749999999999,-0.9093709803125001,9.03343150420763,8.770637893705338,4.796814399547787,-0.008072795312867472,-0.20033033281709328,-0.6068229032307166
0.06656250000000008,7.185781250000001,-0.09832187037500006,8.681318343638468,8.80990862691824,6.002889354495473,0.2041840161232394,-0.4854530087914407,-0.4951379928425083
-0.5426562499999996,5.7017187499999995,-0.4239333206250002,8.06358892688832,8.570044769917974,5.971649589803085,0.13353133427702937,-0.14318006311860787,-0.36404996191439926
-1.2185937500000001,7.274374999999999,-1.68253859821875,7.91892568218448,9.210649894788911,5.81942656182275,0.1049891601992601,-0.39025400896570617,-0.5067535585296875
-1.4190625,7.459531250000001,-0.93427070046875,9.249367160573406,9.671139318496733,5.307227872356634,0.28060520268531575,-0.30304198935556653,-0.28265883287894455
-0.1976562500000003,8.142031249999999,-0.71379135584375,8.50482946297784,8.235753832316956,4.780574573644248,0.25375460514650433,-0.35611303849796744,-0.220139888152679
-0.6123437499999997,6.268125,-0.5720546010937503,8.997491619575756,9.802057959141795,5.322271217972115,0.23764992334647284,-0.41331368428361426,-0.17526400865508154
-0.035781249999999876,9.185468750000002,-0.34263685828125,9.592990084673726,8.649505030940988,3.88900524200355,0.056431722185432354,-0.3751773953553475,-0.061588642146265464
-0.69578125,7.39171875,-1.5165406153124998,10.091331955676042,9.1445112558517,4.721974880296225,0.14446200258046266,-0.3301026702269425,-0.2142448657133247
-1.0350000000000001,10.0671875,-0.87276632625,9.966772766297023,8.609917150579543,4.109296145786317,0.056959031604566085,-0.4210314124223355,0.027336758149942464
-1.168125,7.2021875,-1.2326414253125,9.78627576554917,8.487646992237822,5.4120410772506595,0.237619650979068,0.15850519411497963,-0.29026897690129894
-0.7906249999999999,8.087343749999999,0.06767610484375008,8.879902497177262,8.91432646821037,5.762176693786437,0.0605219162551552,-0.3967974160860103,-0.02907354634786913
-0.7103125000000001,5.39671875,-1.1796498453125,7.779890135943036,8.99726330868995,4.781258364102723,-0.10769431350224937,-0.21221739672187542,-0.5417435700485332
-1.2231249999999998,9.10546875,-0.6876147067187499,8.816962677667123,8.01292879696765,5.8823905006056005,0.33410395274591803,0.09587713888641619,-0.1159706117917364
-1.14203125,7.68390625,-0.8655305640625001,8.416247155741294,7.236223898119166,5.559697288416705,0.12114720204170623,0.24564358327297767,0.24881974206928126
-0.09578124999999982,7.9053125,0.08214772203124998,9.160278858454497,8.49130989025508,5.376692669187549,0.2705141588626103,-0.38871121668814845,0.07889676709011603
0.5973437499999998,6.913750000000001,0.17195691718750017,7.380543307022589,8.38664107002917,4.478379042792342,-0.22696017381004974,-0.0543278712392042,-0.2676859015888133
-0.2648437499999996,6.8828125,0.3028399518750001,8.36665479600933,7.899017832290528,4.702624035943977,-0.010677193744786522,0.15148645069353806,0.29585183864022324
0.9085937499999998,6.654375,0.2111153989062498,9.34403199694655,8.538203096048665,5.761981052461817,0.16995402029397624,-0.17911837281242265,-0.1650914021221758
-1.6296875000000006,7.862812499999999,-0.7527370266875001,8.12561247090604,9.354544595534502,4.202558936336343,0.020548774503190703,-0.7406714625467007,-0.4491994642623562
-0.7365624999999998,6.84859375,-0.34327532812500006,7.696087524423936,8.307688432106787,5.354687422581811,-0.33644276029312586,0.05071334437885855,-0.34720869649475167
-1.1528125,7.49953125,-0.52587314984375,9.177660797547693,8.857519480236746,4.975110854937641,0.35446275132224725,-0.336580565139325,0.12141143960703525
-0.6832812499999998,6.2056249999999995,-1.5797474925,8.637842803379698,9.556341296980502,5.359065703724091,0.3737695600236346,-0.3345445061917502,-0.03564784369451749
-1.3432812500000002,7.742812499999999,-0.6373896954687497,8.805006753029689,8.366871329227177,5.230432629743097,0.11385131115352573,0.15913063141292366,-0.07168685837613623
-2.8979687499999995,9.491249999999999,-1.3773577315624999,8.20303110511739,8.753560971827408,5.138985522441101,0.36852653525986506,-0.5034932729316559,0.0059572274855479255
-0.6557812500000002,7.08671875,-0.3056065653437502,8.609495812162779,8.815452174783688,4.886459259144438,-0.09377180440695822,-0.08027691404300462,0.0070566362262818256
-1.2362500000000003,7.00484375,-0.0019154071875002732,8.103536168704375,9.56059033091503,5.271779482784577,-0.002496776964841692,-0.40787410883225556,-0.1458964758417937
-1.4815625000000001,8.4821875,-0.5873774710937499,9.21334480840665,8.773351068140597,5.573495613843112,0.11128017194127673,-0.5963006675870146,0.12620123039094694
-1.08875,6.877968749999999,-0.35093680796875004,8.494626702363089,8.26174300232847,5.116444023413383,-0.11378177318769044,-0.16184522548465974,0.18572784100211795
-1.1426562500000002,5.904375000000001,-0.7118759738750001,8.392437302824247,10.216844222135082,5.439232490142833,0.04815138474744611,-0.5304443878549848,-0.13493412752893189
-0.75671875,7.801562499999999,-0.23835608828125,9.907563091946397,8.48053602719744,4.145210470951939,0.23669384402797558,-0.2590842302142128,0.06837727016514042
0.9582812499999998,5.688750000000001,0.22324604109375012,8.602814502149773,8.381449289204106,5.393188862411459,0.12985834800879695,-0.2511915810099736,-0.23323942781631962
0.08140625000000012,7.8628125,-0.27730179437500013,8.489234702548925,8.476899578551333,5.258732356152644,-0.1738664794884675,-0.2751578538129211,-0.373432410055965
-1.0348437500000003,8.26703125,-0.5786519531249998,9.527410946872498,8.890523515183087,5.686601226154632,0.3432301509153235,-0.7781841710000216,0.06581240916675868
0.05546875000000018,7.947500000000001,-0.4792659585937499,8.849191687960738,8.373545396067307,6.0822249134815,0.49180173142766254,-0.3929354820037741,-0.2193077164569204
-2.0728124999999995,7.721875,-0.4356383348437499,7.992905735078061,9.694462155497591,5.275138775254961,-0.03944743447395354,-0.4680668063210078,-0.24534681805817687
-2.1990625,7.6759375,-1.2292364067187498,9.12575197565076,8.833927269119537,4.9309973254157,0.22507006591460788,-0.39783112886997435,0.05744551253784551
-0.5757812500000001,6.21359375,0.14131107312500002,7.243032601379649,7.816302148232304,4.843112586535828,-0.47377540245703015,0.6856934256013434,-0.2592915155124302
-0.900625,7.776562499999999,-0.3579597434374999,8.578503452489542,10.104629851389598,5.293784763079428,-0.33056544918752107,-0.960155771743313,0.2667512847336663
-0.8746874999999998,7.46515625,-0.1530160259375002,9.23559299814277,9.433280181123953,5.854140003651512,-0.16954875215512183,-0.4622658353759767,-0.001968418514557914
-0.8459375000000002,7.8071874999999995,-0.22814082406250002,9.13556250299311,9.180311383054702,5.718778843345414,-0.07987121562480555,-0.4168760732713213,-0.37108036684658174
-0.5551562499999997,8.53796875,-0.7925339792187501,8.973425696220254,7.922436726571152,5.1814453030424,0.1510917383407026,-0.052324558777322054,0.17060779343453494
0.4590625000000004,6.56875,-0.025538167187500016,9.886304086770432,9.502180588554397,6.10332290946612,0.2821573412816106,-0.4194391918512699,0.18306958952259095
-1.9228125,8.39953125,-1.2971252987500002,6.669132362222522,6.883730009433362,5.5764153057884185,0.019581519464001506,-0.21538371261221287,-0.003411271416788372
-2.07890625,9.2265625,-1.606349774,3.572852115776825,6.0398365610001195,4.202598672369445,0.07694244862714189,-0.4215655456121607,1.7689737575749007
-2.1156250000000005,9.74609375,-0.9704497568125,4.07057039729999,5.7472478786555685,4.564060239555105,-0.02492215367325849,-0.47944722328119327,1.0939357650975343
-2.1525,9.738125,-0.9510833334375,4.002819318930096,5.400565617078919,4.720334483385899,0.24661061756330208,-0.4150733712029327,1.6999101532382308
-2.22375,9.65046875,-1.1519834695312499,4.414597766218345,5.663927091053824,4.391242678044683,0.18285630027050295,-0.48199429120465526,1.0469691940689962
-2.3148437499999996,9.66328125,-0.9604473582812499,4.185869829030274,5.701649995474857,4.39459679178933,0.1479448193005261,-0.5277691265458518,1.1663292702810235
-2.1393750000000002,9.7465625,-1.15772958359375,4.464812732285084,5.415437199210581,4.352815276544104,0.18954612493741194,-0.4151054162973127,1.6120721775875781
-1.9720312500000001,9.8675,-0.7216655854687499,4.182487365375231,5.430448876474209,5.180849838039643,-0.233996040094992,-0.404674721274214,1.5464135440654563
-2.239375,9.64859375,-1.1155915967187497,3.9813121561082094,5.496966170985677,4.576706475781033,0.34514909051767667,-0.47800681862523314,1.2309223550597495
-2.3575,9.68671875,-1.4031086430624997,4.588638482709222,5.816056453551533,4.147299807830472,0.3536296398521906,-0.5353464330830711,1.0243336086570378
-2.2800000000000002,9.6815625,-1.2128493825,4.247150883239256,5.791596611349391,4.342689772031131,0.2861698689329783,-0.4546727245456644,1.242600641214573
-2.21984375,9.67171875,-1.22412877003125,4.102169583048211,5.335770373938372,4.093565635261118,0.2609905147380084,-0.24261766413651742,1.1262850376663638
-2.4009375,9.82421875,-1.25392327890625,4.025633769494408,5.192039220253294,4.319241598023656,0.28768782200174203,-0.494803479714018,0.6788683876085638
-2.3512500000000003,9.8584375,-0.9457628886874999,4.928518571792137,5.691838515242131,4.170669840866946,0.5662371000574002,-0.5072799688417189,0.8455440042789185
-2.198125,9.732500000000002,-1.27754603640625,4.2492609191923005,5.2588597861133355,4.220121457367931,-0.11402460784824138,-0.3730867139756339,1.594018974064074
-2.3090625000000005,9.797343750000001,-1.16475254140625,4.518832025102697,5.346748790792021,4.568434550133562,-0.06872387026047708,-0.3548985197554648,1.3667010769039585
-2.16109375,9.533593750000001,-1.15262190234375,4.4234902499283235,5.63355054760858,4.198819095801392,0.11236795890699251,-0.5175496229880739,1.1845379700340903
-2.3121875,9.64421875,-1.0162056525,4.419693664706158,5.656072457071995,4.378635657914313,0.38144472634615095,-0.5274857938727113,1.2076008473492044
-2.2542187499999997,9.46265625,-1.00662882478125,4.363542785357838,5.8103343390751565,4.138070136879341,0.309684270982436,-0.5288526984707372,1.0379259848024123
-2.21953125,9.453125,-1.2285979059374998,4.272422260003502,5.673677950357686,4.239587744541763,0.20229696016655813,-0.4164167310331499,1.1776917482059097
-2.265625,9.3790625,-1.20731611796875,4.741457079250534,5.832787101471624,4.0865557288031855,0.24751405436134852,-0.438641934222187,1.3575141878880632
-2.1448437499999997,9.474687500000002,-1.21731857025,4.719255102829888,5.799186087490533,4.124811735947363,0.10848137427008946,-0.3637009270675926,0.7124532508668049
-2.17359375,9.5934375,-1.05876921896875,4.575108730670883,5.658311425115602,4.497779753429574,0.04400434028500628,-0.36748283441264323,1.0542516177774033
-2.4775,9.119531250000001,-1.206464879375,4.243370564775129,6.036290880397782,4.803686270117375,-0.10168656930388267,-0.5268059691503438,1.387110488560432
-2.2921875,9.535625,-1.2503053494375,4.914240298850245,5.930822264608425,4.090056680078512,0.23851846680001826,-0.28912026073857117,1.4087440325319396
-2.3778125,9.556875,-1.2720128099062502,4.407434935973956,5.771954791002352,4.431037772182207,0.24118259345714593,-0.6021119756610213,0.6002936248123658
-2.51125,9.79984375,-1.2002931396874998,4.462818791134142,5.772476584022315,4.337706163735394,0.27238384830034834,-0.6618999722151478,0.8411731073667272
-2.3235937499999997,9.622968749999998,-1.15070655578125,4.769610625875129,5.571860573365367,4.417034975706841,0.28780842357719794,-0.539798854660833,0.9056100840790646
-2.4359375,9.6125,-1.08494581296875,4.911105628684212,5.562054757461491,3.962267669392774,0.38829959891014315,-0.4344931236173659,0.4599464363751764
-2.3617187499999996,9.78203125,-1.0087570118749998,4.671501884661767,5.4906477815940296,4.369178305458926,-0.044448042326435365,-0.487973854038067,1.2385790219941617
-2.49546875,9.654531250000002,-0.9578934844375,4.299122341277745,5.601937145334053,4.434844441017736,0.226872374507594,-0.5848328483322065,1.3625811897931042
-2.4732812500000003,9.716875,-1.125381244625,4.001639138640369,5.4253720710542055,4.210615760104454,-0.08759275134531462,-0.402521636333373,1.5400472637829659
-2.3175,9.75640625,-1.164114114375,4.1838861271549925,5.495371736512547,4.584807575905608,-0.06587527020502107,-0.5122097650205129,1.2132280628563137
-2.42984375,9.359375,-1.2864844079062498,4.269236060243792,6.000236421123337,4.209895895490654,0.05078762143323583,-0.2919822128253652,1.2657101911157922
-2.4064062500000003,9.60625,-1.15347319328125,4.480325869561381,5.422866083769725,4.38434454230617,-0.13754877337077073,-0.4655627471404897,1.0238851545039205
-2.35828125,9.481874999999999,-1.30499955678125,4.584771516487865,5.890090691948214,4.308316345857501,0.11855430192862768,-0.47770867203569445,1.1568184107838457
-2.36828125,9.5853125,-1.3084046550000001,4.938104252483784,5.795633045866841,4.586610898831111,0.11454221547055128,-0.41955596745629925,0.7136915455090016
-2.3089062499999997,8.7484375,-1.94175083140625,4.301411874746585,6.058891508237604,4.142881915419489,0.1772763986180719,-0.3813642048740493,0.563485181904323
-2.27984375,9.478437499999998,-1.0351464520312499,4.670096857998336,5.9347025564550195,4.152980623657165,0.19670477240506573,-0.4329964898381579,0.9316635191087828
-2.30515625,9.885625000000001,-1.0151415473437502,4.523589901901579,5.413233459252889,4.4776524678163865,-0.26668907259081864,-0.5511389585487309,1.5803689123276168
-2.3229687500000002,9.399843749999999,-1.2224261876562499,4.418329605068349,5.341032347597788,4.228760153563014,0.1491046155360212,-0.424739995988242,1.4291616828279854
-2.1615625,9.72125,-1.1243171289062501,4.3853467717609,5.462057905451021,4.143886523515595,0.04487195303424801,-0.3959717690210086,1.6144130121941238
-2.60640625,9.48015625,-1.06430248478125,4.666814815531139,5.632761448711097,4.240975167694586,0.16119470557611945,-0.5392657639052875,0.8784570094571248
-2.35140625,9.66421875,-1.37735765828125,4.642523514745072,5.835129016538404,4.293114172312932,0.12401260821296615,-0.6416960433279489,0.8576027571571216
-2.36921875,9.54875,-1.1877369377187499,4.455854402036543,5.749734097112666,4.2886303567773405,0.1322106570363663,-0.3293543443914622,1.1392537497127042
-2.0890625,9.44734375,-1.0587691631875,4.554250322072091,5.814199547817045,4.0816556090551686,0.3038088031133222,-0.4708348300694732,0.4758235282915794
-2.38203125,9.337968750000002,-1.4841922793750002,4.934815782936931,5.688085733489206,4.239776311237248,0.24828263665124303,-0.2794354742844692,0.9205837686854477
-2.3728125,9.56234375,-1.3169173782187502,4.2915150547147976,5.47994432629894,4.448542969144905,-0.33164722043048067,-0.3506828305718067,1.728550580365972
-2.4596875,9.017656250000002,-1.742978896875,4.52295187375941,5.729860584633446,3.738524884061319,-0.03671250786004177,-0.27141013409135295,1.5108112267119298
-2.363125,9.46640625,-1.2345568443750001,4.36116486553478,5.807508439293131,4.315717234505938,0.21551083653801226,-0.5420394251430206,0.5536733113315244
-2.183125,9.400937500000001,-1.30095602990625,4.684057027233443,5.666373321719436,4.128600106595897,0.03817374122303547,-0.4562421318089959,1.277255195572274
-2.35625,9.689687500000002,-1.25881809165625,4.426395436752121,5.3655850591844825,4.220506558034176,0.10232796957985037,-0.47314127403307576,1.612685952131465
-2.5425,9.48453125,-1.1849702045937498,4.35501076347694,5.694831244670331,4.207603989210115,-0.044758544182793056,-0.42469032371232684,1.0756643634891996
-2.4628125,9.5046875,-1.21795703046875,4.664658839598427,5.940531849282836,4.026666007779511,0.003419055515012194,-0.5621349805326775,0.3058100575312068
-2.36078125,9.35203125,-1.69339229653125,4.674773492068727,5.291525412064411,3.734508118533321,-0.09745164040318967,-0.3139642932721151,1.3400525419776448
-2.25609375,9.532343749999999,-1.3484144324687501,4.88319555247493,5.674356445389726,4.317134526671334,0.0017773483730140786,-0.4573446501539523,1.1246115435861237
-2.338125,9.644375,-1.2607334140000002,4.294580842104966,5.631297273663947,4.6308337021129224,0.14076837370036535,-0.4547717899103163,1.253947856004548
-2.5556249999999996,9.571875,-1.13176574728125,4.5969857226638196,5.5380603201278875,4.4267654104176035,0.2119175060906112,-0.31483992292188245,1.012559697686532
-2.58484375,9.634843749999998,-1.4784462029687502,4.899490085772798,5.806044531398802,4.553619805697535,-0.14890799818988917,-0.5652085165542359,1.486069552404341
-2.39671875,9.52109375,-1.19497271453125,5.050443066791114,5.52338780697236,4.265338754088623,0.1804764076583841,-0.347416666312313,1.1424638058534848
-2.618125,9.7659375,-1.3035098291249998,4.936274808433481,5.724171806566758,4.250584930112455,0.03823187149664005,-0.5220536366841432,0.5941202152483007
-2.3739062499999997,9.549687500000001,-1.04855398359375,4.600490672603406,5.680112501292888,4.6571074229555345,0.1730366538424814,-0.41271517612823855,1.0638614677186837
-2.30609375,9.485,-1.0557897577187498,4.640294177496825,5.662195080090406,4.227129175310307,0.07458180327317757,-0.4739344252448931,0.8672263742580298
-2.37109375,9.38671875,-1.1026097349375,4.595027923333104,5.6916797978187805,4.236193942355529,0.17261244473750598,-0.47356918655392316,1.0168959081241236
-2.22296875,9.771093749999999,-1.2154031859687502,4.85526443657021,5.555201424449966,4.2762346067350325,0.2516536798899179,-0.5208028125148896,0.7977124191570486
-2.23234375,9.59421875,-1.3794858204687501,5.172551577252365,5.44776123877033,4.222611519700974,0.2363489529360228,-0.36169280321406155,1.3299571326016446
-2.1909375,9.782656249999999,-1.01280055140625,4.642342390549597,5.42151392664779,4.316326364187427,0.2564207201809255,-0.41230237355389826,0.6555015527902578
-2.2459374999999997,9.45125,-1.2624360034375002,4.478171961983343,5.54743704898938,4.6011128121150655,-0.17906745717702235,-0.4582151541723604,1.2442915806417971
-2.4362500000000002,9.496875,-1.07451775828125,4.637662901451549,5.623470590691748,4.501929962186343,-0.327698713227751,-0.477616103864439,1.3397361527599767
-2.34296875,9.59359375,-1.06259993828125,4.782379337110706,5.761340546909281,4.403734909216852,0.29956295822591206,-0.5843378484578856,0.5883452095221233
-2.36375,9.60171875,-1.25243352353125,4.855229622530741,5.549796605137745,4.251972331403253,0.03736188777266103,-0.28760150952702157,1.0683816070910173
-2.5162500000000003,9.63296875,-1.1702857940625,4.929403012789683,5.483108915024709,4.008162938991522,0.054113374659970216,-0.3445779642394828,1.3519530388112893
-2.47734375,9.59296875,-1.1370862248437499,4.624881161374413,5.453590755091863,4.049569701277098,0.2851165204787401,-0.3806346079210501,0.9741734820028648
-2.469375,9.520624999999999,-1.27775893265625,4.812949289092396,5.398557641571959,4.470777997964598,0.15411718278023337,-0.34670790651956757,1.088877457445824
-2.41421875,9.65328125,-1.321812161875,4.53062626903262,5.426001363425781,4.2834988499527,0.1899063818615539,-0.5356320462134596,1.1349760940229412
-2.1728125,9.735781249999999,-1.2426439055,4.866852958005178,5.166782365713543,4.264716546592224,0.4852951376151031,-0.35408927244949046,0.8421222366385488
-2.231875,9.581562499999999,-1.28435622296875,4.653360302982674,5.402255379338683,4.071311348349036,0.2702382675426971,-0.41530338840655057,1.213240439983013
-2.65046875,9.67109375,-1.10707886953125,4.800873432800893,5.181202236567391,4.596411717675532,-0.15909423999458497,-0.473171267715594,1.1393741735302583
-2.02171875,9.12671875,-1.23051328484375,5.070149022306785,6.0441066478759655,4.197420052865814,0.020143221185901245,-0.480863631590876,0.7665497143870538
-2.33984375,9.444218750000001,-1.10069434071875,4.798613566759251,5.611266235409655,4.508506597107419,-0.1622830636159484,-0.5748146197352392,1.3502878778819947
-2.4725,9.58796875,-1.1775216631249998,4.294225046501406,5.360971571135538,4.18793357606778,-0.05801816691921263,-0.5253153550562405,1.2938200339546515
-2.34359375,9.658437500000002,-1.1343195771249999,4.763272039518732,5.216603666044963,4.274698098023862,-0.14505270018133934,-0.4444391596273378,1.2502882510907118
-2.49109375,9.80484375,-1.22923638453125,4.6085423797781155,5.576818927541573,4.4289049066527255,-0.20947009733408892,-0.5885249530664793,1.3890449240758331
-2.2867187500000004,9.55046875,-1.29074074134375,4.76964786917215,5.611734755650292,4.3758703710237645,0.07140478705186351,-0.4701414518257867,1.0718320712519138
-2.4048437500000004,9.17234375,-1.2579668365624999,4.3648074099077885,5.691383218896434,4.491301484097847,0.14854464897386294,-0.6447606644094619,1.0278011687862065
-2.22359375,9.3890625,-1.3333043831875,4.855394025973684,5.6420834246839835,4.329942671004984,0.02085921811693105,-0.4138266253557395,1.0574103738087755
-2.2043750000000006,9.495624999999999,-1.2598821425,4.587246885047174,5.420684307296912,4.368322422034313,0.21438847296288807,-0.6585408401498076,0.6205704419708038
-2.36609375,9.503281249999999,-1.3024457368750002,4.500951155446029,5.475622982446694,4.2538711742725654,0.2975484732287753,-0.35381569589030865,0.874377754873939
-1.9921875,10.055625000000001,-0.8287130251562499,4.857543254037348,5.523283917596035,4.697632695572199,0.47074583898543876,-0.3453116596835057,0.8920521552418402
-2.21296875,9.64203125,-1.162198734375,4.67918485144832,5.223451977526302,4.325454409036519,0.41476161711363563,-0.37025759555490784,0.9824717273587492
-2.43390625,9.684999999999999,-1.3469246761562501,5.023808197345012,5.374755517695665,4.289182516729077,0.4338595360487563,-0.3653876838554008,1.1757656025810177
-1.59203125,7.2546875,-0.7706137386874999,6.604611357719956,8.214830903758381,5.082277187268134,-0.0303408894443275,-1.0196136651002174,0.5029214518094901
-0.44359375000000023,7.36375,-0.0036178484374999043,9.230421572033476,8.826300807104865,6.038678668567999,0.03209969562783693,-0.3225735415949694,-0.39024221177136115
-0.7926562500000001,6.627968749999999,-0.30454248156249997,8.018933112131311,9.59442581979367,5.827662953545007,-0.2767515549802815,-0.2376036357638886,-0.30011175206290275
-1.1825,7.57015625,-1.0079057765624997,9.496901303846428,9.567393436202252,5.973393148013057,-0.14620336046948054,-0.4126671053413159,-0.1465022846968838
-0.9173437499999998,6.153437500000001,-1.0377002970312499,9.790352432718443,9.14846080270303,5.457391994785756,-0.0995216359996387,-0.2635670175526111,0.20904561696877788
-0.5710937499999998,7.22078125,0.43308451156249994,8.888102496664343,8.757991583528066,5.836583816062117,-0.18569088308262266,-0.1889192030479342,0.0404924273834554
-0.2876562499999997,6.68328125,-0.2106897874999999,10.04247382094352,9.071837268210801,4.858291186723689,-0.2221539278974134,-0.3099135446032854,0.34443450208600646
-1.206875,5.245468750000001,-1.1121864664687502,8.372880118834557,9.370251785852577,5.75067130153997,-0.036291795060853026,-0.2679742350577887,-0.008764646015952433
-1.1092187500000001,6.9471875,-0.6914454492187501,8.620189655810854,9.355921331693835,5.1352983352806,0.0728270534945948,-0.6170684438603141,0.01732444184578774
-1.2479687499999998,8.658125,-0.8697869114062501,9.79493127523228,7.945111090121711,5.372797084357765,-0.09382971257056402,0.1380889124809506,0.3509097276666575
0.05750000000000011,6.5503125,-0.31028852171875004,9.421423392991104,8.761642605832753,6.244134479950673,-0.28104766963200856,-0.39508993322029934,0.15291101018655945
-0.042656249999999396,8.503125,-0.528214131875,8.62773221981512,9.210043240092578,5.8399784334258005,-0.12897792742767397,-0.31032388492604007,0.14159038520768655
-1.5945312500000006,6.710624999999999,-1.226044126875,8.909460023215404,10.010540987348037,5.2500304522268255,-0.05542267271067016,-0.7345701764646212,0.20345638889043743
-2.23546875,8.77421875,-1.3788473495312499,9.659047237190293,8.577679392740698,5.442329604962605,0.3606560815782238,-0.3178490135718408,-0.26177311948520293
0.32250000000000023,6.801875,-0.1508878387499999,9.340091173270206,8.204165076921296,5.854293813512338,-0.3470811526636403,-0.07661091595258468,-0.2558866164478599
-1.42359375,7.98015625,-1.1096327124999998,8.966767527791768,8.222534488409638,4.371691303919795,0.035311739645266904,0.04472129124699915,-0.020502393669093552
-0.68328125,8.726875,-0.7557164515625001,8.0726244676622,8.268681476473441,5.361564281320933,-0.26672252927798484,0.11296500581890656,0.16246398156013778
-0.8326562500000001,6.85359375,-0.7033633232812497,8.749712717103113,9.66284901814475,5.454751358779922,-0.24038588835260227,-0.3456613274887932,-0.6539155712709451
-0.5995312499999998,7.894218749999999,-0.6384537965624999,9.414288911955774,8.050440555624794,5.435264094073265,0.021882686236661047,-0.2851630564730313,0.43035268841535834
-1.2268749999999997,7.80109375,-1.4837666492187502,9.42990917821455,10.283768478345424,5.282000499728268,-0.07821232842872505,-0.8017962172962937,-0.36967502725199525
-0.5624999999999998,6.752812499999999,-0.6505843991250002,8.211340100738735,8.452227788568157,5.3730619478717285,-0.10339285865534639,0.11250340313491496,-0.05197405448870839
-1.4584375000000003,7.27203125,-1.84470583734375,8.213768018308878,9.426812521288594,5.464055826725176,-0.14883719012930038,-0.4452898991354731,-0.579750589264747
-0.5165625000000007,6.68,-0.7774239028125001,8.736219187016415,9.88914761872832,5.388335376931729,-0.21328476003209504,-0.6405627695097982,-0.3248762484345676
-2.2178125,7.99234375,-1.18156517103125,9.231230021770866,9.01127258323351,4.689374628737655,-0.16521100961734766,-0.062193031487266424,0.21085811842037178
-1.7653124999999998,7.304062500000001,-1.6942435670312497,8.476980220122243,8.710649681343737,5.550807920593746,-0.038978437454827285,-0.06661953869658534,0.38807837581968374
-2.1042187500000002,7.28703125,-1.4624847939999999,9.303040800708574,10.516957093143597,5.416292229321829,0.07143011978281925,-0.6376133413147573,-0.2093834199763595
-2.21328125,8.0034375,-1.1338939609375,7.993226439986449,7.777553684070187,4.878233579037429,0.5847039189778613,-0.2503810907745894,0.5485917363344193
-2.8912500000000003,7.2559375,-0.8202002503125001,8.464843194796936,10.335278890581218,6.405159667994201,-0.033849147285870476,-0.4788860099975837,-0.12255605976488428
-2.790625,8.71046875,-1.08047663421875,8.405390360320869,9.783515700798636,5.331964968560714,0.09482913140933447,-0.8667457076135431,0.2449385267743316
-1.03,6.425625,-0.9285246390625,7.5721983267740685,9.208643337070614,4.865693160380129,-0.34069456528974795,-0.03327432715978291,-0.5417390815269796
0.4707812499999997,7.205781250000001,-0.630792330625,8.988025593930429,7.465091427079004,5.2739029606716805,-0.23414728360165737,-0.06598095050660142,-0.5298104991648948
-2.1084375,8.95296875,-1.1832676546874998,8.962612659464524,9.265742293471336,6.087256266690447,0.23731670317711626,-0.7278648115329981,0.19732051926610378
1.35203125,5.14640625,-0.5218295567187499,8.697888784729512,8.702519277339231,4.779238055369271,0.03478059968060836,-0.32568938620832294,0.12841231859021182
-2.13875,8.91140625,-0.9298015370312501,9.519772433598401,8.060549350693224,5.476602104912181,0.04459437398432898,-0.07452126323138288,0.19536012727917473
-0.27656249999999993,5.907187500000001,-0.6814429968750002,9.451446023418521,8.10891667177828,5.818108895748539,0.06689482430603796,-0.32939484934948937,-0.10218554038216413
-1.7739062500000002,7.274218749999999,-1.1232530376562502,8.531960065173239,9.879832647350279,5.337392560620767,-0.13431987297869014,-0.36791718929334116,-0.21335903562089462
-1.0939062499999996,8.077031250000001,-0.7378397709375,7.551405626021618,9.158660805435662,4.496827952157617,-0.06246540950038238,-0.45388900149565126,-0.34088396406515403
-1.4668750000000004,6.11890625,-1.3422426903125,9.635333555947868,9.38174242831314,5.593243582714012,0.09407784610477997,-0.4780572179932891,0.36763869778747554
-0.98296875,7.06734375,-1.4703591096875,9.744190846295215,9.202019690363413,6.183149534689603,0.1570892829044517,-0.48220854629607973,-0.17752189367025123
-2.09203125,8.9875,-1.3962984353749996,9.480384383637798,8.913627733700796,6.072819539947168,0.20104496100606598,-0.6482286186062287,0.1541937614072387
-0.7484374999999998,7.2592187500000005,-1.1338939062500002,10.262441263344398,8.753794767250854,5.9926172822559485,0.12047795240884007,-0.00791820676400807,-0.04911016381755158
-2.9126562500000004,7.95,-0.9964135568749999,8.745683621469276,10.03322122376458,5.438901327609528,0.10620832729495236,-0.6001091815787208,0.2928972471672514
0.3709374999999999,6.12109375,0.001489713500000045,8.562736076809431,9.734858774846758,5.124252610373096,-0.03263511897284586,-0.4905243877872982,-0.32330843146798127
-1.885,6.1475,-1.6440184796875001,7.241762130172463,8.624437481656413,4.820092417568655,-0.43032029974071473,0.1661316517675957,-0.07633919650827106
-1.2270312499999998,6.9360937499999995,-2.12988188953125,9.206986932434706,9.875283163216686,6.437529795719853,0.3129865628704395,-0.21114323008553532,-0.02328808040966268
0.20921874999999956,7.628125,-1.0540872573437499,10.7615053699354,8.527742204673814,5.564865708186341,0.04849153428783637,-0.24825915936273643,-0.015472193976583672
0.4568750000000001,6.428125,-0.29794509390625007,8.619084542999621,9.192862359427286,4.980441300782065,-0.34908297600597804,-0.20280251025617987,-0.2604774314075768
-0.8356250000000001,7.79125,-0.7314552157812502,8.991042743162497,9.131294318852065,5.077370381881797,0.17616173915404867,-0.6787456995791153,-0.29060938717155066
1.0695312500000003,7.93578125,-0.10491926703125004,10.364338864238928,8.26568070485719,6.38389898713145,0.014514911611350984,-0.3290581057999026,-0.33203801860185284
-0.3148437500000001,8.553749999999999,-0.6871891259374998,9.788185638849823,8.273811187264307,4.906474343112073,-0.10292237597085328,0.174965235662654,-0.635139513670756
-0.18796875000000024,7.89515625,-0.25367894471875013,9.595482364713273,9.220648193081978,5.357571579655842,0.1945860140993542,-0.6492518354353471,-0.16397912120843666
-0.37375,6.092031250000001,-0.8055158768749999,7.577174914669715,8.781930877462168,5.423474427507451,-0.296719090527064,-0.3321265218548451,0.03287626477086977
-1.07234375,6.58421875,-0.6533510493750001,7.350992225158175,8.631160083653207,5.624361601941785,0.04017929866449559,0.037296055653672354,-0.2523126755471413
-0.6745312499999997,7.74453125,-0.879576511875,9.225831251452274,7.763251157232609,5.558065596046481,0.1345330622012892,0.5225625461680011,-0.4428197850732459
-0.18359375000000022,7.66609375,-0.1296061296874999,8.779139046481776,9.075441039074132,5.0569169382913115,-0.07437245080287441,-0.44379200324766127,-0.9270060606869348
-0.18437499999999996,6.2496875,-0.66505608640625,9.647877984788934,8.8609690089371,5.803953702818778,0.09743297384126545,0.04518009806055963,-0.5587518875319816
-0.8728125000000002,8.619687500000001,-0.14833404937500028,8.85393035407687,9.203451113704237,6.438234720316963,-0.18044694842133402,-0.7728499494434798,0.22979313553971123
-0.6651562499999999,7.9575,-0.87829963734375,8.538842682154645,9.017354448506502,4.066424461762835,0.12929910041747666,-0.5876095639066476,-0.5229770375717259
-0.5628125000000004,4.849375,-0.685273726875,8.692944780961383,9.489565301391576,4.619673974413618,0.18222953162134803,-0.6288932484647508,0.03760178626425082
-0.9793750000000003,8.1728125,-0.919160671875,9.68107526875889,8.976570452563928,5.196316556513457,0.21599224182979596,-0.5052173521641276,0.27296461006007106
-1.8696875000000002,6.53078125,-1.53973776421875,8.574192740564195,10.079401846198436,5.873827957019856,0.14539700747359083,-0.3130476422402051,0.1387037027175935
-1.3646875000000003,7.383749999999999,-1.04025409978125,8.940160437729501,9.09416648530804,5.090059759352847,-0.03791059030144858,-0.5692464366656194,0.03444107210268186
-1.7887499999999998,8.8896875,-0.3326344332812501,9.021317548590117,8.503632490138774,5.765763832158136,0.378906366250667,-0.18157153829811923,-0.08993207254174347
-0.2665624999999998,5.49046875,0.25048673890625,7.7319796985373515,8.106532171204494,4.836925439154342,-0.37050826349396937,0.3171006534590391,-0.3003105893320359
-2.14890625,8.8665625,-0.8285001965625001,8.768835996938872,9.279853046174479,4.2707979855764915,0.0923308844489278,-0.5625390400962827,-0.6496064586097076
-0.8256250000000006,6.21234375,-0.7765726907812499,7.717076817641185,9.409310671847111,5.469405719900843,-0.2591227193632176,-0.053310197266042976,0.3153594777605929
-1.77515625,7.01390625,-1.0898406326562498,8.858180010622156,9.436541775391605,5.9392864253251085,0.20521611320414845,-0.5846037597038897,0.2954293913220467
-1.06515625,6.3796875,-0.8989429465625001,7.581758534508069,8.813697253556182,3.8838319032934403,-0.2696084644470438,-0.11493225659385506,-0.4399679726837157
-1.8884374999999998,8.642656250000002,-0.02340996109374993,8.416830649573136,7.72098140665006,4.680687111726825,0.2915342511897787,0.2946245319588331,-0.21574841505624645
-1.21875,5.860156250000001,-0.42925375750000005,8.307406428151928,9.35965318738285,5.267263366400323,-0.1432034974346837,-0.3191912851138071,-0.03725146534444693
-1.9475,9.162812500000001,-1.0794125374999999,9.268166451623536,8.61731568354344,5.015757775310258,0.380467921525658,-0.32749500980081064,-0.19393471219259706
-1.0295312500000002,7.927031250000001,-0.78359558609375,9.195818076319988,8.216843729439146,4.968546882984562,0.0829395514045131,0.03057178404071253,-0.16916585116392077
-3.74921875,9.994687500000001,-2.24161132609375,9.670923285919935,9.17764709238396,5.191023417763114,0.3914471566567861,-0.6805143474130438,-0.3984154779358949
1.5212499999999998,5.840937499999999,-0.4826710515625001,10.117761996237112,10.092516676780562,5.702367839710342,-0.29752901720550873,-0.32485178089241484,-0.42535111749448007
-2.1278125,8.64640625,-0.7789136378437498,9.167085903647012,8.435144924508466,5.5363324473771485,-0.06688523105390856,0.049348760268793916,0.21273737845566673
-1.3590625000000003,7.34640625,-0.6229180781249999,8.940847750414596,9.20582243867765,5.429763300721616,-0.0517760960798102,-0.48195656759244354,0.008243249480454618
-1.7124999999999995,8.71546875,0.003405063281249898,8.9442530431557,8.579263686661777,5.407853130081261,-0.08636296211492434,-0.19990789185133598,0.22716753614621124
-1.1235937499999997,7.4540625,-0.6022746961875001,8.454365619161555,9.881342855153532,4.9975549842942,-0.08049490578316401,-0.4333860001180053,-0.16028556623025922
-0.73171875,7.037343750000001,-0.5258730990625001,8.702607647044559,8.520375439605695,4.9498017266205565,-0.1926959516939453,-0.060708013877537284,-0.05114012906008115
-2.7350000000000003,9.009999999999998,-1.90472048,8.6075054458304,9.282318204521973,5.400932690532512,-0.013806619366194848,-0.3758777670635747,-0.10940154759546926
-0.05875000000000008,7.1825,-0.8699996953125002,9.467443474217314,8.24818029173708,5.361436454378567,0.09162018757207004,0.03184135638158177,-0.3085049361779759
0.26531249999999995,7.02734375,-0.06405817387500001,7.10526894475809,9.413434920730898,5.383256000671906,-0.3853683371505688,-0.1886165697278112,-0.31553352876201746
-0.48703125000000025,6.5725,-0.24282520281250008,9.11693165209784,9.907803900209169,5.317775337967441,-0.31587316254626874,-0.6412502061899272,-0.04769817978641443
-1.4301562500000005,8.252656250000001,-0.47607371140625004,8.864780646642416,9.38100928108676,5.2378795569731595,-0.1408542722908716,-0.2831316745441293,-0.5390502697847532
-1.36140625,6.983125000000001,-1.063451180625,8.150662715998065,8.608914869736777,4.86220200481217,0.08372395229742882,-0.16779427443134629,0.5720997306143647
-1.40546875,6.0215625,-1.367993681875,9.126917081099917,8.934986922687338,5.297162867787458,0.31198531834739146,-0.23974222339405488,-0.045677218193225254
-1.450625,7.600937500000001,-0.9308656434375002,8.83466854835964,9.295347075074377,5.062580010457861,0.12858150419522268,-0.2848803289221596,0.00537980798248263
-1.7132812499999999,8.02828125,-0.7533754579687499,9.282101569466823,8.830116355881072,6.313767615131828,0.17063188386522507,-0.04658110991103989,0.15495416838460507
-0.5506250000000001,5.99640625,-0.6435614534375,8.59066260450118,9.096656900887321,5.522508822467233,0.05213250876620195,-0.2630577582516338,0.06100350102670732
-1.0128124999999994,9.60625,0.08810670468750015,9.531993244586557,8.84061128047716,7.4578916671749065,-0.16692382539139747,-0.6001373190044416,-0.09192965330260833
-1.3489062500000002,5.7565625,-0.5807801765624999,8.529856775832226,10.188450295976997,5.430936083007447,-0.25552550947538455,-0.19690824892843728,-0.2766245498059548
-1.9109375,8.372187499999999,-1.5612323359375,8.177332373463473,9.149028887802451,6.472179655017686,0.08568934721215461,-0.3195000409026794,-0.2312260777738985
-0.7771875000000003,8.4434375,-1.620821344375,10.017898586522213,8.55736419311424,5.256401014238288,0.043274661716185325,-0.1144665039758224,-0.1695730414305409
-0.9121874999999999,5.37375,-0.06171718750000005,7.748977849680805,9.089676922888954,4.654873978206724,-0.006153326423232322,-0.23411640507731005,0.42825685726391416
-2.005,7.455781249999999,-1.3571399415625,8.816187526363082,9.610174752034867,5.58234031371706,0.024084503149708517,-0.32207601033274036,0.2526009256358519
-1.0193750000000001,7.4496875,-1.7080767034375,8.881769403355111,8.534361423231603,5.00379037878363,-0.10603155493965832,-0.08069887877477128,-0.266861164668094
-0.8809375,9.571875,-0.34433938353125004,5.878891987108944,4.351179392920384,5.136079371470551,-0.33782539791073046,-0.2825654394538046,0.8083368185569967
1.2682812499999998,10.02765625,-0.12194466453124997,3.3104246114959994,4.5204154061696515,2.8070253391132023,-0.28762624915312013,-0.06692169626723425,0.24150365175715804
2.046875,9.8015625,-1.0719639261875,2.4098326413622586,5.097045166917177,2.330118029328852,0.11989338395583939,-0.2689778661565963,0.8298251875588105
1.94796875,9.618281249999999,0.4573457528125,2.882927212317966,5.3633069190937075,2.624306954525826,-0.40187218481310455,-0.5013595332779973,0.758990421228306
2.27125,9.68234375,-0.8993685719375,2.3146398882979615,4.984541648370082,2.1413449008414394,0.34824334259130546,-0.18127688513870185,0.7306266600394549
2.4153124999999998,9.96046875,-0.9221401175625,2.86056046122849,3.832365632709572,2.233562716275825,0.5151164689427876,0.34011726254920177,0.21903025227959289
2.13890625,8.170781250000001,-0.9349091734374999,2.4579374719896636,5.3081765656530715,2.0019295984157894,0.5542640863339008,-0.10744109843726522,0.553268791098504
2.20703125,9.751093749999999,-0.45457910490624986,2.8836390202352717,4.518572824046431,2.147162479777705,-0.20664402467298085,0.20637490141717296,1.3392611899315983
3.0171875,10.70609375,-0.007448605937500019,3.4693589414823816,4.887228130925641,3.3800542888492964,0.5292482056124352,-0.07699883430607322,0.4226399541869237
2.7201562499999996,9.67578125,-0.7342218749062499,2.65801529116857,4.433285958479154,2.2468191089299676,0.4440998329870373,0.280878349632691,1.22584302404103
2.42296875,9.65890625,-0.55119844865625,3.059121953113906,3.445630891609102,2.3944964526741437,0.07177446829975101,-0.7855232191977837,0.08472209621571497
3.11015625,9.9025,-0.5688623461562499,2.8344992349771303,4.288492232125412,2.0785576833512094,-0.04967704613404309,-0.11946414521830578,1.1566471598016443
2.463125,9.958437499999999,-0.37817747500000004,2.469944884886098,3.599553886746766,2.349642905991435,0.4266842109986903,0.1911690397211171,1.2365759364268465
3.03609375,9.77828125,-0.4852248787500001,2.589174951352445,4.179190469863564,2.5701115814342645,-0.36449684983825364,-0.09583421314668307,0.9380024967706642
2.3451562499999996,9.836875,-0.7154938888125,2.402877826812245,4.1206961923169,1.7574042125817833,0.1303300516429905,0.17404822300450448,0.48735785227018724
2.46671875,9.488124999999998,-0.75401393265625,2.307652388445547,2.466300287753906,2.02477926888101,0.8033767401763897,0.48676330468289086,-0.30981459665871014
4.3725,7.6346875,-1.8864181365000001,4.6025410780350455,5.000957398573172,4.466256092564205,1.4468254539227927,0.21437404132749238,-0.3724892193654987
2.8293749999999998,8.01703125,0.330080604375,5.174285540958771,6.165257668907557,3.1861041591878583,0.016663857640405795,-0.09521896737376895,-0.012610042313362425
1.8984375,10.130625000000002,-1.4414158332812503,4.644889402191806,5.879378654192549,4.884917110430349,0.5300649822613922,-0.36504876090700916,-0.13691470956652732
2.4798437499999997,7.84265625,0.10534483968750002,5.253032009048292,5.782280649262533,6.516803273092645,0.7986894505509462,0.20592606178027414,0.19727806579889798
3.0179687499999996,6.35515625,-1.0757946403125,4.523369243332169,6.567442898540188,4.071117432673687,0.2327123305778072,0.4227813449564784,-0.7237810327822642
2.6139062500000003,6.664375,-1.8351290570624998,5.015600854205898,6.377056990444339,4.034899582062025,0.7168033653828729,0.1636568073705526,-0.5359464979040027
2.1503125,8.19921875,-1.05791797,4.722898993451348,6.060612413539447,3.397240328350735,-0.1295396146181142,0.04783401722199549,-0.24057403088434484
2.99125,8.52109375,-1.2800999090625,3.982901933578079,6.4963025823318095,4.0075902038816125,0.4792287330696741,-0.24202775440080057,0.2273025137792353
2.18890625,7.9671875,-0.08980921843750005,4.811431737665093,6.71281760625475,4.4905903583362905,0.41823759735196797,-0.03937358747289903,0.6095227425342947
3.01078125,6.512968750000001,-1.0926072791249999,5.112849714410588,6.99099704076775,4.188070374987779,0.3926124028045363,-0.08630033101222263,-0.6757663967460075
3.3899999999999997,8.55609375,-1.2792486103125,3.9951208523647943,4.9360211763839645,3.044236501367698,0.6711585008421198,0.15058738702678928,0.25362972882440565
3.369375,9.954531249999999,-0.41158987078125,3.1778185692979704,5.110052876954742,2.4852440619704654,0.1802710404345698,0.01274110930203856,1.126939279606823
3.4095312499999997,9.150625000000002,-0.46373026937499995,3.3235440560903413,4.220133985950564,2.350324612402167,-0.025679273539309263,0.055978360917965576,-0.03948241615253059
3.9018749999999995,9.60234375,-0.55055999428125,3.4278409180379126,4.929273444873589,2.206446133511186,0.5260022313846966,0.10008099623718916,0.9511349434573951
3.2300000000000004,9.447343750000002,-0.8063671665625001,3.3991115567159604,4.017755219875389,2.599052002103674,0.8419611880759786,0.24260676122410738,0.578238880131641
3.7984374999999995,9.55875,-0.42946658125,3.596490137424785,4.744104729819948,2.1455492591929723,0.059597730502525294,-0.11329181233823295,0.5559318955138131
3.5090624999999998,9.3553125,-0.5337473740625,3.3260870961377047,4.487460643542598,2.030762380034447,0.1508331400503875,0.022647446649175833,0.7213981723140591
3.4390625,8.82609375,-0.09321425309374995,3.1322334876400495,4.8086421606011545,2.1035435602568437,0.12653311600797593,-0.29262926143784757,0.5904377461852732
3.6042187500000002,9.597187499999999,-0.47990443359374996,3.324862687337394,4.47167350830131,2.119895330826414,0.25644280357627947,-0.09285818193512232,0.8906931438872269
3.2690625000000004,9.86171875,-0.525660295625,3.6308976673949034,3.9449301145138724,2.5124243797256063,0.32348428607624563,0.24079050123887366,0.2550485977304746
3.52609375,9.8090625,-0.53821655446875,2.981770980258366,4.047074838212626,1.9667626903405884,0.27447479918990303,0.22844931592437018,0.8012244961852147
3.93375,9.28734375,0.19238740578125002,2.997468463136852,3.625379825871482,2.0591395701375497,0.49535789768160027,-0.17426797849872583,0.34661896770778067
3.67125,9.795781250000001,-0.7010222815625,3.4938336304838558,4.283121599913834,2.4966858027786274,0.6081766985801942,0.25412828164401113,1.4102279030892018
2.70765625,9.659218749999999,-0.9972648478749999,3.3488028374832606,4.0366857943303485,2.60941264760391,0.49663181178616067,0.30032949256778235,-0.6068778182058856
4.397812499999999,8.578281250000002,1.7016921506875,4.245203715941527,4.308440319117631,4.314716622815775,0.6173391190479725,0.48657279823854777,0.4208143866699459
3.4484375,9.43765625,-0.57780069015625,2.75822475672193,4.214066749511205,2.051504576926949,0.4742885796041704,0.07480440674548584,0.864458686821511
2.941875,9.3378125,-0.650158797,3.242606915642875,4.386465144606047,2.635823494323417,0.22714688183777568,-0.0064612604604813,0.6987398286521679
3.59875,10.166250000000002,-0.46819944790624995,3.6522533712079723,4.920947730112565,2.448692561779397,-0.017074698658291976,-0.30479262356275827,0.19254824614318472
3.33890625,9.580312500000002,-0.49501452428125003,3.164217970717399,4.46880645724826,2.3156972196015766,0.5545816078558476,0.3208883849835938,1.1079722607255997
3.5103124999999995,9.677812499999998,-0.8423333700312501,3.8782671584541144,2.9696898347880962,2.7212037257289374,1.3389668052698802,0.6606282779813188,0.9379413217572712
3.935625,9.349843750000002,-0.5201270321875,3.7866974706695284,3.826196909214937,1.7332776657355968,0.8230810815333035,0.016091675231502265,0.7333584312480271
3.559375,9.293750000000001,-0.44989710559375024,3.97777649691068,4.701317468274186,2.57355647060556,0.19828805556099927,0.08813193898663675,1.5540058169138034
3.6576562499999996,9.981562499999999,-0.2645326953125,4.211405548547414,3.674654413491662,2.9080267914880378,0.012085038397806088,0.3468893920173254,0.14068164405133557
3.8281250000000004,9.392812500000002,-0.27113004946874997,3.4675661831283047,4.358843549594749,2.112561747826868,0.46759025977760754,0.2811626738209425,1.2323080829557838
3.4090625,9.135625000000001,-0.06405820437499998,3.673611863152359,4.456169836235486,2.7059331122803276,1.2386982069480128,-0.04349494518039524,0.9024082103363025
3.6025,9.4146875,-0.25793534725,2.9648455904144484,4.518266042116571,1.8825602456796766,-0.04304652935711846,-0.23866441838803534,0.5696651042548975
3.2478125,9.84390625,-0.8961763138125,3.582874835916509,4.020690090483341,2.5689921557684503,0.22378863972311697,0.20686052574125827,0.15384691467504372
3.9884375,9.98125,-0.26431987078124997,2.9938678049629632,3.851717352363748,2.010842547682035,-0.44844431829536413,-0.026751179319905404,0.4962323821928641
3.43625,9.730625,-0.32646270624999996,2.8250495017786856,4.0706663593784,1.9110820390539807,0.20275492110736063,0.05632687158847239,0.7790603744258726
0.051718749999999994,9.848749999999999,-1.2320029949375,2.8366438987646014,3.6674882838940333,2.585190941143568,-0.44834174150178513,-0.37455388780329774,0.44467558307867594
0.37234375,8.3728125,0.91767091890625,4.3980797451087605,6.136348789373348,2.716275095036804,0.4505947644660384,0.34381240482064146,0.5981710645150058
0.22953124999999996,9.989375,-0.33093189396874995,3.3565213715651265,5.195497111381643,3.7475829360364474,0.17491532269885232,0.013049705005138823,-0.1882006671037823
0.08781249999999993,8.908125,-0.36264179546875,3.762904657952916,5.976200160584901,3.6706311344923637,0.9374374720470581,0.0821181016921379,0.7644253587280819
0.7589062499999999,7.5846875,0.8523358285937499,4.104949800693175,5.2744875250913,3.270574746514535,0.8580462741356706,0.22172589671245568,0.13533460402663638
0.08562499999999992,9.22578125,-0.2777274263124999,3.829128439916191,5.514822867930432,4.342289393744681,0.5132539255522424,0.24250830118831404,0.36062722547982645
1.13890625,7.64578125,0.7120888089062499,4.3241184496046055,6.39611083117299,3.828365326958044,0.33415638364186684,0.4486366838850556,0.6209734179684944
0.7759375000000001,7.868125,-0.49544015625000004,3.356709567581585,5.432136111547187,3.3105856287593705,0.05208872317465459,0.10421605612066519,-0.24230196604205392
0.76140625,10.092343750000001,-0.23580228000000003,3.7220780768222657,5.687997160190565,3.826711670111989,0.8514598406013806,-0.3163316188040744,0.13306726888317977
1.174375,7.06484375,0.47756345171875,4.518183704142075,7.082901945924844,3.920949030844165,0.42959572867116586,0.183341291331419,-0.16829748023189256
0.31609374999999995,9.05421875,-0.62994107859375,4.228741914412717,6.418397094652874,3.9065741499696665,0.47656287452466517,-0.0017941165109656865,-0.17416122142427207
-2.7926562500000003,10.093125,-0.12556257899999998,3.147995514106705,5.297829412540102,2.4904637817147752,0.2978376472778844,0.06573288968969947,0.8211589206713132
-3.2640624999999996,9.5046875,-0.68335838484375,2.603043722470629,4.642178895986641,2.3613198128923294,-0.2856468598096365,0.03948678177220835,0.3901305370388227
-2.9881249999999997,9.162968750000001,-1.22136212078125,2.8431457462421794,2.5302597937807567,2.0799048334838677,0.4706693427597214,-0.1828078777176216,0.3446923068018717
-2.35859375,9.9021875,0.006171724937499984,2.959914413452007,5.06463148608502,2.2766551305382228,-0.1760036023910819,-0.2293269093653586,-0.0256946346951828
-2.87453125,9.39125,-0.4249974203125,2.914958688433412,4.2967754988479445,2.2451716145257485,-0.40648215250231234,-0.06769621245526447,0.5924657758872812
-2.7071875000000003,9.815000000000001,-0.37583647921874996,2.985829275903723,4.557611079282655,2.7818650740782505,0.039209319607498995,-0.2109461804659489,0.08513122439602293
-2.77734375,9.59765625,-0.44415101459375006,2.5344114468325656,4.508609036536206,2.335002978986732,-0.225177566175264,-0.08633316943297493,0.7334298258856289
-2.7225,9.79734375,-0.32305762037499997,3.2922114528079756,3.739484942052306,3.007330377122804,-0.5437768251942031,-0.23749879111173977,0.26679267089805153
-2.9534374999999997,9.32640625,-0.5094861139062501,2.3244342179536397,4.676168091767119,2.570424224614292,0.4431189374828715,0.17092024047135437,1.0615478205086164
-2.7350000000000003,9.80453125,-0.45585601771874995,3.0079363773191745,3.627925513330371,2.327964034409301,-0.7597207471769054,0.07429455743430685,-0.242118512195734
-3.25390625,10.50546875,-0.039584125156250066,2.5750343548603265,4.478399173284293,3.0160015817461416,-0.1557787392764016,-0.045460971312015194,1.0606442208035567
-3.0337500000000004,9.744531250000001,-0.532470455,3.7902026248605765,4.176292812444242,3.139527800228838,0.26957468363662046,0.28820193076197775,1.009178020211617
-2.7954687500000004,9.966562499999998,-0.401800263125,2.5979877608013164,4.4257447179648475,2.5713603809494963,-1.0236053236118354,-0.23347687702137865,0.30736142630357133
-2.78484375,9.633125,-0.09342707109374998,2.914101486837055,4.261973162089949,2.086073470289158,-0.8502904287220431,0.18328347612779516,1.3523500799610781
-1.72984375,8.30921875,-0.64568960078125,4.070610554706252,4.642007346197164,2.724849163162375,0.8149603450155154,-0.17693837370951257,0.8944718249396556
-0.5076562499999999,9.54859375,0.022984337906250013,4.284764339416572,6.616604554827267,4.2978199133741946,0.5010528156092984,0.05974031757031939,0.5012552152309023
0.41984374999999996,9.13765625,-0.2604891539062499,5.391840331749998,6.000724628687434,3.496502428081655,0.6543563464484883,0.15004891538372347,-0.13139644401544948
-0.8499999999999999,9.637812499999999,-1.6061369481249999,4.253387620473827,4.954000425398019,3.4807311772953935,0.7336857132932229,0.16536224413384668,0.45008126137254173
-1.11234375,8.834218750000002,-0.06682483106249998,3.9622636925545396,6.068380602734838,2.2747519461900336,-0.7407175729931562,0.3684356245845463,-0.8116241733299936
-0.46781249999999996,8.705468750000001,-0.51331685475,3.6379658072669883,4.952451075505283,2.29225189309405,0.23521076251337722,0.28876291326028003,-0.7998099857309411
-1.68953125,9.28953125,-1.537396760625,2.6788438677484434,3.4063265723904745,2.743086022379662,1.341003758284535,-0.6029137347385639,0.010334096461348346
-1.7815625,9.878125,-1.01748253390625,1.72248931305647,1.5482468664185953,1.6813229380124923,-0.34068680948257235,0.5174171042999183,0.5334610600427134
-1.25921875,9.19875,-0.2992220111562499,3.0468581690240253,4.292633406488376,2.28765079174009,0.22890521243974307,0.2986495157064948,-0.7958410557641027
-1.149375,9.3540625,-0.18046959509375005,2.9100853053432987,4.916904106863765,2.498157471645048,0.05787703251874581,0.3447068758043621,-1.39923649864403
-1.20546875,9.837968750000002,-0.45372785199999993,3.119022247479719,5.036117732095174,3.267364869384051,-0.01926575980126328,0.40121154411543114,0.15153158168546987
-1.93,9.84765625,-1.01982353,2.1626589536956584,2.469053932042785,2.5572457826164126,0.37952112540192534,0.3554617615377366,0.1930399459313979
-1.6257812500000002,9.8003125,-1.15921927796875,1.3645406790009733,1.0999473975348777,1.5160136091613092,1.2577450060351278,0.17312202404273558,0.9048027622372302
-0.8728125000000001,9.028906249999999,-0.1219446709375,2.3991772474837596,4.361157786782191,2.1557419958731545,0.1628210053791415,-0.11420692823276317,-0.33959442668453715
-0.5367187500000001,7.8709375,0.14918536634374993,3.334653774516694,5.632405047676681,3.0408460316403687,0.7050285785719977,0.04724724380005276,0.26377734625972005
-0.9648437499999999,7.9890625,-0.62015146578125,4.518030541683615,6.163356106545667,4.397629235487025,0.3797901185716464,-0.10864195422422719,-0.24270220889674735
0.6407812499999999,5.38328125,0.32453648634375,5.0210181066341955,6.565310601631764,3.5964788355045636,0.07476137738120127,0.39518349559621135,0.19463642071919304
7.733750000000001,-1.9532812499999999,4.5689062499999995,0.07010037446404983,0.05043729670033376,0.0526817445699884,-0.7672622866870386,0.8570568601272173,0.15580108865014816
7.709687500000001,-1.96875,4.59078125,0.039329090299039575,0.02117634293262178,0.03103952558331886,0.19284463345342126,-0.44055143621192516,-0.010213737271336707
7.70859375,-1.9637499999999999,4.606249999999999,0.0423477857855344,0.02997394702070451,0.0437142711251144,0.24841127956347847,0.4051344406688025,1.1356079335477762
7.75171875,-1.9590624999999997,4.578125,0.039272871023615076,0.021845962870745726,0.033301417011893125,0.0014695058443641065,-0.2637017903611755,-0.2269212197688539
7.745625,-1.9514062499999998,4.59140625,0.040306443343465635,0.02090657697801103,0.03101749443358547,0.04534418688745537,0.06359282650743471,-0.57750019609178
7.7748437500000005,-1.943125,4.57015625,0.06478310417028109,0.058706766006994475,0.0420747915733102,2.059731976260679,0.964986285681191,-0.5508924691806727
7.807968750000001,-1.9604687499999998,4.553125,0.29113559817280577,0.13443666826218767,0.1559434492853098,1.9956592633728865,-3.6217927250702755,-3.357730494059169
8.044375,-2.4465624999999998,3.9323437500000002,0.30733163581870315,0.2720134345832022,0.241458732159219,-1.5136825322715826,-1.3345183602821087,-0.13395153520872927
8.06640625,-2.39984375,3.9540625,0.05265949544894535,0.05045084821821637,0.058194682693094794,0.271286939906291,0.334694471760106,0.29081483150522563
8.100781249999999,-2.3882812500000004,3.94375,0.0848952422014184,0.07294164378760261,0.06801883930206389,0.5749883865632148,-1.4476976111861963,-0.18671446686591445
8.142968749999998,-2.36015625,3.9323437500000002,0.052460690268404726,0.025217317183584494,0.04652761906585702,0.19508368183217312,-0.35069713237044337,-0.8981844931723592
8.18734375,-2.3254687499999998,3.8906250000000004,0.03941930790789585,0.024169304363955174,0.03239767545673612,-0.21512250848033038,0.16692328984587224,-0.3151975301615309
8.1984375,-2.2820312499999997,3.9365625,0.054692856880492226,0.0400850536164977,0.06715696980768257,-0.08140534676141338,0.05438691416349091,-0.10868313770202201
8.135468749999998,-2.3525,4.0203125,0.0695505591166419,0.0934913097565758,0.06400607270993883,0.43653365825041907,-0.3399584476021634,0.35086367141320723
8.151875,-2.3678125000000003,4.02078125,0.03686440525764674,0.026188544131929233,0.03093868368947663,0.5321877294982257,-0.834024769742874,0.6739656390875196
8.151250000000001,-2.365,4.0290625,0.027810744326608846,0.02076655965729529,0.033011302515199105,-0.23372261898741875,-0.5757584278014672,1.0207941343107643
8.16734375,-2.3765625000000004,4.03640625,0.0457999108725934,0.03387563421915532,0.03809392944994634,0.3343855366101965,-0.6583676939218327,0.3027948541909073
8.165625,-2.3743750000000006,4.0740625,0.028166635848109342,0.0234437491668889,0.032486475551373656,0.0641754698661252,-0.2825117382551942,-0.23401094088228666
8.16875,-2.35734375,4.0806249999999995,0.025950674365033254,0.022929388041059998,0.033160358487205804,0.09454845963500277,-0.33483175461735265,0.11485444484266072
8.168750000000001,-2.3726562500000004,4.086874999999999,0.030388114452858,0.022929388041059966,0.03166598135223354,-0.1749782432701667,-0.3572922163915813,0.2753683525139093
8.183125,-2.37203125,4.095,0.028986796563262966,0.019298614547099042,0.026925824035672546,0.09616988540558287,-0.5461153641771967,-0.15367890056033115
8.191875,-2.359375,4.0825,0.025670690972390928,0.01836053852696059,0.030720514318611294,0.2127569633064084,0.18057581961961536,0.10024149227247926
8.2,-2.3553125,4.078749999999999,0.033166247903553894,0.018871998933605427,0.029127950494327634,0.6578429336242707,0.39722348321475665,-0.01280310390762381
8.229218750000001,-2.35921875,4.080781249999999,0.032944303732777624,0.03519164884510966,0.03833669454240285,-0.03590826990225999,0.1739496093869198,0.5508935626888303
8.11703125,-2.52828125,4.14453125,0.14829952469053126,0.20705188576402178,0.0761768027252228,-0.009617170682135152,-0.0953942764775681,0.4507624717536037
8.158437500000002,-2.41046875,4.172968750000001,0.08728936701425898,0.08763257255973664,0.02982656573321015,-1.789120926223575,-2.3858235158306176,-0.366128241015205
8.16875,-2.39171875,4.16921875,0.02869560070812244,0.02540636531339149,0.02996376392307055,0.15721522072770555,-0.08733703659853816,-0.3707256603140099
8.158749999999998,-2.38078125,4.1759375,0.031598061649411424,0.025818155403465656,0.029671048072995428,0.24552822412100916,-0.24058151739037914,-0.16929252078002474
8.157499999999999,-2.383125,4.18703125,0.027271780286589352,0.02416576866147655,0.020591236568926707,0.07857415688817523,-0.6417837372224026,-0.6400679906054234
8.190625,-2.3696875000000004,4.14140625,0.0344544536308443,0.021137108216357406,0.0360930735867355,-0.5571614397603603,-0.4778520189553629,-0.22162331079029723
8.22671875,-2.37203125,4.14203125,0.03570953511931378,0.024314327534141353,0.03428646268481926,0.12099647497228141,0.0022817640359294885,-0.12637953026800913
8.233125,-2.37296875,4.15140625,0.028770373216209885,0.022822664687487816,0.030406988685785754,0.26861979123193674,-0.8154772295389513,-0.35726165937413956
8.2515625,-2.36546875,4.1275,0.032123723223655073,0.020534246356696515,0.028173569173961636,0.08492563712466583,-0.5554493759014112,-0.012576706432746117
8.22171875,-2.3776562500000002,4.155312499999999,0.04321294248761014,0.026910859070968074,0.034998604882909325,-0.23691980820417996,-0.27877659041705133,-0.5995600657709749
8.177499999999998,-2.3925,4.1781250000000005,0.02537222891273033,0.02331844763272206,0.026976552318634155,-0.31568802115931166,-0.4658144116881524,-0.27824306674505234
8.183124999999999,-2.3909375,4.186718750000001,0.025302853099996223,0.023764387089718973,0.02692899735299304,0.6307061008629427,-0.11210752090966072,-0.4991849424894587
8.19125,-2.3910937500000005,4.1846875,0.030388114452858016,0.026405325427600816,0.02449290394685786,-0.03883765304085066,-0.2838807015143501,-0.2940359681861295
8.22328125,-2.3801562500000006,4.17578125,0.040002136173428376,0.025463956604139578,0.027260587822670018,0.3282265486406676,-0.26643656997572807,-0.7005199112649912
8.252031250000002,-2.380625,4.1765625,0.029747882671502822,0.022211694554896123,0.03016717742431342,-0.13690748300678654,-0.6741168654526498,-0.39313730374833805
8.23109375,-2.3809375,4.178125,0.047733543875743155,0.02821340273256674,0.034499773549981565,-0.1160185669062193,-0.5055797122052242,-0.36647120582031845
8.210625,-2.3810937500000002,4.188437500000001,0.028497532787945107,0.022784121904025657,0.028951400549023648,0.3419829733397926,-1.0223721889490587,-0.26161277625267587
8.209843750000001,-2.3881250000000005,4.1899999999999995,0.030284700525801976,0.021130176880471228,0.024366985862022524,0.20730296171007379,-0.5053972770164734,-0.2851139841583576
8.17578125,-2.4068750000000003,4.211875,0.04201207741159078,0.023774658252012814,0.029308435219233486,-1.4114881539310007,-0.024526239893084865,-0.3336927942214819
8.182500000000001,-2.4007812500000005,4.21640625,0.031523800532296115,0.021600396950924333,0.027915452010266732,0.3680956416728311,0.46358656317890473,0.06153284250714337
8.25375,-2.3868750000000003,4.16671875,0.033048260166005684,0.022836032383056436,0.0273892478618436,-0.47693290042910264,0.24293855937538947,-0.19325820740886948
8.241093750000001,-2.386875,4.178593749999999,0.03865379943728049,0.04049980709830615,0.031318284770042976,0.196187991860962,-0.03812654325269364,-0.15056111279625234
8.25734375,-2.3356250000000003,4.198437500000001,0.05715226886080293,0.0548826873886475,0.04874098474333498,-0.3224035134435474,0.2824636964116239,0.2146809191121352
5.321406249999999,1.2564062500000002,2.98296875,4.5528266862423985,5.573556810732348,1.8318848555581864,-0.8923289273665885,0.8884742917290969,-0.902222473666704
-1.45625,9.776250000000001,0.76828125,0.30255939499542894,0.079931611393741,0.37146060813824866,-0.6322141268380798,-0.05796407781038575,-0.8006102585213418
-1.48671875,9.803749999999999,0.50125,0.31026729750077997,0.05791966419101555,0.3099773177185711,0.36412312973448824,-0.040107429523299085,0.6881027462489772
-1.5971875,9.79453125,0.46281249999999996,0.1549643986332022,0.07603308670202406,0.13071281438233207,-0.3418275970830167,-0.5588978020697216,0.8215016288597358
-1.12921875,9.75984375,0.9821875,0.278401153281443,0.07302594118487955,0.3574015106903579,0.2476563165302388,0.02298957517350884,0.3152149906152689
-1.1560937500000001,9.73828125,1.1439062500000001,0.18670345125609622,0.08438295680075163,0.1689269182544259,-1.0662999860313085,1.6889968605008727,0.055436354747127665
-1.3318750000000001,9.8146875,0.62875,0.20686555869694695,0.08062197184235834,0.2631747280800343,0.11124722749963262,0.3976803053993975,1.8419934039286596
-1.490625,9.79328125,0.6273437499999999,0.054021841647615115,0.030824842228915083,0.07620371930514613,0.9821891001120356,-0.06288046675888499,1.7308634829023997
-1.38390625,9.7728125,0.7915625,0.1449743208673091,0.05778377664838113,0.10661289131127624,1.466172961107855,0.007898842250527545,-0.5524363639735937
-1.3482812499999999,9.790312499999999,0.7879687499999999,0.08012791896984157,0.034953931735214064,0.06885627439411388,-0.13983365779893026,-0.012918507625947625,0.6567889546684094
-1.34125,9.790468749999999,0.82765625,0.07676058558922018,0.03989947084157265,0.08654374232685748,0.07594204191963334,0.13522507766920552,-0.08976238499728735
-1.37546875,9.7890625,0.8020312499999999,0.0834777232166612,0.03998901216271792,0.07439715400092602,-0.12870238402656609,0.3327679367160908,0.19631971601148937
-1.5143749999999998,9.8,0.5696875,0.14388444799560512,0.04527692569068711,0.21734167189876405,-0.25553662074003614,0.2646316448012782,-0.4160217702962204
-1.39140625,9.79671875,0.70796875,0.102878374602914,0.04283159929815254,0.09482186732730748,0.1640023868858605,0.18433956311574423,-0.26376227156363563
-1.4540625,9.80140625,0.6384375,0.09501182081062336,0.045821228278359265,0.07722165236350488,-1.2549341902853086,0.10815611736672204,-0.7324041556814394
-1.33515625,9.776562499999999,0.82125,0.21230867995901037,0.06047258547267523,0.16231239170192768,0.3471888930184369,-0.6358847972336348,0.18756924936940045
-1.5081249999999997,9.79453125,0.6034375,0.04565067770581291,0.035086041005469804,0.05990144901210654,0.5724320692659096,-0.29011126190534464,-0.3142485359901623
-1.47578125,9.779375,0.7181249999999999,0.050491480949141354,0.030815732589052677,0.059289411997421604,-0.1350787778410429,-0.21039392812821048,0.6625794875175555
-1.51109375,9.768437500000001,0.70953125,0.047994699821308405,0.036151536533735366,0.05638676948928269,-0.900168727526416,-0.5561372867589365,1.0428139875689513
-1.4096875,9.796875,0.6917187499999999,0.1960784979128257,0.08102613390135309,0.1835377574191139,0.7344198378621843,-1.7790168617365882,-0.05046295660576686
-1.4743750000000002,9.803749999999999,0.64234375,0.26324818968988184,0.06515606264961087,0.26257583539986595,0.25563836557922187,0.13048707895720457,-0.17371188362469595
-1.56734375,9.79625,0.5625,0.07685705456194311,0.02666341125962715,0.07195918982312127,-0.48681594713987364,0.5236216148635023,-0.608056882452299
-1.4885937500000002,9.77078125,0.73046875,0.11731191312453097,0.08872895327026863,0.1756632937566568,2.7824481523326297,-0.33699278713387765,2.1129437368172312
-1.47,9.778593749999999,0.7345312499999999,0.17926935041997558,0.052167614100488674,0.18302945192902015,-0.016760631070147466,-0.9403288409071477,-0.013617716600742718
-1.4078125,9.79296875,0.71609375,0.1387271236772031,0.05014602699554082,0.13119185840187456,-0.1028134190848482,0.31151139495755087,0.10341982350948338
-1.41984375,9.8021875,0.6846874999999999,0.13773266891314312,0.048330527037784475,0.10828158820293506,-0.059120013727072526,-0.07580819189997001,0.34530061069289797
-1.3942,9.765199999999998,0.8164,0.2135985955010004,0.09646222058401939,0.27513458524874695,0.0019415539307118313,-0.4507445457069599,0.10683972683151437
