-0.4778125000000001,9.6440625,0.10281249999999995,2.5164325373122463,3.113094430561616,2.7401228694793507,0.11749667388542062,0.11486205349776674,1.210767331599527
-0.609375,9.719140625,-0.16281249999999992,2.8047258528018384,3.2888780446718617,2.588842929735937,0.09894122870398615,0.19745072740908773,1.7293785966153192
-0.5362499999999999,9.746640625000001,0.2069531250000001,2.798621870671349,3.327623560192711,2.962129607276281,-0.037568717378372696,0.3657739437015639,1.3862912869444601
-0.703828125,9.741640625,-0.06367187500000004,2.773885508489668,3.5000412446997835,3.115927297544663,0.12374376197222467,0.28176662844913014,1.893619144311934
-0.29328125000000005,9.783906250000001,-0.050859374999999984,2.614163677622049,3.199642371220718,3.195168233868854,0.22706969625739593,0.053602259006452935,1.591951013814895
-0.5150781249999999,9.669453125,-0.026249999999999996,2.562908198004073,3.4709833595362762,3.1621299190577226,0.19552951012814399,0.16909419062762945,1.8896805155370484
-0.65140625,9.570078125,0.18679687499999992,2.5582891421731317,3.512046344390473,3.0255541676261943,0.26574656507534916,0.2527840338650294,2.118516008366053
-0.51625,9.939062499999999,0.15601562499999994,2.601043961085625,3.521293139046187,3.1258364730110015,0.048713566203926396,0.2783531979114287,2.0762023349080723
-0.9244531249999999,9.598515625000001,0.3407812499999999,2.6293727889798615,3.4068891808188977,2.864966625398704,0.26922482739598624,0.07528786630598776,1.397313343953452
-0.6005468749999999,9.645624999999999,0.12898437500000004,2.7523206993694855,3.2105243803582932,2.6754917304592554,0.21723787458181953,0.2672172172204861,1.8298687033919463
-0.623359375,9.854218750000001,0.147578125,2.983841189783667,3.8582234839558525,3.0692267313236217,0.07236337314222535,0.14752369354052555,2.339228828838797
-0.674453125,9.788046875,0.007109374999999946,2.333473741212387,3.685373763819992,3.215079011554321,-0.0008158089089350698,0.16569549568177763,2.0420773765539018
-0.9812500000000001,9.576875000000001,0.130390625,2.6813735402774452,3.7581739561088705,3.233202602090087,-0.1354399100371945,0.3288394074944169,1.533316350514665
-0.8242187499999998,9.572656250000001,-0.12070312500000005,2.5472312202955663,3.4681924066199006,2.9865658015294483,-0.01827899094943579,0.05490016062189771,1.7214697354557242
-1.05328125,9.739374999999999,0.0011718749999999334,2.5609767147317912,3.68356500850399,3.00218946694891,-0.16423388623615504,0.2046938344648174,1.4715126320257303
-1.0864843750000002,9.564218750000002,0.13273437499999996,2.662258964982719,3.6219835745967206,3.0761800872906253,0.02457449055031548,0.12968127705546995,1.5948026687643135
-0.672421875,9.883046875,0.08296875000000004,2.539074864152588,3.831144892235575,3.4439606014040636,0.04173083512502838,0.31124770900513565,2.246893804234782
-1.0223437499999999,9.925312499999999,0.22710937500000006,2.4725605036754787,3.9248925020112013,4.0958781018894,-0.17021713086685164,0.2812951253452267,2.37319795700773
-0.8397656249999998,9.932109375,-0.23757812499999997,2.667586533520208,3.572583460436874,3.0006246084392973,-0.14974116183374966,0.26956628050200715,1.8237813304693338
-0.960078125,9.717968749999999,-0.017578124999999917,2.588833441464801,3.5458486641456424,3.1289027494908632,-0.07178423088181292,0.21806018937816973,1.3743191637278067
-0.8866406250000001,9.68015625,-0.29648437499999997,2.4082138990026634,3.1327446493587594,2.5659381172644946,0.10156281222031016,-0.09840335000438546,1.4991727459463604
-0.88453125,9.81953125,0.15570312500000003,2.725902906428151,4.149606506076623,3.497966526157052,0.25011548023639524,0.24077876562855205,1.8973419536027418
-1.062734375,9.677109375,-0.24937500000000007,2.4460167603561835,3.7027154630807253,3.0700587204278356,-0.03533453698983402,0.14779063264156286,1.6958537701599503
-1.2634375,9.7425,-0.09414062500000003,2.555672134408823,3.816151530010306,2.9519467960101533,-0.19164125821081113,0.24368641690979587,1.517203484177452
-0.932734375,9.81640625,0.23164062500000002,2.617408580914214,3.790757414087709,3.232153108161742,-0.23483642163173585,0.20767358333735422,1.4606790328901373
-1.2400000000000002,9.62328125,-0.08187499999999998,2.5403912100304553,3.6637449056120754,3.121133545584841,-0.0037504633089409686,0.19609480195502071,1.6805913793541007
-0.9738281249999999,9.83578125,0.5711718750000001,2.5305934707512754,3.4510685866334847,2.934770971977027,-0.007571507098077987,0.16065221868263133,1.4631291210241173
-0.786015625,9.748437500000001,0.24976562500000002,2.3633478438447986,2.6678427724650025,2.574782898870963,0.19487237707038382,0.0834386400804165,1.4384308857980395
-2.0203124999999997,9.455,0.03671875000000001,2.9895931311540958,3.385459948441275,2.9471154089038385,-0.6404530045893844,0.1410419658168644,1.4585866517262174
-1.317421875,9.888828125,0.37804687500000006,2.520109510918421,3.9952586393697946,3.3619000530284557,-0.10352579205271531,0.18426679901416362,1.9354547210978907
-1.4085156250000002,9.625078124999998,0.015625000000000056,3.0089310004353473,3.934486941635019,2.994402264538784,-0.028122788554754814,0.1272680271330138,1.5081680866685325
-1.2998437499999997,9.5984375,0.176640625,2.6789284775980744,3.962527097206245,3.2173492770990237,-0.077862468117786,-0.02284423875593329,1.597666537180014
-1.422109375,9.502578125,0.13851562500000003,2.491121312639573,3.968667960981554,3.757098092661524,0.11620528023147515,0.3585176058088167,2.240619038881694
-1.3271875,9.9059375,-0.186875,2.798120166262298,4.309945518344025,3.076462495200454,-0.07408665015222958,0.16839500635799304,1.560482461797316
-1.45328125,10.01359375,-0.295390625,2.767951100705798,4.274963767093347,3.47842769400373,-0.29041395514088064,0.16116336778768345,1.8876897744701773
-1.49484375,9.584453125,0.12609374999999995,2.855769648988856,3.9082072713621185,3.2961393692031495,-0.2392129141532065,0.3654601807970385,1.6112930312121208
-1.4403125,9.81796875,-0.0315625,2.78064317467088,3.7868828621338997,2.9974237473359935,-0.32371182685517963,0.11235330961655311,1.7324803584575554
-1.355390625,9.750703125000001,0.28703124999999996,2.704891085591453,3.7547717939130782,3.3615085339804565,0.1284372382491686,0.20189420083597817,1.4636154124055218
-1.567890625,9.919453125,0.04296875,2.8569713674251456,4.090256583599339,3.1197031007010008,-0.36682919715930173,0.04053825317736967,1.7283246719402907
-0.1678906250000001,9.57359375,0.3100781249999999,2.582187073352183,3.4076922942749595,2.8879378715870057,0.34642032333495215,0.2983671512718437,1.653630088966025
-0.24007812499999998,9.762109375,0.250390625,2.546671386368191,3.2534279163348785,3.088421522989067,0.3278806225127995,0.2467678358860596,1.5275108068195862
-0.3000781250000001,9.963281250000001,0.02367187500000001,2.5662139233015013,3.249664912863854,2.9050464903481292,0.37257472857347274,0.0722486895175598,1.9133865670727226
-0.17046874999999995,9.725312500000001,0.270234375,2.416877136466278,3.603487012928415,2.9304904305966195,0.774034426059557,0.3192458131276141,1.3937659792857904
-0.08421875000000001,9.86578125,-0.22765625000000006,2.6422695646259178,3.172422085670259,3.128529128334262,0.34344000229560545,0.26387082256330957,1.9542343127272122
-0.13070312499999998,9.780078125,-0.4217187500000001,2.56770087566002,3.3158569066150134,3.158554383875389,0.14786185505101118,0.14819799197370362,2.02762863507898
-0.619609375,9.802499999999998,-0.1795312500000001,2.5710435023861633,3.522196136645431,2.9629274109862087,0.0011995286260135995,0.19780962969383428,1.9170920423355025
0.015390625000000019,9.8903125,-0.2558593750000001,2.5077962506774965,3.505401621404279,2.729468105048053,0.3942408642569505,0.18892785601293074,2.239198206879586
-0.28523437499999993,9.685390625,-0.15374999999999991,2.540524356814624,3.41744214068243,3.0607507759535078,0.21777266193660072,0.362242709497994,2.5579181436493466
-0.3735937499999999,9.980703125,-0.2142968750000001,2.7764919228157208,3.3551146086035923,2.7654265277919126,0.01060402019925965,0.25704218565452724,1.9831916600005857
-0.63578125,9.829453125,0.06789062500000004,2.696076897947912,3.6709046714914475,3.0624631763969195,-0.09343806686214372,0.2908308642633296,1.5784658676642849
-0.29289062500000007,9.833828125,0.3232812499999999,2.4793989166806356,3.341345659193162,3.236959440724959,0.3721369842440926,0.16752316353597901,1.821815676690837
-0.3525781249999999,10.0259375,-0.08656250000000007,2.522213885561945,3.635973356075887,3.1219696400820025,0.07950777632307325,0.24796555863453285,2.5448624917613705
-0.43625000000000014,9.70359375,0.10484375,2.3063936269639664,3.4581167504815298,3.163967787934311,0.2664806628107084,0.2116754959991049,2.3159126564827783
-0.4488281249999999,9.762890625,0.4770312499999999,2.5174924345385796,3.8303059914368602,3.5183537430911405,0.38044105152086444,0.2605430617879358,2.039274408046315
-0.47796875000000005,9.956796874999998,0.19578124999999988,2.4171730516294105,3.340037175502727,3.351253638886266,0.25837426987368567,0.3258240328175458,2.5840989789073627
-0.635546875,9.736875000000001,0.22695312500000003,2.5150552331763483,3.526978334477687,3.300387656821958,0.30508654595029755,0.13006131942061197,2.4552378012829936
-0.776875,9.932734375,-0.11921875000000004,2.839292041491153,3.6435702603275484,2.969661073194791,0.060221422994945546,0.2817375713486913,1.551039603648776
-0.6836718749999999,9.70703125,-0.11671875000000012,2.9491370218394373,3.6869464328931385,3.148019741980415,0.13313650488565967,0.11646678995340261,1.9850357356487998
-0.7146874999999999,9.878046874999999,-0.2766406249999999,2.492984512054527,3.425566800407304,3.2149179318218386,0.14073226421878074,0.1707771280085276,2.4153279197269004
-0.6972656249999999,9.978281249999998,-0.09078124999999998,2.546272924186125,3.1378707722591823,2.748428701485348,-0.09487272548372552,0.1537918742374684,1.996197480565085
-0.80640625,9.691953125000001,-0.21453125000000006,2.852849927697028,3.7767117515178112,3.4013921459122347,0.2198927729318589,0.2339336048527505,2.1124485834041815
-0.648671875,9.95875,-0.32914062499999996,2.6404652676818126,3.89357403294197,3.50478111552271,0.24686716621376287,0.35927432393380937,2.252325088094884
-0.9025781250000001,9.709375,0.17617187500000003,2.9496719219298755,4.111347435376266,3.5688233620072856,-0.22845383820346332,0.28458626015518024,1.7890923337001594
-0.9603906249999999,9.812578125,-0.24281250000000007,2.577380393182603,4.019662269335757,3.575557416661596,-0.21568729600146938,0.18705206989828457,2.1108535560755493
-0.7614062500000001,9.945703125,0.3880468749999999,2.5858671582200308,3.8657419007371967,3.9627391604864344,0.08110112317824715,0.20810476013972137,2.088836154569717
-0.785703125,9.8203125,-0.03554687500000003,2.3045114326284506,3.3056183086290756,3.1307613911679266,-0.03174985668659334,0.15328024426756318,1.9887188366094668
-0.9036718750000001,9.779921875,0.07734375000000003,2.7217454392510674,3.6675363188585446,3.3488275663784086,0.12490135575723772,0.20849111280521473,1.772918580660671
-0.628515625,9.84671875,0.2543750000000001,2.714220678275969,3.938936069346447,3.700214256887701,0.025613538676901915,0.259239342770627,2.05769852251871
-1.0978906249999998,9.64765625,0.05312499999999998,3.1880160494870644,4.103179309308324,3.05382873158843,-0.11858877332942429,0.09836085867771345,1.6589011169095178
-1.124296875,9.923046875,0.05031250000000015,2.8421535858597147,3.7144676096047378,3.3373688966525337,0.16064959200167084,0.130261073674754,1.65863149715896
-0.39359374999999996,10.080703125,0.13062500000000005,2.675388912842568,3.5440344205954366,3.0370973884409764,-0.01770995944595634,0.16516920521185044,2.0836719743986998
-1.3987500000000002,9.663359374999999,0.21390624999999996,2.98875731910438,3.9675736991705155,2.761321647546866,-0.5834567923696671,0.2359343534942434,1.1538042187549178
-1.1571875,9.792890624999998,0.5873437500000002,2.7279831542448627,3.6296780488132976,3.824793598265916,-0.19746880139656744,0.1941681610664158,2.053387918416798
-1.122265625,10.123125,0.09320312500000008,3.026206168322535,4.0347147416979805,3.20143374462759,-0.40039508930086903,0.24390682753030785,1.80383953777073
-1.0311718749999998,9.805390625000001,0.36898437500000003,2.623159063125792,3.7651813332709634,3.3561968896737655,0.3472707534247607,0.4602269374822781,1.9491077791420597
-1.129296875,9.809843749999999,0.10601562500000006,2.4331314004519435,4.0362900633609,3.370443298886047,0.0714431831577359,0.3484021930288933,2.3085712754981103
-2.0005468750000004,9.56671875,0.71421875,2.147737657321707,3.137932517342978,3.273329633515152,0.22844017002676714,0.4676992853499614,2.1373360901187275
-3.791015625,7.408125,0.616015625,5.921044412707598,6.925104100074958,3.618586641356796,-0.8820694907183746,0.2465488362560937,0.46083723524622355
-3.7309375,7.8549999999999995,1.1096875,7.04800054065646,7.19198544822638,5.203666816759481,-0.7201274962978778,0.2791125598140781,0.37379484976049804
-1.2312500000000002,8.52203125,0.41257812500000013,4.838721906402557,8.67204158483015,4.963319240641437,-0.24637544554412663,-0.05408047997011402,0.542486203081247
-3.9690624999999997,7.831953125,0.24578125000000006,6.553714647708866,8.123861175823523,4.709325291604779,-0.8031232049236467,0.11694719749114768,0.9270846720685858
-5.238515625,6.196953125,-0.39351562500000004,7.236471871041914,7.542760763493877,4.185460620903136,-0.6760912596459859,0.528195226952362,1.02440248136101
-5.9184375,6.874218750000001,-0.49187500000000006,8.009756788354672,8.291896233048773,4.6547423314158864,-0.5601061197296215,0.4280329479947502,0.8154411143544323
-5.963515624999999,6.95203125,-0.8112499999999999,7.865056975898576,8.247936423677345,4.382369864011936,-0.5843909384058726,0.35913965170511036,0.662017114590725
-4.9241406250000015,6.13453125,-0.9213281249999999,7.406914582771602,8.076872157139386,4.394214835136533,-0.8366180850196689,0.5490241440820762,0.38977644690085994
-5.330937499999999,5.9084375,-1.100859375,7.2830383466376,7.710166324152401,4.685565271952212,-0.6880915899259853,0.5983143118276366,0.7693874030520945
-5.888359374999999,6.564609374999999,-2.1296093750000002,7.921045718659854,8.315059089381874,3.9902571585252637,-0.656543373686228,0.4249674682650116,0.9175635420717799
-5.312265625,6.242890624999999,-2.698046875,7.712276051736826,8.228475913742296,4.876910212065908,-0.7111288520410739,0.489145498783688,0.36211996233908017
-6.718124999999999,6.795624999999999,-2.2161718749999997,8.327370416096247,8.412280155931269,5.225879429742805,-0.3850059503008511,0.3520371871238221,0.6280670061415918
-5.500859374999999,6.386953125,-1.30484375,7.564131644989041,8.34052012004064,4.97185515935309,-0.8095050672508095,0.4604793325075174,0.5467256781601868
-5.867421874999999,6.412265625,-1.968203125,7.990030530887944,8.261071568549285,4.305603985213949,-0.6002220653563699,0.4005549506792386,1.0580557464639169
-5.816953125,5.743359375,-1.79546875,7.64139493141159,8.789332159404923,4.5005086273968455,-0.5709922386713995,0.36611328412786553,0.6223815558404536
-5.4966406249999995,6.2153125,-0.73390625,7.300755983687552,7.831376289634138,4.237653064045113,-0.7497125935985621,0.44138357862433947,1.0436681051211791
-5.844453124999999,6.811875000000001,-1.578515625,8.21272486455791,8.342197116729801,4.714085623467277,-0.510820134270321,0.3649691704849564,0.30107902111165014
-5.655390625000001,6.802578125000001,-1.679140625,7.9512718029829745,8.120540530624885,4.536930065333233,-0.5884186581496916,0.34439345503531205,0.8538370619109361
-6.016640624999999,6.816875,-1.6135937499999997,7.923687024255161,8.108114256525681,4.742814752070856,-0.4830178674419859,0.30360457254484563,0.5066271646638099
-6.084921875000001,6.5639062500000005,-1.295859375,7.691117238015326,7.884227652643659,4.202540810209296,-0.5352635728295313,0.25734521213789063,0.6298416499356336
-5.51125,6.00421875,-0.88453125,7.671499303428242,8.207878418912431,4.122584493406222,-0.712386669929272,0.5163157128708713,1.0883722773446998
-5.4415625,6.53703125,-0.787578125,7.295716362777116,8.153459518757877,4.238464813853182,-0.6966875778957209,0.29717558747268263,0.9598062232363839
-5.891328125,6.62046875,-0.75390625,7.879167089060491,8.5287149035053,4.0471574195614055,-0.6832326351901928,0.39437086485785916,1.0687241244679075
-5.897500000000001,6.389687499999999,-1.790703125,7.672931011842867,8.623058562067392,4.262309596845967,-0.4758634433198227,0.21333315612025625,0.34501075881206417
-5.596484374999999,6.618359375000001,-1.452265625,8.133964054145485,8.73927957354607,4.352700888321338,-0.46277990984051753,0.18537673736244506,0.9840669607103638
-6.34578125,6.321328125000001,-1.3606249999999998,8.049556723953714,8.929530132786047,4.739480085871762,-0.42367477468157094,0.2250245428532882,0.6899347256567057
-6.264375,6.96875,-0.6692968749999999,7.896511863435336,8.195837262751134,4.303954247185399,-0.5118596673729683,0.3415326476384256,1.0269998239594569
-5.788125000000001,6.2554687499999995,-0.7340625000000001,7.470410877045185,7.982857987918452,4.393222485669687,-0.7013772454856501,0.3569964500161189,1.0431007762661817
-6.134609375,6.278828125,-0.44476562499999994,7.63235351381945,8.1033588349498,4.82377250656251,-0.5994949327074477,0.3652515634828131,0.9970585897689632
-6.148125,6.335156250000001,-1.9978125,7.860935928493184,9.181238170888824,5.060420705321223,-0.15667255596583868,0.030675793315850526,-0.060578495399428445
-6.2280468749999995,6.64453125,-0.9881249999999999,7.980553127230764,8.169807875205722,3.9383583885770226,-0.49977603613800947,0.35913991258329936,1.042288815133645
-6.45515625,6.876171875,-1.05640625,7.756019636423437,8.670914394641951,4.6682318545099,-0.3253587664744967,0.08741283312406424,0.5749567097919372
-5.843984375,6.169609375,-1.08484375,7.75900709859231,8.373351647707274,3.690909860804777,-0.5646037883207603,0.33865790445013827,0.7499307035698665
-5.8028125,6.652421875,-1.083515625,7.949839123519655,8.547348066989636,4.048908917428356,-0.5964489111835833,0.2512954736874968,0.6141855710910983
-6.240703125,6.563281249999999,-0.7710937500000001,7.856381878725425,8.432727641955386,3.878128421508362,-0.5258372049388376,0.2911729454507809,1.0956471005224264
-6.389296874999999,6.92109375,-1.3680468749999999,8.075306900475377,8.719384944117959,3.8141695235074087,-0.3996874116094914,0.21557377622911142,1.0670004072481722
-6.00375,6.465234375,-1.0038281249999998,7.691586718616647,8.195974904339835,4.095841664323584,-0.5561323247662793,0.3838961694890419,1.3777630562365077
-6.002421875,6.5277343750000005,-1.599296875,7.822677145854319,8.813049026766693,4.483949184242082,-0.46289509029983694,0.2215808809020506,0.5710219458285025
-6.002578125,6.721484375,-0.6775,7.803745719814395,8.428718401416722,3.928723353393568,-0.5901902073672236,0.3151332247029801,0.9015687687486907
-5.923203125,6.41796875,-0.89546875,7.695455429748146,8.397626465199762,3.8479704186458394,-0.6830257827960335,0.3282822857517445,0.5492993476809417
-6.7709375000000005,6.840078125,-3.082265625,8.33166188380768,9.169419070347177,4.645172597513827,-0.005136285547689854,-0.06631385688448607,-0.09409310897342785
-6.056171875,6.0521875000000005,-2.257265625,7.8074431755350595,9.115776411795308,4.448325301947167,-0.42781960693381277,0.19615092106884038,0.0020569925557028935
-6.219140625,6.745078124999999,-0.7872656250000001,7.465040608913297,8.268343054620829,4.288082452209071,-0.6142309229082558,0.32494177155285864,0.7158454980775735
-5.720468749999999,6.330390625,-1.287890625,7.721608464579996,8.503144767741057,4.179439939368325,-0.7048363550110984,0.41084005074585017,0.797652935982912
-5.86125,6.730703125,-1.57171875,7.909888589607315,8.618127622886844,4.224687138818499,-0.5870411526523432,0.2563649341249852,0.38747877270015074
-6.13328125,6.657187500000001,-0.6912499999999999,7.569377462572364,8.047158362729277,3.9264350481702865,-0.5353473713485666,0.3537614730033471,1.1338323493458904
-6.188671875000001,6.725,-0.559609375,7.628887878802125,8.268479681900416,4.314616944603786,-0.6516618036404472,0.3399030125266831,1.5275533151844565
-5.990703125000001,6.359999999999999,-1.4095312500000001,7.429099897488608,8.21142106687387,3.878785823911065,-0.5580398178968288,0.2672005765489347,-0.026929380649373842
-5.8359375,6.638046875000001,-0.459140625,7.5374046881929955,8.290659376916455,4.644005885840866,-0.6809695016628685,0.2974988548206154,1.1735210946124714
-6.393046875,6.552578125,-0.549609375,7.854438589759471,8.169066008242405,4.404094047436102,-0.5545533644488625,0.39666132443184354,1.5945961647764733
-5.92625,6.774531250000001,-0.869765625,7.757743409813191,8.828299653969243,4.520260892782447,-0.5698700796892556,0.21199334857596716,0.7906835488804325
-6.531328125,6.5796875,-0.8163281250000001,7.921918009853043,8.54364465347452,4.537681792345513,-0.27019723358820213,0.20955903310014445,0.13175115926145875
-6.724296875,6.715781250000001,-1.7841406249999998,8.006217572494219,9.030740263242457,4.211089809832439,-0.3216257059182853,0.06302751369435736,0.36653982584894534
-3.12625,6.680859375000001,0.24015624999999996,7.668911265623041,6.811299438633175,4.800868571215623,-0.3282341355704985,-0.10612563872155442,0.8079405443209222
2.30125,9.083437499999999,1.5803906250000002,3.546298686659092,3.0189222097619126,3.5836556933754267,0.537847495244494,0.18924071615320381,0.7915672339545008
0.9909375,9.490234375,0.13921875000000006,3.1291331261379325,4.0337950231535515,3.7639852984766606,0.9133512502259308,0.4506989891538212,1.9719357224059473
0.827421875,9.62421875,0.005546875000000066,3.2737421835754694,4.094006024317556,3.6415537567675336,0.6825297303118815,0.3628145400453803,1.8175394751132443
0.8430468750000001,9.750390625000001,-0.19156249999999997,2.882353790360013,4.113098247205154,3.7936885162851404,0.6186235359353927,0.30377955398070633,1.5870488380179515
0.6036718749999999,9.57046875,0.023437500000000056,3.2142878952551817,4.226241100880715,4.454599700993766,0.512589822550881,0.42418882494093124,1.8705313779369233
0.309296875,9.6884375,-0.04140624999999998,3.181805988643122,4.342729095406914,4.101093934544896,0.42349814360072474,0.27109925014367214,1.7781489652723517
0.18726562500000005,9.44890625,-0.46226562499999985,3.0860813326844383,4.72186887563716,4.060065850536585,0.12129871276300641,0.10542702763931412,1.652804667928808
0.192734375,9.5515625,0.0017968749999999617,2.750772537750688,4.513314579784325,4.050919539436723,0.6078427729480517,0.24496024281067502,1.7761020455942935
0.06203125000000005,9.829843749999998,0.055390624999999916,2.826906259327224,4.8770356301841735,4.417795141234155,0.3354650290181697,0.07928344390059266,1.7443087238963666
-0.338671875,9.526640624999999,0.10671874999999993,2.7330369929501472,4.596235769175642,4.411515490270712,0.32824149536939917,0.11408568579329995,1.4483954886638304
-0.23328124999999997,9.565859374999999,0.044218750000000084,2.9919472937200005,4.7122953416010125,3.7241120186090586,0.45885378408603716,0.12583885650631935,1.9212360300471643
-0.2838281249999999,9.748203125,0.13874999999999998,3.182505184867573,4.709907349406168,3.9914060022753883,0.12129970621004874,0.11888150890577232,1.5504530414389552
-0.25656249999999997,9.6728125,0.026249999999999933,3.2408543042064926,5.047805051687689,3.7683776764676864,0.5605511514334133,-0.08060014112277297,2.160109362065332
0.06624999999999999,9.679921875,0.14320312500000001,2.9267051653694125,4.380745958184118,4.075382062916339,0.7024604968029895,-0.016024636879493306,1.5621687909539546
0.03664062499999998,9.63125,-0.010859375000000004,2.355604446495551,4.272130615980743,4.0219528503234105,0.18404374155371847,0.218466248907701,2.1531532568660756
-0.010156249999999922,10.1165625,0.47062499999999996,2.8330639841143612,4.730813790574911,5.449202887521715,0.48169364013068156,0.08962400906966898,1.8782988834585819
-0.6721874999999999,9.740625,-0.162421875,2.7309081415059993,4.366547683453715,3.8922900043896376,0.21888027750716615,0.11087701060059603,1.7935979486807474
-0.18132812499999995,10.036249999999999,0.09062499999999993,2.684232132721383,4.391393037807024,3.993249137215834,0.40487917478396757,0.00920129616969561,1.7677175256997
-0.40453124999999995,9.848984375,0.06562500000000004,2.941447044869827,4.659378955371183,4.060246442258769,0.19753532634180038,0.05992784772473939,1.6724770523370063
-0.522421875,9.749453125,-0.138515625,2.683916141251713,4.309754254267607,4.064827811898169,0.5269706163692178,0.14365117986544154,2.181913503333511
-0.38164062500000007,9.90375,-0.04242187500000002,2.4414115337442825,4.161012496977148,4.032486582838371,0.40930284054765914,0.12521598718695762,2.1396537520874728
-0.5467187499999999,9.438046875,0.09992187500000005,2.7446043969757166,3.782715637151798,3.6318483792893232,0.25536273193937276,0.19181940586567997,2.262165856553962
-0.323125,9.849140625,0.31890625,2.8183003383023246,3.3058953087967877,2.359306119648516,0.4059834210082497,0.15866761511563726,2.693997507983983
-0.6986718749999999,9.73734375,0.39851562499999993,2.6482604464693393,4.250375256296311,4.116507752680767,0.4759532296432221,0.2750178359991004,1.9809372669649956
-0.5064062500000001,9.956015625,0.037187499999999984,2.7068543592999124,4.231172329391212,4.052281752586282,0.1629479171640216,0.14656552725313526,2.229729934761336
-0.735234375,9.8096875,0.4978125,2.5323849199062054,4.296443103294137,4.426939006225831,0.43354949308169866,0.27948208730234103,1.9442556135572344
-0.734921875,9.707890625000001,0.31484375,2.5548266196351728,4.36988641377406,4.114924434371297,0.25396280644669705,0.1975570099238751,1.9231057467540733
-0.54453125,9.87,0.08835937499999996,2.70415879346488,4.144829798978481,4.031043943831376,0.058963191203778534,0.19873261998852224,1.9951078154545754
-0.760546875,10.047578125,0.14882812499999995,2.8231324879781563,4.383951154868344,3.9677440892727676,0.16667988526646643,-0.021576157888046305,1.9192895817305653
-0.9226562500000001,9.805781249999999,0.28914062500000004,2.523186070097871,4.6026812174697085,4.4640144536867945,0.23524796854452795,0.16520417114684535,2.0309958629051033
-0.8596875,9.833671874999999,0.35914062499999994,2.5260257624069773,4.53147393775844,4.256247435267904,0.18584067646882702,0.12532986372849356,1.8740031798913999
-0.6754687500000001,9.869296875,0.379765625,2.4941377704075287,4.264363629179064,4.189216525953076,0.10146556575441369,0.19519210097954479,1.9015379418848877
-0.8165625,9.90890625,0.193359375,2.8772125827080886,4.524755558724795,3.968047039583781,-0.05494812553613033,0.07420079328594247,2.198784333457573
-1.0640625,9.753203124999999,0.24890625,2.6193631255696013,4.596313729092068,4.028661811471761,0.14591078427719892,0.10721356767685948,1.703427815179622
-0.9209375,9.805546875000001,0.45148437500000005,2.7533438299808743,4.542576328574759,4.039449043852498,0.23835990149492023,0.11754496682077274,2.0472916436437645
-1.1539843749999998,9.713124999999998,-0.009218750000000012,2.8502668021618365,4.646985876283142,4.189551290370896,0.0634613577523489,0.10090085687380371,2.191766379702615
-1.1146093750000001,9.544218749999999,-0.02585937500000003,2.5479835478103285,4.411738710774748,3.9761422351287443,0.2936989414270638,0.09440524599419876,1.8743530420484915
-0.9235156250000001,10.070312500000002,0.41609375,2.824062507564388,4.344630115423377,4.3671982641861975,0.2152212134818089,0.007609166874391403,1.921760620708219
-1.02984375,9.846796874999999,-0.29914062500000005,2.477994711069,4.309611701910073,3.7857025494252197,0.17757915610661698,0.15108021049124443,2.2202269273357484
-1.138515625,9.846640625000001,-0.03781249999999997,2.556643640181568,3.9871379689383217,4.128447222000513,0.10369897947295628,0.06741331676649868,2.012373546800177
-1.1540624999999998,9.826328125,-0.20890625000000002,2.6497636797634896,4.688972747157312,3.998568735023938,-0.05432092233290549,0.1227328761034757,2.173868380825544
-0.6680468749999999,9.710234374999999,0.6920312500000001,2.5637704346436196,4.445867369121391,3.912157604701457,0.1141873853511819,0.206640201273916,1.382183648925004
-1.046171875,9.871562500000001,0.383203125,2.945905559282066,4.4463008567340285,4.311166629665366,-0.44341985646882226,0.1710763109949552,1.8076714517543335
-0.861171875,10.085078125,0.04421875,2.545142315855635,4.3200265834131715,3.963161933942195,0.08089616542892028,0.18160272180464643,2.456339390496904
-1.222421875,9.8015625,0.33585937499999996,2.7550903870420447,4.609807892807872,4.295732898641932,-0.27250248909067853,0.2715159735582999,2.1587800724949093
-0.9970312499999999,9.786875000000002,0.31906249999999997,2.615386670556275,4.54001974630893,4.329794567423927,-0.0757791832469757,0.20779541410546723,1.8302839553765469
-1.2040625,9.762968749999999,0.21265625000000005,2.7586303319933516,4.3122980676228115,4.06791513792212,-0.27116893505288064,0.1203948414451282,1.8070534527187334
-1.2190625,9.4715625,0.404296875,2.4976033629449153,4.125491720218784,3.882181990274958,0.04937273303256374,0.17729106224890198,1.8913329500311238
-1.1884375,9.9484375,0.43226562500000004,2.6508198724345173,4.36944780505429,4.1497837320989825,-0.012392434344016292,0.23418607255978846,1.9618581742631567
-1.51359375,10.00234375,-0.15257812499999998,2.903478176680675,4.374948300475783,3.73658585101714,-0.06929110379310256,-0.10845738424854016,2.348816304850259
-1.404296875,9.7578125,0.6256250000000001,2.471650727371332,4.4803095138443,4.429382143355324,0.06376959252316342,0.16458449336254533,2.0022340380693415
-1.4957812499999998,9.909921874999998,0.609140625,2.812752380169367,4.469358786520331,4.181233562625342,-0.1306823967658439,-0.03294756362646656,2.013943237529569
-1.433671875,10.00671875,0.2753125,2.4652122978729407,4.509515479339043,4.089992920512669,0.052074130452063286,0.20572639918324934,2.6838062463008887
-2.016796875,9.626640625,0.38656250000000003,2.0273254138742094,4.098125386484607,3.6303300120090665,0.06476859181619513,0.21152625576929804,2.178287301889992
2.529453125,7.276953125,-0.30374999999999996,7.0419259293660375,7.315704272167016,4.929506662689483,1.3034909197191125,0.019288291545539463,1.2234297156283038
6.0942187500000005,3.3249218750000002,-1.503359375,8.819602776749555,8.266643722297246,4.743392324681737,0.5086366968506952,0.6802802435936222,-0.03435586035047225
6.469609374999999,4.682890625000001,-1.2814843749999998,9.097147767496255,9.300293438947886,5.706690712696884,0.44131359425352545,0.37474622171527705,0.46024516304923135
7.0875,3.4749218750000006,-0.12843749999999998,8.72253887208306,9.153558904540708,4.6265238093620304,0.40165777042226225,0.4358744484014637,0.7201620264397948
7.150390625,4.62265625,-0.497734375,8.53757342596022,8.661392830072767,4.848570055768335,0.3568860817322007,0.3684336386664835,0.4215315250094916
7.0092187500000005,4.62328125,-1.257109375,8.925021499394186,9.026610928715076,4.384691792251436,0.2636793424670276,0.40637842707251365,0.49617984804459964
6.224375,4.20859375,-0.9300781250000001,8.745018381019847,9.141166563817823,4.81093277989274,0.36203612387446593,0.41071836590571514,0.09421005473373832
6.733671875,4.074453125,-1.0037500000000001,9.053847755158245,9.634319012048943,4.3484869854352795,0.3257042761331953,0.26484111001499266,0.3110777243407341
6.08125,4.245312500000001,-1.1600000000000001,9.126092657183577,9.01139824554679,4.993886262221037,0.39948383262481135,0.3567530806351965,0.2755580195936088
7.074843749999999,4.818046875,-2.16546875,9.433575341596946,9.825769774122165,4.769685992575762,0.09335538973083013,0.03530971846800265,-0.007537536971993957
5.8984375,4.010078125,-2.033359375,9.571500212014508,9.072956510291807,5.871564324849861,0.3070486739342861,0.077921407354713,-0.37084254804208894
6.943593749999999,4.2175,-0.7122656249999999,9.040594969218615,8.973527124965969,5.271646181288475,0.32865021621916085,0.2901028036560274,0.7213014664407381
7.468593749999998,3.9358593749999993,-0.35554687500000004,8.65707475623036,8.751246922523361,4.572821682334413,0.2978741702847177,0.4506301333355316,0.9971419893956804
6.271484375,4.3753125,-1.4681250000000001,9.539934329720559,9.095169729166342,4.897814842802349,0.3347955623685933,0.0016020227603303382,0.2822821111134937
7.1071875,4.434687500000001,-1.1920312499999999,9.192925093643684,9.243801127098298,4.930736088458136,0.18658341010429771,0.10561575862467389,0.302767514946757
6.750078125,4.242968749999999,-0.70984375,8.527249015664225,8.314540290901443,4.183349432641975,0.49965067752938086,0.538989955375011,0.8265700456481567
6.809531250000001,4.23421875,-0.6299999999999999,9.085000761847708,8.652888933162638,4.572882194251236,0.15829872817765148,0.233177786375294,-0.06037443351315921
6.899296874999999,4.813203124999999,-0.9592968749999999,9.425359341922473,8.853723875225624,5.212559379696814,0.1918375667398304,0.16483839044179757,0.25055734167687627
7.468281249999999,4.201171875,-0.397421875,8.850921130503787,9.503136293243351,4.719126019139718,0.2754213877923507,0.2867828303334489,0.8910621218438111
7.641796875,3.62109375,-0.11773437499999992,8.47899458161109,7.849615459766863,4.527851003588055,0.2845873789451498,0.6985206863739999,0.9823061553963213
7.508828125,4.2201562500000005,0.297578125,8.111333662410823,7.666080625918693,4.036217045795665,0.3245117323325953,0.6406734248514193,1.0497345025471865
7.636953125,4.14421875,0.24585937499999994,8.307259584863274,7.9749417718657,4.296921777444244,0.24015919837423522,0.47840649168233446,0.9445389787390066
7.05703125,3.7544531249999995,0.07148437499999995,8.549136045474036,7.975140849911538,4.667346524298454,0.3985491801893628,0.6138244373163579,1.00677730772019
6.914296875000001,3.807890625,0.19601562499999997,8.172668788750418,7.409945876609836,4.446867285629948,0.45404594066386955,0.7492841123737458,0.9722211824515032
7.288203125,3.819296875,-0.24343750000000003,8.556311306719165,8.104385790228969,4.325507997171401,0.36747379642327166,0.5797795937423639,0.8276065054755708
7.197578125,4.1782031250000005,-0.32820312499999993,8.605193448771008,8.091790345157877,4.119470808245913,0.30079749144274354,0.4891408613863042,0.7325400426437494
7.470390624999999,3.7645312499999997,-0.10257812499999999,8.49603771641005,7.90022407310536,3.9390233652545756,0.30139699175211543,0.6721610437305331,0.8107131711554197
7.4439062499999995,4.254765624999999,0.69390625,8.4338992533828,7.900096317138694,4.288516321667779,0.388206101812901,0.6708464531668524,0.6556435547709705
6.99703125,4.059921875,-0.15914062499999998,8.592857895457334,7.958163703087948,4.360370903687508,0.39835637900040777,0.5192211353261629,0.7749709738361297
7.15453125,4.271171875,-0.7782812499999999,9.119445043711456,8.890127039753649,4.7896051359583325,0.20940019616941327,0.11553318323951471,0.18724441195602182
7.154453125,3.991015625,0.16203125000000004,8.59382734588773,8.077978343914761,4.686107186303301,0.38817944678603206,0.6503892342848889,1.2441503411811872
6.9779687500000005,3.684765625,-0.12976562499999994,8.57241965179747,7.981839050780739,4.1548269114150065,0.42398893562250367,0.5582141624380248,1.0946720835666401
7.423515625,4.4375,-0.4235937500000001,8.984122330346514,8.90585700887343,4.878654196851929,0.19890136137427797,0.15765330061467742,0.7280710453442428
6.680937500000001,4.317109374999999,-0.9322656249999999,9.157438953309695,8.223151402475642,4.378514162726137,0.2937652086342396,0.17186833149164144,0.2933871489864222
7.1986718750000005,4.14921875,-0.20898437499999994,8.569847428912254,8.50169281023776,4.795908386297205,0.3778343816080414,0.39197854029216694,0.7652742541127151
6.911640625,3.6399218749999998,-0.43304687499999994,8.745135145588067,8.588955071057624,4.536418700120475,0.33593921060950505,0.40602599025090796,0.5185316069685773
6.66359375,3.093671875,0.10234374999999996,8.32979523442569,7.570631874954955,3.7668841741996713,0.4332704717666301,0.5345421731134656,0.6821768160128668
7.05296875,3.835234375,-0.5800000000000001,8.996401047725888,8.616322443192825,4.911238069468838,0.2690666317703919,0.273115715820489,0.4433732421816678
7.10265625,3.67890625,-0.34164062500000003,8.668740490655834,8.229394839762577,4.483053991376817,0.34350482292434065,0.49936971608292524,0.5972571631540387
7.698281249999999,3.62890625,-0.548046875,8.82045120988141,8.702154926580596,5.219729707231279,0.2248985376792043,0.412037926363828,0.6168898649706074
7.448828125,4.026796875,-0.5765625,8.633882348512689,8.987393335041048,4.874885004653315,0.21847991363869657,0.15378989251830555,0.9862566909091971
7.39609375,4.10890625,-0.848984375,8.986837443795839,9.217358474162266,4.749893886946935,0.19497955957946095,0.12490145569313692,0.7517769855580119
7.6587499999999995,3.59796875,0.07757812500000004,8.665143806510079,8.066759859077461,4.370375188787741,0.2737667634376811,0.5277229704491024,1.1458933991393216
7.107734375,3.526796875,-0.8165625,8.78719462617014,8.380771326151326,4.597679686112741,0.35222984350181247,0.42918890918488084,0.44647108202402624
7.289921874999999,3.881328125,-0.3371875000000001,8.523326310786564,8.663723071222556,4.612774371497456,0.357691845261977,0.4201680358362114,0.9546914318460036
7.395390624999999,3.7784375,-0.1267968750000001,8.665535083589017,8.438682735391453,4.768463774764387,0.30446348042786864,0.4643680236236847,0.7511760003786446
6.792890625,3.190546875,-0.67078125,8.748622226558712,8.362804302067444,4.9993491153497605,0.40187198722306094,0.38791538438282014,0.6508772749994501
7.321015625000001,3.2909375000000005,-0.7344531249999999,8.773602705688004,9.027045858618076,4.628121211779974,0.3159400747693914,0.25310940340829696,0.7370924697056257
6.305781250000001,3.2453906249999998,-0.39765625000000004,8.615178067785276,8.764720555152463,5.421502398490287,0.4728671299803764,0.44239824801627203,0.6204930531152797
6.56515625,4.0421875,-0.78171875,8.935188423479715,8.74443036465748,5.347366920587967,0.3177922041697978,0.08213993034062768,0.6519324299244397
7.596875000000001,3.665625,-0.5632031249999999,8.834908455772194,8.586388460632037,4.634842387691326,0.2857308103462846,0.47125600311528276,1.03038479970572
7.329062500000001,3.590859375,-0.22265624999999997,8.77133260591535,8.483290840247351,4.923181371769268,0.34226308745617134,0.4253866118682447,1.1399691341814744
7.3071093750000005,2.92109375,-0.092890625,8.926272419130907,9.015998647748953,5.245410218756691,0.250920391702905,0.47334772364883637,0.6463809453073717
7.262578125,3.280859375,0.00632812499999999,8.648976027370031,8.402133660132087,4.988987226740912,0.29925141273168265,0.42495878240843804,1.0235132362741253
6.98953125,3.5599218749999997,-0.83640625,9.261068112954003,9.05920849675326,4.628016876585579,0.2551024669779811,0.012605457329116138,0.4842138840770553
7.317890625,3.111796875,-0.10953125000000004,8.738850544081133,8.342417537200486,4.8045066505598095,0.3506220108758414,0.4642663889823977,0.5076626607530437
3.943828125,5.10171875,0.5973437500000001,8.740335745222204,7.38614371109163,5.063981956606474,0.6532244775965597,-0.2882079807672857,-0.053138246846767975
-4.054609375,8.851015624999999,1.4578125000000002,2.174152098500036,3.566350296487413,1.911591261840185,-1.5437423969904986,-0.271129242050735,0.35280665199006905
-4.353828125,8.415703125,1.100859375,2.1809620587504464,3.3831978408918437,1.87089301343626,-0.679338120480333,-0.006316607389225368,0.6533851087187637
-4.821406250000001,8.589453125000002,1.043515625,1.9457512745623315,2.9714081017554177,1.902976118907134,0.0009464602106489622,-0.3479182424872692,0.9108700310440254
-4.505156250000001,8.59984375,1.20046875,2.282247379357886,2.8448165539426156,1.5793668922303765,-0.5876549480595074,0.5140898186924103,0.6533113800097298
-5.071875,8.321875,1.3344531249999998,2.5632324410546543,3.1611033847969923,2.0539055055984767,0.0669029203641451,-0.025176827915168416,1.622176900093707
-5.000234375,8.450546875,1.027109375,2.0445321381231354,2.696652238364772,2.1489867351933816,0.43249803995129044,0.2967660687254596,1.1091236429579578
-5.098125,8.299687500000001,1.0970312500000001,2.3480399904760993,2.955239504226984,1.824202034184656,-0.19558585086542157,0.1886254259433938,0.8650660814499359
-5.3970312499999995,8.574765625,1.022578125,2.2125259035824727,2.904559714064829,1.8858081184260194,0.22676770476703745,-0.04611280430174962,0.6737203125091843
-5.502734375,8.287890625,1.042578125,2.1142905558232434,3.0739984782506173,2.2440303606505605,-0.21461375463583107,0.06032173009613502,1.2696302663583194
-5.1840625,8.766875,1.464375,2.3230345985571867,3.2355707934420166,1.8528541117354598,-0.5942269859769924,-0.11745194534390313,1.6697780309398567
-5.30578125,8.73453125,1.302265625,2.6324325161622735,3.6095870304334587,2.1208136022982687,-0.7140726177906598,0.0992373975408137,1.2887276243802268
-4.19609375,7.587265625,2.885859375,3.2333013880878685,2.852151248083341,2.283828175777374,0.24812776758191096,0.0520533025827286,0.8483113808694657
-1.054765625,9.678984375,1.188359375,1.8984179123860898,3.2752058236477075,2.230550932975889,0.49041616398121773,0.5949039862792207,0.7945865209470871
-1.2946875000000002,9.371640625000001,0.91796875,1.4479084794432795,3.5135689604161193,1.9569253464359435,0.1438023991449746,0.6854501962880997,0.48414935586891666
-1.6221093750000002,9.291640625,0.99265625,2.4002267641385697,3.615624249642046,2.706231664018426,-0.5629818041144451,0.5139844995272936,1.3824999331154117
-1.6776562499999998,9.452265624999999,0.883515625,2.238941743734289,3.7631895578343326,2.3651144891169347,-0.3338278727761227,0.6911558432403881,0.770907201409676
-1.5970312500000001,9.369062500000002,0.5523437499999999,2.320197445590232,3.851623528928256,2.3393643916320386,-0.25547016697040265,0.6709007621131781,1.6643942931390017
-1.437890625,9.687109375000002,1.19890625,2.117775827793657,4.2988745170145535,2.6763659580130175,-0.2523043053907037,0.587430980549784,1.5183335667490412
-1.56875,9.333124999999999,0.901640625,2.1844117486179204,3.609261037161901,2.506752685667178,0.17862762768002083,0.8997976349304493,1.3556359283403916
-1.8436718749999998,9.52375,0.740859375,2.1694915414870795,3.5317937634437264,2.1919825598586793,0.07292790137871977,0.6097683022330881,1.3433242766356268
-1.8071875,9.098828124999999,0.5667187499999999,2.3174608739617915,3.724706704286793,2.1189410346676563,-0.26630499286862125,0.6878356788089319,0.7413033439297405
-2.377109375,9.256484375,1.505390625,2.9462916714129155,3.9167827178860533,2.448348583211163,-0.4394944087912255,0.4738338737214027,0.8982558777729485
-4.512812500000001,8.02765625,1.4653124999999998,2.8412502577815544,2.558404802183567,2.1893028062247923,0.8967015164381521,-0.3318131571289371,1.0216533151544556
-0.8911718749999998,7.835312500000001,3.4753125,4.372812599798782,2.544574785665328,2.581259968957747,-0.4875438783150149,-0.1657749320642646,0.22020172551333017
6.89671875,5.641015625,1.15453125,3.1884462098957287,2.630378371024948,1.870494110595764,0.6293459416664932,0.6820388460722812,1.694019815757347
3.186953125,7.84140625,1.3763281250000001,4.276274583127554,4.108065758049759,3.4165758331381997,0.11784989289532,-0.011493349253726423,1.5691281774435801
1.721328125,8.965234375000001,1.763203125,2.7072522310146843,4.769825397230842,3.8746453332840973,-0.09370428520240516,-0.5002644118253431,1.6382725584332132
2.20078125,8.506484375000001,1.1246874999999998,2.1365339956687883,3.297358457406604,2.9562639897924794,0.287529530352786,-0.5778110732886954,2.6162471478517286
2.7350781250000002,8.956875,1.235078125,1.8070491294916373,3.128377112717551,1.9606691284856004,0.3959484956461202,0.020464558861793995,1.1492458564127355
2.3957031250000003,9.177187499999999,0.948125,1.5558039941185502,2.432080493598793,2.1697079116496303,0.37601614124959587,0.1424428044600821,0.9200910517084206
2.3902343750000004,9.008515625000001,0.9826562499999999,1.8618402627020287,2.8414215989326292,2.3719119675561187,0.0254424015398967,0.09075974964644459,1.2210677219872799
1.868515625,9.122265624999999,1.277109375,1.5623510378211611,3.102096623365133,1.9395244070485704,0.20149862126863585,-0.15715557955064974,1.2821962457925218
1.224140625,9.026484374999999,1.09359375,1.51420127838891,3.3759277867914856,2.1924828015199886,0.3214906202290572,0.04852564384764242,0.9543698572281379
0.173203125,9.241328124999999,2.8222656250000004,2.1057050235586736,3.0983787018106717,2.526540438167052,-0.16476616666996874,0.22305162563895536,0.5997392459141679
-1.9438281249999998,9.39453125,1.1960937500000002,1.8957473464860726,3.46445316287772,1.7700106966374347,0.11742279749971248,0.883453866874134,0.7700348001073051
-2.17484375,9.2740625,1.0851562499999998,1.7406154552588395,2.8864076498467344,1.6517008205440649,-0.31588029096560233,1.0522939127226016,1.0498487916478152
-2.267109375,9.304375,1.06984375,1.780056684641562,3.177520837362833,1.924674885035376,0.01053070964915541,0.9491887106848897,0.6334370473803395
-1.996015625,9.39859375,1.227265625,2.0424110062633964,3.263926109375171,1.9041704701636772,-0.5511675741275723,0.8083729628746836,0.43677331998018776
-1.8752343750000002,9.469296875000001,1.3470312500000001,1.7332276451950446,3.892109442431602,1.934153706798774,0.29798821850365675,0.663280733210667,0.6539389333376443
-1.9841406249999998,10.10359375,1.046875,1.8688242156432502,4.311682483087193,2.3629307642999193,-0.3324975582589924,0.6971949711462411,0.9711061743310616
-2.85046875,9.475,1.5022656250000002,2.1503800025282596,3.92265893559458,2.518578534747995,-0.9431917991094763,0.7433933570467145,1.1192066429356755
-2.9524218749999998,9.227890625,1.08765625,1.8372035245915148,3.9361129803763393,2.3638324563800914,-0.77248623650816,0.7948204352405338,1.2823797248436322
-2.2003125,9.501796875,0.9717187500000001,1.9499675227664048,4.503454478507608,2.3420550902782873,0.09217189022840662,0.6982172285289802,1.5613453204838132
-2.5599218750000006,9.321953125,1.0225,2.083891527922335,4.2130287239766995,2.3385555771672393,-0.4396410714886419,0.9059777100756566,1.0206387587103247
-1.3582031249999997,9.275390625,1.6234375,1.7154283510220514,3.0614495398278425,2.3637650176347376,0.34234019039895275,0.3917060740542612,1.5024154348232548
-0.677265625,9.493828125,0.550625,1.8736815009342862,2.7811340203609363,2.184657349420041,-0.2584107509116572,0.09038506486903128,0.7225958912381321
-0.460703125,9.376953125,0.5275000000000001,1.6680781342207067,3.01792938085084,2.007962664618045,-0.8521361099752155,0.06059711392011699,1.065658615772767
0.14484375000000002,9.311171875,0.901640625,1.6873587831537005,2.2914319421398894,2.588721866500843,0.005499334727260758,0.40459770761132646,0.8346878083545803
-0.08773437499999998,9.28109375,0.78578125,1.4213501585441075,2.584193912753247,2.209963803922688,0.17787795205090023,0.0378116011519313,0.8225734534161061
0.18859375,9.406875,0.389609375,1.5322959358299355,2.4534553917638284,1.7264701173672568,0.5229870771336381,0.23906362757051552,0.759391115449847
0.118359375,9.44171875,0.45257812499999994,1.5548531770233514,3.6833504426538672,1.8852052466565767,-0.08882059441145242,0.12629917722043382,0.6189176927621778
-0.34390625,9.438359375000001,0.5077343750000001,1.985592730448754,3.5286419079583027,2.3880428750743485,-0.2116319291474444,0.22143169547139396,0.705279196999666
-0.36984374999999997,9.80125,0.20710937499999998,1.7160779157969306,3.4630416995034867,2.1759046797911687,-0.35972475779517615,0.2253879806000744,0.5596901052637896
-0.23703125000000003,9.41453125,0.42093749999999996,1.739538084959176,3.6095277260707443,2.129793284239987,-0.14129303446711858,0.10500309527474011,0.3568973829019001
-0.5552343750000002,9.32421875,0.83109375,1.7123754356356433,3.218148392655074,2.2999912480726827,-0.1521008057019437,0.14939650279913913,1.351286190516258
-0.358828125,9.576562500000001,0.50265625,1.6811991726023972,3.3849117043275663,2.0281401133392976,0.16663968257807046,0.4136847293224084,0.6954287535807682
-0.4128125,8.445703125,0.813046875,3.701045236125026,3.875296295848259,2.2857618254758596,1.111692326071407,0.22811847369774174,0.21744447013644452
3.346640625,7.948984375,3.3660156249999993,3.1236347711199546,3.221224010334559,2.4245957587824534,0.09266779210609273,0.639989687250313,0.35705650410126755
6.998281249999999,5.998359375,1.0773437499999998,3.40695247558554,2.627777036222748,1.9749550961568563,0.5656309786404374,0.6511758818333968,1.4473127980263971
5.82828125,6.81359375,1.18796875,4.800606099327297,3.497128450237557,2.5070623245191648,-0.6669303905185932,0.8016067149771133,1.6101031183739836
3.9826562500000002,7.933515625,1.3464062499999998,3.355624356112576,2.821267332092239,1.6903128105356526,0.17055525358440632,1.0011461422053411,0.4578529833166157
7.470234375,5.924140625,1.4669531249999999,3.4733216416448336,2.5713027241020474,1.7830261138869319,0.2958699559135112,1.0287214955255826,0.638608523616511
7.24609375,5.824453125,0.85921875,2.9648496047373025,2.4015707127685695,1.5367191154041253,0.5587582884561632,0.5755211196844934,1.154650000134265
7.258125,6.171015624999999,0.831171875,3.0170708968923816,2.321864767757989,1.4777789611301768,0.5266001797326544,0.5693936962105098,1.0394388734554048
7.368515625,5.98265625,0.851796875,3.1512006863068653,2.8259092796542387,1.8269905384238405,0.36075058459322146,0.8812531440734404,1.5598438450170162
7.371015625,5.882890625,0.736328125,3.842426772204756,3.0009022477476854,1.8882725534424272,0.6844999275306856,0.5363328694767681,1.7886786866144357
6.096953125000001,4.204296875000001,2.91265625,4.386435333537101,3.4394609596730756,4.209126335338004,0.575144728136715,0.6623039499819094,0.7006545195006304
1.4104687500000002,0.017499999999999998,9.599765625,0.26957680774398507,0.11107429945761531,0.1021676383125271,0.440101651148267,0.2350626798448933,1.279644330294843
1.1914062500000002,-0.026484375,9.630703125,0.04943010176944308,0.03686101098531312,0.03791816009822176,0.016704918097630406,-0.1788941018913083,-0.20137284851392195
0.99484375,-0.0428125,9.686015625,0.23314421628240642,0.0929208122206753,0.10548503925135262,-1.5139914873567206,1.777399183036329,3.8894541028001215
0.983125,-0.07671875,9.67265625,0.05185240471762136,0.04524429133534418,0.037779880041332856,0.38137772828466576,0.8261666058245845,0.4508280819520734
0.9668749999999999,-0.086484375,9.66859375,0.04739709247411703,0.029357437402800928,0.031886869726228985,0.4372787921601131,-0.03769210856353454,-0.44448129694164407
0.920234375,-0.12937500000000002,9.689218749999998,0.0496938257569225,0.0340438595784908,0.02857581404680362,-0.411211384101007,-0.44079372023207214,-0.6043147288395772
0.923046875,-0.129140625,9.684765625,0.05727617569927635,0.03414187640727109,0.03423185750670524,0.606509578820106,-0.16406089734299675,-0.09295569574182697
0.904765625,-0.14625,9.698828124999999,0.04249935374049086,0.03731202889149825,0.028794017763840787,0.22714339696525182,-0.3711082393044687,-0.14978389993768743
0.8714843750000001,-0.18093749999999997,9.702734374999999,0.046955594776973864,0.03209939397792426,0.025547591733065162,-0.4244108449021976,0.022449241626175422,1.3245752775014161
0.8796875000000001,-0.18546874999999996,9.689140625,0.08031128403748754,0.07384378967413238,0.053165827602035656,0.19467895909734992,0.3814066223437029,1.6343508122467567
0.857265625,-0.15125,9.696953125,0.14293636501380388,0.1394072272158083,0.08279831098962331,1.079360643626391,2.145430945919266,-2.4728744587979903
0.8445312500000001,-0.20375,9.704531249999999,0.038198890997481846,0.027585095613392393,0.027382115941568586,-0.04833413787039667,-0.14347985591996132,0.14668432006068233
0.82625,-0.22273437499999998,9.704453125,0.055677643628300216,0.03438556300774171,0.026920269830266946,0.04565948800894666,-0.3879501750510343,1.0189364848089046
0.860546875,-0.20710937499999998,9.687968749999998,0.05404437692983772,0.03502571251394289,0.026849097255541066,0.3034681840858877,0.2462062129467941,-0.732474928719258
0.8596875,-0.219296875,9.692890625,0.037477858046451915,0.02643339488666515,0.0256829327980544,-0.5205430506522084,-0.1267704545999915,-0.5876448646213941
0.841328125,-0.22554687499999998,9.699765625,0.05330295333266605,0.030968951027349558,0.03083385020329732,-0.3685502983560107,-0.29626035812232293,0.40737206070314524
1.41046875,3.998046875,4.983984374999999,0.7754130546189157,4.687762335758153,5.187941448060672,0.5183756476592244,0.19776397600203946,-0.1911719327650521
2.28875,9.11875,-0.103359375,0.20854406009282547,0.15967740917236856,0.3410422383658795,0.12924693581857333,0.9287338519872069,-0.33788942115063075
2.3338281249999997,9.0903125,-0.07703125000000002,0.7982413492854052,0.5287070572100869,0.734475109532949,-0.33327759604185403,0.5272715923069698,1.2634785967218531
2.6185937499999996,9.022890624999999,-0.31562500000000004,0.7687426161992956,0.623787764818379,0.8653140235631224,-1.4755312721700156,1.3218636817481781,2.5182896474199112
3.508125,8.6425,-0.18570312500000002,0.6455808310157606,0.4162875358451175,0.4160353868545732,-0.6792790102093023,0.6668544426725725,1.498567614384627
4.023203124999999,8.416718749999998,0.0005468749999999988,0.20877968948208145,0.16823583416869756,0.12301745680079057,0.24111716499602495,-0.49056765587394124,0.4385074153310872
4.002890625,8.41,0.01296875,0.18380591132253976,0.11742018565817378,0.08773503589466126,0.6727898719476615,0.11879947175027496,0.3342968075398539
4.106171874999999,8.40203125,-0.015546875000000003,0.19463154731179727,0.13102575709927225,0.08534679799344774,0.1744685137849666,-0.3269732775203028,0.2512869147062191
4.8303125,7.871874999999999,-0.012656249999999999,0.8091767976429811,0.5733846194963725,0.11974898469689628,0.40608904426631437,-0.45947886188511816,-0.4445290265033206
6.389374999999999,6.764609374999999,0.069765625,0.8454850216739502,0.7983761863383134,0.5109281762815194,2.0511416958993487,-1.8514875043113805,2.4494296815430343
6.09859375,6.985546875,-0.011953124999999998,0.1475674336055808,0.13195529897557878,0.10386333112669927,-0.22082117475207044,0.8323554281015025,0.9004637779916259
6.15671875,6.965625,-0.048203125,0.19566437053903676,0.16913266797103393,0.1205419636070127,0.06332357732968291,-0.1771832928117384,0.5329406401454425
6.114765625,6.9878124999999995,-0.049453125,0.29402637223276307,0.13532332520208779,0.0739014186449379,0.7436559156853115,0.2631802094636229,-0.8256398471291082
6.99046875,5.75828125,1.563984375,1.035915099211049,1.0427878120204692,1.8507584339956036,1.6763131674286305,0.4864793082475552,0.21711015776944792
7.554140625,4.990859375,2.002578125,0.5646507871902857,0.5853965367377991,0.9811116511495949,1.0519682598667146,-1.376793358606259,0.2722169827635004
7.843828125,4.77765625,1.21921875,0.16089651708158365,0.16232916200097114,0.11769006818095355,-0.11912784937854273,0.34719735285159037,-0.1841824961690421
7.187421875,5.8125,0.835703125,1.0354295953957875,1.3164701857619108,1.0651948791724613,0.043109572469221154,0.6921806316402803,0.9168814025626013
7.346015625,5.5565625,0.516328125,0.9392411663177139,1.0057494387737684,0.7977907689889526,1.2218522097343436,-0.41602239029862337,0.6439571849513297
7.91203125,4.65375,1.08109375,0.13693839499365207,0.14165870075643086,0.11430656678834117,-0.22829983105468155,0.20529205801136083,0.0056395189987113745
7.206874999999999,5.837265625000001,0.308125,0.860185072745976,1.0349371318796903,0.8068415949707849,-0.028796478571726347,-0.3154813144302955,2.0711782532452316
7.226967213114754,5.767213114754099,0.21795081967213117,0.7973592576814206,0.967748157097552,1.0289194861876731,0.31716210078239904,0.2372178464278915,0.9288433403149432
