1619407040929 0.49227601193500636 0
1619407048604 0.5125980563163445 1
1619407055656 0.5287361837054122 2
1619407063101 0.4955547955858641 3
1619407070320 0.5333406816307814 4
1619407077440 0.5183886870394256 5
1619407084215 0.5231278349682782 6
1619407090875 0.5323063940514522 7
1619407097744 0.5233932773085311 8
1619407104708 0.5499158378532851 9
1619407112992 0.5537058441738372 10
1619407120887 0.5257693453084895 11
1619407128135 0.5548139081972203 12
1619407136003 0.5580386346826987 13
1619407143702 0.5388607337054141 14
1619407151399 0.5709711805390869 15
