1617070804873 0.5177889866446258 0
1617070808995 0.719434120501951 1
1617070813127 0.7556884354175731 2
1617070817059 0.7951836651441979 3
1617070820670 0.8253937972393048 4
1617070824519 0.8347831701330153 5
1617070828181 0.8573151752304105 6
1617070832720 0.8770658096170278 7
1617070836499 0.8819208696299846 8
1617070840020 0.893742155396535 9
1617070843637 0.8871745663127425 10
1617070847276 0.887370197723425 11
1617070850961 0.8957269074688177 12
1617070854773 0.9008889090415982 13
1617070858278 0.8973383503898413 14
1617070862249 0.9113129420086682 15
1617070866221 0.90905780857902 16
1617070869763 0.9204965919792313 17
1617070873150 0.9121100160790929 18
1617070876752 0.9169421672865489 19
1617070880366 0.9202931888261927 20
1617070884314 0.9091852391985014 21
1617070887908 0.9230333871494325 22
1617070891463 0.9040645842550408 23
1617070894891 0.9236106954057348 24
1617070898597 0.9269987754291119 25
1617070902137 0.924509793706082 26
1617070905559 0.9312384560508401 27
1617070909048 0.9220317968763102 28
1617070912520 0.934476202765808 29
1617070916187 0.9287539196376621 30
1617070919859 0.9320323190536645 31
1617070923567 0.9298560230582411 32
1617070927069 0.9338325568676128 33
1617070930569 0.9333128524644364 34
1617070934058 0.9320155027050687 35
1617070937589 0.9383635128441056 36
1617070941109 0.9324350193613717 37
1617070944783 0.9328544902683737 38
1617070948504 0.9323529156103907 39
1617070952180 0.9344662192905813 40
1617070955649 0.9357718505289606 41
1617070959074 0.9284509143121357 42
1617070962543 0.9335086427504691 43
1617070966096 0.9309543294090629 44
1617070969620 0.9259065379688887 45
1617070973097 0.9282800084458602 46
1617070976933 0.9290711547790852 47
1617070980831 0.9343522213380661 48
1617070984852 0.9169402201163023 49
1617070988722 0.915824359989264 50
1617070992560 0.9281802174095917 51
1617070996710 0.935059620045429 52
1617071000962 0.9308168738260997 53
1617071004884 0.9382124271194159 54
1617071008714 0.9307309629944033 55
1617071012754 0.9383908680761079 56
1617071016704 0.9303830870989596 57
1617071020610 0.9362756667193589 58
1617071024545 0.9307551569802662 59
1617071028586 0.9376760863426714 60
1617071032349 0.9372728704095098 61
1617071036044 0.9396755180073113 62
1617071039986 0.9368769138543112 63
1617071043502 0.9378197520418529 64
1617071047048 0.9406926905867748 65
1617071050893 0.9414876835612218 66
1617071054694 0.9396851892928639 67
1617071058503 0.9394294976610341 68
1617071062912 0.9367032257472161 69
1617071067256 0.9402195594997195 70
1617071071199 0.9397879237119344 71
1617071075326 0.9385272125760489 72
1617071079328 0.9390498472344498 73
1617071082951 0.9409267310716641 74
1617071086499 0.9380349701032444 75
1617071090291 0.9405798725828963 76
1617071093944 0.9399218570098304 77
1617071097493 0.9351939214988105 78
1617071100969 0.9355601393139832 79
1617071104696 0.9356963862598592 80
1617071108251 0.9411448456332405 81
1617071111954 0.9352541327398725 82
1617071115521 0.9313929263849229 83
1617071118982 0.9394278224532986 84
1617071122388 0.9384330637202324 85
1617071125952 0.9400483531935905 86
1617071129492 0.9384049646662626 87
1617071133004 0.9370331571279695 88
1617071136499 0.9325098277404953 89
1617071140009 0.9422982177926372 90
1617071143428 0.9437497800955824 91
1617071146991 0.9381346731464131 92
1617071150837 0.9387890627193299 93
1617071154452 0.9359102547918721 94
1617071157861 0.9439820749071463 95
1617071161285 0.9416180634800814 96
1617071164839 0.9437213674686263 97
1617071168381 0.9446793656245184 98
1617071171862 0.9450360563574904 99
1617071175312 0.9396852457864452 100
1617071178808 0.9341202092610709 101
1617071182329 0.945522756803868 102
1617071185766 0.9365064756425165 103
1617071189287 0.9386302951842432 104
1617071192816 0.9430430565834579 105
1617071196271 0.936760188460139 106
1617071199855 0.94139598999011 107
1617071203535 0.9403839269936812 108
1617071207717 0.9369775021895079 109
1617071211145 0.9375846931669694 110
1617071214760 0.942355326053336 111
1617071218266 0.9340740001504958 112
1617071221684 0.9441833613591954 113
1617071225282 0.9440981334559526 114
1617071228870 0.9373522392467257 115
1617071233379 0.9433153052678456 116
1617071238340 0.9416599909227484 117
1617071242193 0.9417045761248041 118
1617071245658 0.9452774880238843 119
1617071249118 0.9448267026898223 120
1617071252722 0.9485764148039991 121
1617071256429 0.9433568725049056 122
1617071260616 0.9462819975746213 123
1617071264949 0.9450066777564059 124
1617071268984 0.9444772551517272 125
1617071272924 0.9411980142541384 126
1617071276717 0.9463052699412334 127
1617071280660 0.9427621866308061 128
1617071284391 0.9421999163669401 129
1617071288089 0.9463435628838814 130
1617071291944 0.9460383919081136 131
1617071295518 0.9452193159238859 132
1617071298977 0.944601937974307 133
1617071302454 0.9482880471992475 134
1617071305869 0.951367481133291 135
1617071309632 0.9486016207799539 136
1617071313964 0.9476118192211404 137
1617071318123 0.9492093619045645 138
1617071322021 0.9492585906301099 139
1617071325625 0.9444288672522225 140
1617071329344 0.9404842901934292 141
1617071333257 0.9471976144003372 142
1617071337281 0.9475601252665978 143
1617071341097 0.9478944211973261 144
1617071344850 0.9477287045017584 145
1617071348284 0.9480299831481135 146
1617071351892 0.9480812617590025 147
1617071355695 0.9474387040108467 148
1617071359409 0.9486217059897114 149
1617071362914 0.9479472070740724 150
1617071366419 0.9466576992282109 151
1617071370046 0.9463372808020961 152
1617071373603 0.9442031053241673 153
1617071377142 0.9457869962995278 154
1617071380724 0.9479906617878467 155
1617071384258 0.9473721436112467 156
1617071387649 0.9470162981875802 157
1617071391052 0.9471463426060107 158
1617071394550 0.9466385544318613 159
1617071398039 0.947015040695684 160
1617071401453 0.94511900704553 161
1617071404836 0.9466990196968194 162
1617071408247 0.9460752683779613 163
1617071411662 0.945309607783083 164
1617071415038 0.946030762096922 165
1617071418459 0.9454960250456721 166
1617071421859 0.9464094188109128 167
1617071425246 0.9466920097706002 168
1617071428739 0.9460320750379709 169
1617071432118 0.9463680995089531 170
1617071435518 0.9460236864772622 171
1617071438900 0.9456611335005339 172
1617071442270 0.9465884887191054 173
1617071445653 0.9462818505268682 174
1617071449146 0.9458035238414255 175
1617071452561 0.9451617455258042 176
1617071456016 0.9460910899084249 177
1617071459392 0.9454087702345122 178
1617071462771 0.9462061938440403 179
1617071466270 0.9478270201772376 180
1617071469662 0.9440665232889671 181
1617071473043 0.9443696030133568 182
1617071476446 0.9450602140605744 183
1617071479855 0.9432459734217054 184
1617071483227 0.9441613550621262 185
1617071486646 0.9428800459298742 186
1617071490168 0.9424960498363599 187
1617071493936 0.9434715133031535 188
1617071497400 0.9441325368858114 189
1617071500788 0.9453852994042659 190
1617071504226 0.9475674801986563 191
1617071507778 0.9468438014900576 192
1617071511207 0.949755971118848 193
1617071514673 0.9499786352331279 194
1617071518095 0.9469859085908329 195
1617071521513 0.9486036134883935 196
1617071524905 0.9486543948902134 197
1617071528277 0.9507021512664345 198
1617071531718 0.9491089230281952 199
1617071535104 0.949057267178626 200
1617071538498 0.9477617325137453 201
1617071541915 0.9412082721362832 202
1617071545339 0.9409440119242732 203
1617071548895 0.9430255908281187 204
1617071552336 0.9432212298275741 205
1617071555879 0.9437284008611536 206
1617071559314 0.9455105017355742 207
1617071563143 0.9468577191940568 208
1617071566548 0.9445012442629428 209
1617071570042 0.9440645770131514 210
1617071573576 0.940697109530363 211
1617071577009 0.9400024373396455 212
1617071580381 0.9409656727155109 213
1617071583783 0.9365110021511277 214
1617071587147 0.9379575074480124 215
1617071590515 0.9328087809001625 216
1617071593881 0.9200029828884204 217
1617071597220 0.9159405368807065 218
1617071600611 0.9291833244539816 219
1617071603965 0.9268077326594244 220
1617071607312 0.9243901871892677 221
1617071610705 0.9267663046646811 222
1617071614062 0.9348845320041698 223
1617071617411 0.9325535907217813 224
1617071620782 0.9386979005567647 225
1617071624142 0.9359264749273559 226
1617071627519 0.9375325603080225 227
1617071630905 0.9398588584335822 228
1617071634273 0.9383757899009523 229
1617071637636 0.9423998790169953 230
1617071640976 0.930152824073016 231
1617071644319 0.9256995363152808 232
1617071647663 0.937655374820262 233
1617071651015 0.9389957577998446 234
1617071654364 0.9386669208301459 235
1617071657738 0.9390794932870032 236
1617071661083 0.9473533924922148 237
1617071664446 0.9443485621570907 238
1617071667798 0.943065446807994 239
1617071671155 0.9395831114859825 240
1617071674506 0.9409589279741285 241
1617071677883 0.9405968455124328 242
1617071681244 0.9411780326705753 243
1617071684625 0.9457434785756053 244
1617071688002 0.947883023171492 245
1617071691373 0.9493990243564548 246
1617071694790 0.9482331912763544 247
1617071698156 0.9491237068245157 248
1617071701539 0.9485532137807412 249
1617071704906 0.9468435270498068 250
1617071708270 0.9469417906260822 251
1617071711651 0.9461739006652693 252
1617071715012 0.9462054194225404 253
1617071718376 0.946372372454772 254
1617071721716 0.9451180662265728 255
1617071725071 0.9453779784550215 256
1617071728433 0.9456234211267924 257
1617071731800 0.9459792034792005 258
1617071735141 0.9451641027786735 259
1617071738517 0.943193139234586 260
1617071741882 0.9456176721201949 261
1617071745234 0.9459638690135166 262
1617071748628 0.946070506306283 263
1617071752033 0.9454218710232163 264
1617071755419 0.9463901888880861 265
1617071758771 0.9439485286586338 266
1617071762151 0.9430115154654174 267
1617071765530 0.9445645879394733 268
1617071768899 0.9442641989184133 269
1617071772261 0.9445898228538748 270
1617071775626 0.9441754178805747 271
1617071779005 0.9440273321711548 272
1617071782366 0.9432312753629636 273
1617071785711 0.9441819787414335 274
1617071789053 0.9438127759996493 275
1617071792415 0.9446554008018205 276
1617071795785 0.9456826845545595 277
1617071799146 0.9473115291596792 278
1617071802509 0.945429807135283 279
1617071805892 0.9460716542776305 280
1617071809248 0.9474019742998675 281
1617071812619 0.9461458811156402 282
1617071816026 0.945087640163716 283
1617071819393 0.9454815000398415 284
1617071822773 0.9451639362089964 285
1617071826130 0.9444713809470426 286
1617071829524 0.9438864565404511 287
1617071832880 0.9438305570001715 288
1617071836242 0.9447859770676799 289
1617071839594 0.9463706155927286 290
1617071842964 0.9467199577491007 291
1617071846322 0.9448237250186555 292
1617071849673 0.943829616320101 293
1617071853012 0.9447359308268486 294
1617071856418 0.9466520484367792 295
1617071859817 0.9457324387498532 296
1617071863200 0.9457405106876223 297
1617071866579 0.9469485055290316 298
1617071869947 0.9477912262019601 299
1617071873317 0.9453921238388749 300
1617071876669 0.9454793840166196 301
1617071880035 0.9454156110522043 302
1617071883417 0.9482547742743362 303
1617071886793 0.9480997063882731 304
1617071890147 0.947473920889387 305
1617071893516 0.9471401289009583 306
1617071896866 0.947739862486816 307
1617071900235 0.9473418814792184 308
1617071903596 0.9463509556986943 309
1617071906953 0.9456541979898443 310
1617071910320 0.9466025499264673 311
1617071913689 0.9469034173791057 312
1617071917041 0.9472320305133357 313
1617071920411 0.947605033758158 314
1617071923773 0.9479438510809087 315
1617071927122 0.9472941448197626 316
1617071930507 0.9478733010978265 317
1617071933900 0.948466778301506 318
1617071937385 0.9491003028376925 319
1617071941165 0.9479100269977528 320
1617071944644 0.9479110258602677 321
1617071948405 0.9466975666301338 322
1617071952327 0.947258719122191 323
1617071956265 0.9469556057927593 324
1617071959910 0.9460378446942529 325
1617071963439 0.9460554804025508 326
1617071967250 0.9475573768030399 327
1617071971311 0.9491063397010027 328
1617071975798 0.9491476728027515 329
1617071979306 0.9479459695707597 330
1617071982732 0.9476481109610341 331
1617071986135 0.9474757486225697 332
1617071989595 0.9481545671110929 333
1617071993160 0.9469627451114457 334
1617071996934 0.9481506213047196 335
1617072000426 0.9484038801237237 336
1617072003951 0.947847925357799 337
1617072007694 0.9463374085223667 338
1617072011069 0.9463625718211959 339
1617072014676 0.9461281560031529 340
1617072018094 0.9460157529540448 341
1617072022019 0.9466327054767909 342
1617072025539 0.9478711465085272 343
1617072029066 0.9476398113989655 344
1617072032422 0.9491923575866188 345
1617072036216 0.9495117171844684 346
1617072039869 0.9488569075068597 347
1617072043812 0.947824099094095 348
1617072047783 0.9472264565651742 349
1617072051556 0.947183409045178 350
1617072055290 0.947767085198621 351
1617072058916 0.9477501794625022 352
1617072062863 0.9484248084539313 353
1617072066673 0.9467801631846958 354
1617072070303 0.9474221108143966 355
1617072074363 0.948055369193539 356
1617072078202 0.9487435427335582 357
1617072081876 0.949328793212945 358
1617072085653 0.9480956805886777 359
1617072089421 0.9460393610710822 360
1617072093129 0.9481633850874622 361
1617072096502 0.94628013556974 362
1617072099914 0.9482047863992799 363
1617072103299 0.946997250928629 364
1617072106682 0.9468126661547055 365
1617072110037 0.9482967083724573 366
1617072113442 0.9475361233944661 367
1617072116838 0.9490224315053719 368
1617072120343 0.9481322963347316 369
1617072123841 0.9471870580505309 370
1617072127250 0.9478211479169678 371
1617072130630 0.9472573984590378 372
1617072134017 0.9466927540981155 373
1617072137369 0.9460918570522583 374
1617072140736 0.9454393265676005 375
1617072144124 0.94595162990609 376
1617072147516 0.9469568683401338 377
1617072150890 0.9473426491619323 378
1617072154303 0.9484934453162468 379
1617072157681 0.9465845037522193 380
1617072161063 0.9477645040047292 381
1617072164455 0.9469511744549162 382
1617072168070 0.9449665811968734 383
1617072171819 0.9459255582322522 384
1617072175316 0.9460544814900368 385
1617072178906 0.9447776295785658 386
1617072182416 0.9447717912788882 387
1617072185951 0.9496414056250051 388
1617072189378 0.9500798114482305 389
1617072192962 0.9480885335312206 390
1617072196370 0.94652982362664 391
1617072199802 0.944308679838729 392
1617072203173 0.9405339282016094 393
1617072206698 0.926956862708442 394
1617072210361 0.928817415145206 395
1617072213879 0.9194340953256691 396
1617072217370 0.9380303553570927 397
1617072220774 0.9450708834086541 398
1617072224133 0.9443526392559023 399
1617072227488 0.9419911935729653 400
1617072230874 0.9430626525729131 401
1617072234273 0.9441408444644243 402
1617072237646 0.9438293633017449 403
1617072241003 0.9436977431796139 404
1617072244363 0.944687901999635 405
1617072247721 0.9457104763132249 406
1617072251096 0.9501282748910251 407
1617072254478 0.9500155833241035 408
1617072257955 0.9518827751205268 409
1617072261612 0.9512347166730902 410
1617072265187 0.9516824575647835 411
1617072268863 0.9508063618351711 412
1617072272513 0.9511771815189145 413
1617072275923 0.9516676912348627 414
1617072279521 0.9505510091092738 415
1617072283149 0.9492492342175236 416
1617072286647 0.9496988808245413 417
1617072290220 0.9500579923927445 418
1617072293774 0.9500429111454135 419
1617072297379 0.9499426898490528 420
1617072301060 0.947444613576102 421
1617072304475 0.9484308318063368 422
1617072307950 0.9490111855938802 423
1617072311511 0.9506553732367751 424
1617072315262 0.9496912654186853 425
1617072318669 0.9519061712074707 426
1617072322044 0.9512775060914749 427
1617072325464 0.9502575110384731 428
1617072328855 0.951516365736059 429
1617072332231 0.9512618459585451 430
1617072335617 0.9513340729493355 431
1617072338968 0.9503360130333791 432
1617072342359 0.95098531832843 433
1617072345736 0.9509894589484932 434
1617072349121 0.9516096581549622 435
1617072352498 0.951851494065179 436
1617072355897 0.9518821078362786 437
1617072359255 0.9524812781918537 438
1617072362671 0.9531224724886213 439
1617072366024 0.9539998521486148 440
1617072369422 0.9530921493908578 441
1617072373318 0.9528479659554009 442
1617072376719 0.9535252547728537 443
1617072380112 0.9537672911633405 444
1617072383557 0.953774572690965 445
1617072386989 0.9534625376367494 446
1617072390428 0.9516341479474161 447
1617072394108 0.9510259962068576 448
1617072397550 0.9507252728075736 449
1617072401019 0.9523468013522631 450
1617072404373 0.9528830189586674 451
1617072407728 0.9532281312907839 452
1617072411104 0.9526976124084121 453
1617072414498 0.9522920673386184 454
1617072417944 0.9523409108200503 455
1617072421322 0.951504141045079 456
1617072424684 0.950594131650346 457
1617072428048 0.9502445771361078 458
1617072431443 0.9501907136813827 459
1617072434810 0.9525951273799753 460
1617072438179 0.9525056727968731 461
1617072441555 0.9521472483292821 462
1617072445021 0.95235006319131 463
1617072448926 0.9518355990858377 464
1617072452960 0.9509354744400624 465
1617072456662 0.9500992191683403 466
1617072460158 0.9499551866858745 467
1617072463686 0.9504564693205421 468
1617072467216 0.9503102338272946 469
1617072470888 0.9477347760812047 470
1617072474723 0.9500210564626942 471
1617072478151 0.9494223332891749 472
1617072481609 0.9493947351331068 473
1617072485138 0.950625555625732 474
1617072488594 0.9506060584458781 475
1617072492166 0.9514865345085575 476
1617072495685 0.9508058254933666 477
1617072499147 0.951723112449118 478
1617072502625 0.950978270313904 479
1617072506287 0.9504253387295619 480
1617072510012 0.9507170544387088 481
1617072513676 0.9498088853158558 482
1617072517173 0.95288109809913 483
1617072520614 0.9504085672691691 484
1617072524056 0.9509376248405368 485
1617072527465 0.9494252701665207 486
1617072531163 0.9502998664690449 487
1617072534715 0.9512131582247332 488
1617072538290 0.950935045641059 489
1617072542035 0.950932775486859 490
1617072545623 0.9521281669541856 491
1617072549271 0.9517747719652978 492
1617072552731 0.9508040315430011 493
1617072556221 0.9511423636287221 494
1617072559591 0.9521045148378205 495
1617072562975 0.9530218845423075 496
1617072566423 0.9530808197028684 497
1617072569966 0.9508761906903836 498
1617072573420 0.9493121255065224 499
