0.445078125,9.616093750000001,2.893579032625,2.0963271438152216,3.0231914103660285,2.114826847497172,-0.3911590547690926,0.24802268522387408,1.378484463070619
0.5259375,9.671796875,3.128849256953125,2.08057663187246,2.8798373526104273,2.346286469780193,-0.41762625389088537,0.11603041037431365,1.122524623182555
0.53546875,9.6315625,3.073197360546875,2.141450610631363,2.848829923599117,2.2136246418838663,-0.7114264779658258,0.16680967385195597,1.1482357673845094
0.595234375,9.602890625,3.1833306727343746,2.1172096040704993,3.154972551471266,2.1634846397407284,-0.33118950164377836,0.30479370297700226,1.1781039375217157
0.665390625,9.731328125,3.298358718484375,2.11465419097594,2.860607008107542,2.304473395757266,-0.31898579753155404,0.11341509222071434,1.165266719698879
0.74734375,9.6425,2.8172837922656253,2.1555007699687647,2.7979467918457637,2.0779941650165035,-0.7299270466969271,0.10896308224227137,1.4114948545901573
0.78171875,9.8225,2.8890034403125,2.5800745233226188,3.1019391616374428,2.2705191473026707,-0.704061360604852,0.36482977070975675,0.9091539900895202
0.7340625,9.676640625000001,2.843673224484375,2.2457631767605752,2.9144093198021466,2.2866311839868754,-0.28169449524079343,0.11254380688773206,1.145748418878329
0.5975,9.520390625000001,2.60521071128125,3.1559900883082634,4.874441378626079,3.178109067403577,0.5589489443918073,-0.36005052879576077,0.45219461578805453
0.3634375,8.4215625,1.438649241953125,5.80277485312792,7.6002715244979075,4.4034209227892545,0.41525117186603766,-0.12161261582548757,0.41132072742532444
0.9226562500000001,8.690703125,1.6072010146406253,5.422473127580804,7.986450457610392,4.122641769286046,0.19923552461960356,-0.23519591245026503,0.35451370895376877
1.3958593750000001,8.552734375,1.712545889609375,5.011766705611366,7.348960142730627,4.187618568175948,0.2954119104239766,-0.10456065147465486,0.34889735827133905
1.6925781250000003,8.505234375,1.4211981411562502,4.918639967970972,7.281719401698226,4.213507273438226,0.41276022062950823,-0.11948636600662094,0.3397699539378902
1.773828125,8.637656250000001,1.6989255666718752,5.1807404938106085,6.989805241874478,4.230598353031498,0.373342664144648,-0.12345107713110436,0.40731059955036175
1.884375,8.778828124999999,1.73712639625,4.680284404753092,7.1608787018744415,4.086543756595306,0.7644472307277396,-0.029751012348557863,0.5206190893311607
2.0025781250000003,8.510937499999999,1.5779385565468753,4.718121522070144,6.762488151271967,4.2168685429687205,0.09573324666874639,-0.19060579768642916,0.5903729903230337
0.979453125,8.084531250000001,1.7054164801875,4.710452524140089,7.155954017828331,4.2367617062325085,0.35714920462700395,-0.003707831514582983,0.5006484228341505
0.46046875000000004,8.67171875,1.7567056330468749,4.979974093082557,6.983785809530418,4.146005672572974,-0.16953401039906185,-0.1616709051986028,0.715116211143749
0.7032812499999999,8.211953125,2.01134228784375,4.613671448358502,6.939430593827763,3.9418922949199406,-0.6464444967746572,-0.08650574041688999,0.5447970562210055
1.202265625,8.392500000000002,2.123178130546875,4.611032323210646,7.017245943032066,4.000383651721126,-0.5985941306467694,-0.0545311742287863,0.5745012108029038
0.34820312499999995,8.536874999999998,2.2681071152968753,5.076320246004012,6.841788617340863,4.227313578987273,-0.7327897869587454,-0.11329145180711932,0.3603623889176107
-0.31820312500000003,8.432578125,2.210220658203125,4.486803816748648,6.449374393847941,4.347699602460912,-0.7676284330078922,-0.13002124918170804,0.6056257992762653
-2.356328125,8.27578125,2.254486731171875,5.686658848663596,6.724691513530448,4.465097948674018,-0.8094984524885455,-0.20852534337831777,0.7011050790040931
-2.4213281249999996,7.938359374999999,1.586770519296875,5.061634551193318,6.6580827027831075,4.65362155131476,-0.4092382294284715,-0.0024524655355760297,0.13684745737617543
-3.62328125,8.086484375,2.05784297140625,5.71239115177685,6.469092574243382,4.913421228799059,-0.42945649201245933,-0.19883272374744115,0.5040139537583299
-4.169218749999999,7.800703125,2.00453211546875,5.8289995133940815,6.1254185040179285,4.433964200975683,-0.3156468840190341,-0.05547834347875258,0.4792528245730826
-3.9850000000000003,7.42375,2.200218197828125,5.638528315305334,5.964291921510885,4.592490660978904,-0.4989354321507275,0.06432232913034001,0.35287982599883094
-4.6215625000000005,7.729375,1.830979071921875,5.674218343401473,5.811072102837393,4.906208481769924,-0.23754800081303495,-0.10308719611294731,0.3411538752940044
-4.77,7.36546875,1.9113178709374998,5.961986220002525,5.923223211881639,4.8366815362691415,-0.1883412319230402,-0.04010818435856461,0.4980252732390827
-4.979843750000001,7.643203125000001,1.758940236609375,6.0822285934586455,5.997927628251298,4.746468551653516,0.0382717896287244,-0.28248255662771427,0.15534754923386937
-5.525859375,7.415312500000001,1.8093780779687498,6.2629994221199325,6.034474647999091,4.246966400132764,-0.21158909540412033,-0.07827143240606314,0.4644921720260062
-4.988984374999999,7.380859375,2.283855641984375,5.360261018575108,5.694112368730056,4.590466936411229,-0.26701693342754645,-0.17339719499264364,0.3690408790602198
-5.58390625,7.387734375000001,1.987932287890625,6.745665996861313,6.180966400830323,4.741469489213801,0.008660052805694868,-0.3200957763105779,0.3318087603039074
-5.592578125,7.0003125,1.6439121189062502,6.411166314292704,5.927301364435905,4.656680013212719,-0.20348477583555905,-0.04523286389756575,0.6713580059780924
-5.737578125000001,7.455703124999999,1.76436706534375,6.018934413853626,5.656590691893416,4.803167155435173,0.05452916055315441,-0.32720320927158825,0.44147100855140714
-5.107343749999999,6.84921875,1.878863117890625,6.174960460953248,6.1051535107357,4.490919558074137,-0.26270819279664076,-0.05349043946013415,0.5567806002483436
-5.9408593750000005,6.975234374999999,1.5800667582812498,6.422656920443798,5.992798277521809,4.330362469978978,0.04200299161307711,-0.05599133135098532,0.6094755416107529
-5.734765625,7.414843749999999,1.30212650921875,6.100526099859615,5.971968763572524,4.621482100132669,-0.05672905501933732,-0.2144684462942471,0.46013850824853564
-6.055546875,7.04421875,1.2168929549062502,6.317016182576053,6.389832207472152,4.007643912515673,0.02694412804142807,-0.0694901676906158,0.9195792146768212
-5.31640625,7.338906249999999,1.6235879928124999,6.07643215299578,5.984324736652494,4.265915610607993,-0.3972147367780497,-0.07501125605387972,0.45664952956598265
-5.278828125,7.1507812500000005,1.038019449484375,5.668491535052247,6.383800372986959,4.863401657210847,-0.0859053085476725,-0.052604583919215964,0.4042908287463458
-5.413828125,7.9144531250000005,1.04216938825,5.8366031325342815,6.402488628527796,4.395134329848868,-0.0018334047288869212,-0.1467863445129552,0.30189387122425615
-5.203671875,7.9025,-0.06607996609374994,5.91592050517787,6.282035523021181,4.300844539348975,-0.09472519698293654,-0.020914534810363993,-0.28208995012462923
-4.206250000000001,8.82015625,-1.376187148,5.103493595077787,6.10032849837498,4.29295900860686,-0.18382329447977708,0.08754359174502443,-0.28847478764129986
-3.897265625,8.593671875,-1.5223930999687498,5.575149481578351,6.057859160717092,4.181732459825265,-0.46766770803071633,-0.011752903950314657,-0.7272218165661121
-4.935625,8.502734375,-1.433860814796875,5.571367755935252,6.043803608196031,4.209611210450045,-0.38448774242458517,0.05497434297076288,-0.4916058080468073
-5.283828124999999,7.738906249999999,-2.0676326268593757,5.213405515036116,6.064246041653566,4.277511984963724,-0.27842185142350895,0.12153729199190097,-0.9016185693500062
-6.390859375000001,6.6391406250000005,-1.5897499768593748,5.973796822810817,6.090421786931067,4.219116351087926,-0.35611282234477515,0.3314015211469835,-0.4321648435474465
-7.76703125,5.978046875,-1.700840891875,6.452576079483561,5.7027844156651,4.403063773049699,-0.23116394057285058,0.31264299646505006,-0.6429115707323036
-7.322968749999999,5.1919531249999995,-1.8708824409375,6.816194337680186,5.49658019513522,4.145155523023861,-0.21665421113048045,0.3833541937245063,-0.6618067676840077
-7.887968750000001,3.484140625,-1.66402341671875,6.749873072808365,4.972623101691361,3.8395836077788514,-0.12248996116207735,0.2809112680992246,-0.5963708928696605
-8.57,2.4935156249999997,-1.5811308321875002,6.394911429214638,4.819303727887553,4.173406376357649,-0.0076285411378934085,0.4924242528950404,-0.9307293129921539
-8.815390625000001,1.599609375,-2.2469317654687497,6.54353401056433,4.216129075189956,4.344835885206558,-0.07832858059097043,0.43527982535878235,-0.7748473883047152
-8.520937499999999,0.8433593750000001,-2.378878856,6.396069891628276,3.9585339531636716,4.189087885131327,-0.2438293840658579,0.3248046806765766,-1.0340562850455037
-9.03296875,1.22890625,-2.039753473671875,6.281983210859723,3.7786890572275116,4.0133416233501755,-0.057273343717578806,0.382082138958535,-1.0342133223159269
-8.959296875,0.37375,-1.8344905678281251,6.411756436372582,3.6600917850512986,3.5188771630162137,-0.016305874833021525,0.0034804041858899795,-0.9992572146816279
-8.897031250000001,0.8440624999999999,-2.2689583915625,6.2672196984806146,3.6435095198302623,3.5270037986454086,-0.1198125322498117,-0.05287392745554021,-0.7059100849105321
-2.818125,4.8325,-0.953530757734375,7.915816914373083,5.952567985752031,3.357232471930884,-0.24910030601591035,0.03644547269514148,-1.6869567838304482
3.783046875,9.321562499999999,0.16397621534374998,3.497951534155774,3.2916227564977354,1.6316011567861464,0.7934561544632914,0.37229609653803114,0.8131788260336849
3.5421875,9.283359375,0.05352370992187502,3.2302258864271005,3.4760695919888613,1.5624565032721123,0.42442027120591935,0.5710467034781465,0.7213389319232126
3.8754687499999996,9.283671875,0.059056975671875,3.54882812070033,3.364934962013974,1.5652980146764413,0.6184859838349033,0.7092003145166073,0.45183437791585096
3.75375,9.305234375000001,0.08108363107812498,3.1852212442780172,3.46363089944185,1.5990244884415628,0.5247409160707049,0.6353113834644629,1.0043160621888394
4.24671875,9.092343750000001,0.190472051375,3.0177327761745962,3.1435627390487912,1.4540907167551793,0.631848721299796,0.619397663433662,0.5810812515415806
4.323828125,9.026093750000001,0.28464397579687506,3.349978339737286,3.2615375099346835,1.7315401294670119,0.6033709163447135,0.6198069595853177,1.04157155873134
4.0796874999999995,9.1640625,0.192813042171875,3.2679169439176006,3.7962060496097614,1.7933274614427201,0.41852907514014187,0.7169750423661336,0.785107870271938
4.06953125,9.180625000000001,0.10406797270312496,3.4686722647539705,3.863115393937256,1.8402271883155217,0.37618610843671274,0.7282830464412128,1.019739508003107
4.0225,9.218984375,0.12056135785937504,3.705042594222096,3.672200642973619,1.95040090662137,0.49174928694991976,0.6686208093562179,0.8984680046269312
3.95140625,9.17578125,0.089702752203125,3.5245138703743155,3.5581158570440676,1.7025021942977747,0.7927776670694725,0.6077479322522497,0.6822188114306819
3.839921875,9.299921875,0.08193491051562501,3.6855158848723586,3.8136439874018766,1.8688918207972716,0.530070178371935,0.49384212695746743,0.7742337456169144
3.9541406250000004,9.221796874999999,0.14035342762500003,3.392130029417299,3.4812233916383812,1.7521981321981712,0.6617936225515277,0.5812710720974954,0.9102659447786807
3.989453125,9.207578125,0.26378783146874996,2.9538452980272565,3.3127159708117873,1.788105852562421,0.5748071410746692,0.8288426840614563,1.1101466928246326
3.9202343750000006,9.242109375,0.15312249709375,3.45080390652937,3.166429291297551,1.7502111568884977,0.6142952768674671,0.7292199747004395,0.7469062874391041
3.969609375,9.190234375,0.05863133264062499,3.3539166475424085,3.2003162599684365,1.8340665168738977,0.3725413232217355,0.564383584644778,0.9595445232842057
4.012734375,9.3259375,0.10843074464062501,3.620252864710331,3.336310283620777,1.7882473240866341,0.3327169939379373,0.7609451051996752,0.9022671417025749
3.8928906249999997,9.264140625,0.07161322684375002,3.0787244092378763,3.2793810218507105,1.6458631622269269,0.3891914008745487,0.5895538836795552,0.8424541489171306
3.965,9.162578125,0.001808950624999972,3.3089964962961202,3.1604302135186413,1.6141947227578284,0.3534432976622029,0.7498885171729748,0.966608149834689
4.030078124999999,9.22359375,0.06597356025000002,3.4111571295744327,3.1566466915004816,1.6076405359696169,0.5238624015431091,0.727169746755756,0.5626443242370545
3.93296875,9.103281249999998,0.10257825018750003,2.9346966302368354,3.1337614951362265,1.6488717718546257,0.6659752087741143,0.8101006242595652,1.0106977238731336
3.941640625,9.220312499999999,0.12705230793749997,3.219271991009708,3.4914471250963763,1.8199585416957997,0.35491932375309276,0.8039130099329724,0.9375878499866716
3.8367187499999997,9.20703125,0.11119735987500003,3.214872448231568,3.253794025675786,1.6948234428472702,0.49253365769886526,0.8231925504862109,1.007602255777519
3.9390624999999995,9.1959375,0.10917558771875,3.0061082184601657,3.0703983448558843,1.6403341294941323,0.37597208122520465,0.8958140181032935,0.9095898732253357
3.833359375,9.282890625,0.025750967328125013,3.1503207369805395,3.112934997801449,1.56901757182092,0.28590155221966457,0.7167840851815359,0.5612839735504301
3.88296875,9.243828125,0.04607508437499998,3.059878816885309,3.048647784544647,1.4949311999799557,0.29410821140872784,0.8469341076955443,0.6039306009269031
4.02421875,9.1896875,0.16887103620312505,2.997787624173607,3.10861804542529,1.8003343322431082,0.5110803440700713,1.1733354708530432,0.9788609357538512
3.819921875,9.244453125,0.07757214046874997,3.051513327456802,3.137930450699591,1.5793296111793622,0.3411152312527945,0.6909442681500637,0.614367624746934
3.9528125,9.22265625,0.12226389540624999,2.9189410905058963,2.8801710247545955,1.6209988364024066,0.32117621917979206,1.136359587477557,0.9397074597793229
3.85375,9.270546874999999,0.11885882274999998,3.2983949695268455,3.3174682808849485,1.855105865668578,0.4014547690480355,0.768496770761817,1.0721379515318152
3.817734375,9.368281249999999,0.11822036390624999,3.4600905910385293,3.468882229320914,1.8835117171990021,0.6461906635564482,0.5998534089825519,0.9117356192296172
3.78171875,9.36390625,0.11800754454687501,3.2222250923699356,3.578088533520508,1.8400511818018959,0.49938863078410095,0.726253276625114,0.9176980849602018
4.027421875,9.283593750000001,0.129286886421875,3.244633850224318,3.530789291710982,1.8659107455181752,0.7480528889834558,0.8317352740116651,1.3742026223966666
3.848515625,9.36671875,0.10353592726562497,3.344512317271512,3.418196049584991,1.8212634854986158,0.5618640658854489,0.7282523694933175,0.9146027026795822
3.898203125,9.354062500000001,0.14961101840625005,3.5180755200805787,3.416122948035353,1.8707033092899592,0.3797218407089411,0.6286650326723059,0.9073960708293761
3.81921875,9.233046875,0.047458389828124996,3.573086377999899,3.5323079297114988,1.9979744722837194,0.8497592790086352,0.7005869610367876,1.2403978519504573
3.83125,9.168203125,0.04277640079687504,3.380728471794208,3.41168017478049,1.8931010465340545,0.5654613553378512,0.7196197840998708,1.068219943390201
3.9331250000000004,9.301484375,0.10353592182812497,3.089763277239051,3.0856647100553327,1.7216783708656407,0.3604746848762508,0.9653359667211817,0.8383882487044341
3.812734375,9.349296875,0.165891582234375,3.0082178369332495,3.5321446175610127,1.8275647916252309,0.23398850105917052,0.5928277390320413,1.0118462857344237
4.065468749999999,9.254999999999999,0.07735932145312499,3.7415297797523195,3.4689517959320217,1.785380419321974,0.584221655028655,0.6518489181743535,0.595617003163184
3.920859375,9.209765625000001,0.041393088890624985,3.3726533571840154,3.335959022727701,1.756604459164176,0.4587580238841583,0.7856840790981058,1.1807020037781764
3.982265625,9.397265625,0.15578272304687504,3.3807331432240195,3.318050235747398,1.7552164111541277,0.5500364790036023,0.5384699601620965,0.7428967686293506
3.9825,9.222734375,0.14918537075,3.215360594085833,3.2540848643579285,1.748128201409636,0.9069885724382831,0.5753579474348011,0.9143291512318686
3.936484375,9.05296875,0.01457803153125,3.3274696161844757,3.32790882147084,1.6085181586099895,0.7583754924826412,0.6644434275946856,0.775182191719319
3.956796875,9.303671875,0.03383804914062501,3.3551888298187085,3.437139497254073,1.7382360078296304,0.2983398414269486,0.6630033600711426,0.9851677041547898
4.02890625,9.254375,0.185151606953125,3.2547696333551683,3.346677631902272,2.0234544408399553,0.5000278516628052,0.7766628243142105,1.0348919577413522
4.034765625,9.134687499999998,0.11673064348437498,3.3364595674259805,3.3034307302929404,1.7907833489557818,0.5953725218611648,0.8174004397292106,0.7945472294008046
3.0221875000000002,8.627265625,0.826797673359375,3.7567684620353905,5.398813051675651,2.4947725304734267,-0.32722470019921257,-0.6479033327971699,0.6264162062517453
1.4612500000000002,7.9884375,2.0950861473125,4.78921982816617,8.328770583561163,3.6196572329455448,0.40696511680404995,-0.1872675401278284,-0.18662936414853917
1.32875,7.869921875000001,2.241717682890625,4.397640347390859,8.0071370016159,3.207493609415346,0.4017752756608423,-0.20819369808850607,-0.16249308216943675
1.6023437500000002,7.930078124999999,2.234694695046875,4.8668638009334035,7.650202253871886,3.188218090992553,0.3430638443082124,-0.22583484467924209,-0.22720673729670182
1.7599999999999998,8.11328125,2.202878451015625,4.6457894243067015,7.800301086874688,3.0228090034008464,0.3266281506677481,-0.3030035120507143,-0.1966159600206372
1.972734375,7.732734375000001,2.01698197309375,5.359569524872624,8.253455972617978,3.1137081185924926,0.33054786878100667,-0.2682878513828643,-0.08047031639132994
1.998984375,8.463593750000001,1.950050722609375,4.277244995292631,7.580181368869807,2.575605099472294,-0.4465947446471345,-0.3587649640139756,-0.24471706192541096
2.05015625,7.6684375,1.8575813301562496,4.960946700286745,7.891603769741215,3.2483195929419013,0.2971055752897237,-0.25038477235133777,-0.38237270962089265
1.6594531249999998,7.6997656249999995,1.894824453046875,5.043862345185258,8.426285089754462,3.4956151205463253,0.17622328223973815,-0.32454444132438226,-0.27398271440333005
1.822265625,7.6079687499999995,1.86545559925,5.072124218283042,7.936788290865735,3.732135053901907,0.18188815540999714,-0.18832142094184295,-0.27632293965872073
1.6342187499999998,7.92359375,1.7617068503125002,5.077311451659081,8.048593213100098,3.2106717479238562,-0.029955068425441204,-0.3330069432656135,-0.16370628768445467
2.0178125,8.048124999999999,1.949093037125,4.7585826962808735,7.805870562235516,2.9560772658034824,0.16447257207090696,-0.4291139828385669,-0.11213496390829593
1.617421875,7.791953124999999,2.0050641471875,4.877592298923874,8.010389548364845,3.0455369619427426,0.3163819050254675,-0.31131881986903787,-0.20157721030685152
1.7823437500000001,8.028671875,1.9705876516875,5.290953878492605,8.028877895903884,3.188619349556643,0.028999776203737747,-0.3566875147622048,-0.28541360841064783
1.82578125,7.737031249999999,1.95196608828125,5.017677906875694,7.855435653833811,3.133138300995046,-0.14934187561920692,-0.4065315357758976,-0.14608247230610327
1.74203125,7.4027343750000005,2.0236857135156248,5.342513067276807,7.969985170434344,3.188561480749097,0.20331876607027466,-0.2770068776165297,-0.34394218023513373
1.58796875,7.5982031249999995,1.8617312826093753,5.103036069245781,8.149374730001698,3.1781866208305747,-0.17258684032150104,-0.27702016571082255,-0.18485317312090058
1.761171875,7.658671875,1.9037628123124999,5.106590352961454,8.162450360788357,3.263577413227289,0.28921513371211977,-0.2731481335233739,-0.2397219649395564
1.7214062499999998,7.64703125,1.8928027021875,5.005834835215894,7.931513230400831,3.2381239900048318,-0.19733443257940358,-0.3614003803496611,-0.22033548563843752
1.606640625,7.538828124999999,2.0738043505,4.954797119544816,8.129135065181227,3.312149087551787,-0.2202148824426269,-0.26835569475958215,-0.11567255410852105
1.5453125,7.245234375000001,2.046244415875,4.859466588767099,8.134671740154507,3.3143512332747735,-0.002909401629509316,-0.2517884078137,-0.312972511335428
1.625,7.52109375,1.865987647109375,5.32713088233244,8.456356266366202,3.4247685022241603,-0.015478822735568533,-0.24554398768531407,-0.30297287551062696
1.9396875000000002,7.66703125,2.05018155375,5.398356366973539,7.88599176936696,3.5601103865346215,0.29579398855343014,-0.31659602675513265,-0.2133308094482684
1.7533593749999998,7.39921875,1.86396585878125,4.970396468929779,8.273083955795954,3.5885651126544316,0.0751881991546846,-0.25970143469550344,-0.25507696430876003
1.8756249999999999,7.674609375000001,1.7896924046875,5.877105041759505,8.353201940568187,3.466056264873571,0.08061659496136707,-0.3760958063997058,-0.130905860472191
1.78328125,7.3328125,1.855027537703125,5.601458530677384,8.585080712482775,3.426406324664677,0.0994944062711245,-0.36864548837986005,-0.26867529894945547
1.702109375,7.597734375,1.9167446989062498,5.133746294791661,8.450232080285923,3.300880400531649,0.4879060950040081,-0.36511431224320146,-0.3765217820632756
1.9685937500000001,7.8979687499999995,1.8667324998437502,5.281072738796629,8.331250690113906,3.478059318230626,0.4494129854799088,-0.3594322488303486,-0.2830749171254141
1.671484375,7.237421875,1.8743939506406249,5.0971073429329365,8.673601134161144,3.4750597896125606,0.03090798930846576,-0.28015081256395286,-0.22014128230406516
2.207734375,7.40265625,1.905678177890625,5.101552798971443,8.392098076871834,3.464395670760115,0.45255964221138273,-0.3327478369308302,-0.29953811333739344
1.9603906249999998,7.452890625,1.94355978878125,5.320728686341948,8.468181268019546,3.5039955725519123,0.3971319009794775,-0.30432948443653995,-0.2692519746035132
1.5983593750000002,7.233515624999999,1.7279752372656247,5.966991858516283,9.093654947084305,3.6870914572839126,0.5219125746628085,-0.4153577422995928,-0.2832025861721744
1.5792187500000003,7.380625,1.779689972625,6.456890288842489,8.676489673069115,4.026195757439326,0.36539260867789036,-0.3551296619901405,-0.3304960441787225
1.310390625,6.859453124999999,1.6716848731249998,6.243094109987619,8.32067767941276,4.010831622601617,0.21413243779015945,-0.19037711155404066,-0.18839140522897954
1.8787500000000001,7.112109375,1.6522120410156251,6.446177525285819,8.615506609845244,3.6298684297035932,0.3055263548865053,-0.37625143993682136,-0.13881693179360005
2.0085937499999997,7.017109375,1.78341428828125,6.004063953686781,8.695048982066583,3.961513839831789,0.323181945113631,-0.38098791127530324,-0.3341177064860704
1.8690625,6.955234375,1.7958641352343752,6.082842088291767,8.81240567013732,3.32328900769647,0.0015871505360856083,-0.31769952003406726,-0.048664222676700425
2.298828125,6.943125,2.079231194171875,5.022050381364068,8.448053746832757,3.458067540434694,0.6181784919355903,-0.41098725665739355,-0.29521789758555234
2.169375,7.109687500000001,1.8137408387499998,6.214659930106795,8.52916585691964,3.418544397176154,0.050838593615296315,-0.4828664686398237,-0.20295387426204886
1.418203125,6.790703125,1.796183359375,6.094424633629513,8.408328663406612,3.428654142102247,-0.2378383730293617,-0.3603609131488711,-0.00941889682176231
1.9467187499999998,6.878281250000001,1.95856342953125,5.826824165735434,8.252550941733013,3.640164681363452,0.21934035507117539,-0.3253051890494954,-0.18765819622654112
2.151328125,6.7748437500000005,1.87024397546875,5.974436083626134,8.581730866386218,3.473323307023782,0.41160753407951484,-0.3954925108789137,-0.25190683769842886
2.1745312500000002,6.5740625,1.8320431682031248,5.742302981406801,8.169721005554214,4.163971287568686,0.35929974102184203,-0.1809514704795172,-0.15677373980807532
2.19875,6.284296875,1.746916015703125,6.238617259657784,8.558027909110558,3.871499340298315,0.3133875395496135,-0.26472044554141533,-0.14775286283741737
2.098203125,6.7946875,1.9241933321875,6.001935811885215,8.406272484867698,3.814554899911346,0.7001412474284137,-0.3847875414542659,-0.2609541906086865
2.305546875,6.686796875000001,1.7293585143749999,6.939849355420313,8.424268600818722,4.205530828041997,0.11248838704543342,-0.3919717326186512,-0.36970655202991176
2.1898437499999996,6.643359375000001,1.85981593234375,5.770666797527469,8.477168903640507,3.899736232842145,-0.019016926912714536,-0.47085512875344376,-0.09217352808175487
2.3167187499999997,5.88515625,1.5431428453125,6.100027549806512,8.640916833622803,4.225868718587235,0.6444249070365596,-0.246612203528212,-0.10817587281862907
2.3359374999999996,6.914375,1.79852435740625,6.439371747002478,8.676907188588283,3.9243257321163254,0.18411321519059867,-0.3695988422699196,0.011494170466026047
2.1228124999999998,7.24578125,1.489619114375,6.329496541182699,8.517762746293679,3.752657564102031,0.18252261759103908,-0.4575837100042544,-0.08657887654351029
2.1772656250000004,9.426328125000001,2.62807130515625,0.795465385446381,0.8885661475568288,0.9268174228614985,-4.583601289156465,1.9183572924577657,-3.4188326232537714
2.4957812500000003,9.335546875000002,2.8197656249999996,0.17523024752718214,0.06877054913067349,0.07149590071017621,0.29236452832156723,0.1280187863112314,0.4146933761797815
2.540390625,9.33640625,2.816562499999999,0.06576951164566582,0.043887896519855106,0.06847031176904338,0.19865686279652617,-0.07966190667433254,0.39908319802390824
2.57890625,9.3121875,2.9194531249999995,0.08553356774353274,0.0554377113862938,0.10771278790252514,-0.016119278609660566,-0.7923031470669107,0.5814664298166111
2.5161718750000004,9.331796875,2.886796875,0.048591426290904134,0.03312932975830288,0.04803861717654218,-0.3527943174765299,0.9210858510491448,-0.041459683578849285
2.5306250000000006,9.327421875,2.8682812499999994,0.048278974460938956,0.03410109267288034,0.036510045171671605,0.0508581554423411,0.7585715172665528,0.06074713363471222
2.4235156250000003,9.3771875,2.8213281249999995,0.08113058381929332,0.043155559824314675,0.05437673982489553,0.1857903147349351,0.5591353225136892,0.8007075550472986
2.471484375,9.353125,2.8552343749999998,0.05149468788971701,0.03136852522832407,0.03860790163113475,-0.3246834354052612,0.5364172393493605,-0.09141899728620982
3.694296875,8.1284375,4.291328125,1.127293969253466,1.1473123740262505,1.358486273332927,-0.15688708911720356,0.15678310659561454,-0.1529063288087012
4.70125,7.06203125,5.564375,0.0346184560603156,0.0381477263206801,0.043007085172096914,-0.06920289913108973,-0.2989322090915844,0.1152961961139887
4.73234375,7.011171875,5.571171874999999,0.16332236324501773,0.15492750872257757,0.21974637757875415,-1.2509820647729173,-1.674204224998572,1.8651497445892635
4.691875000000001,6.766406249999999,5.912890625000001,0.16652585197199873,0.13546640713083624,0.11401858636691374,0.9943039301991176,-1.6452102207422776,0.2611370856558005
5.049609375,6.637343749999999,5.783906249999999,0.13257899970247683,0.14023687758909031,0.16012316731484402,1.7280999697025576,-0.921148571324928,1.2734530710928962
5.046171875000001,6.7564062499999995,5.673984375,0.07304879676616423,0.05567391634273181,0.053667667229528274,0.9355071937169813,-0.03796698036983484,0.15304954030470683
5.052343749999999,6.742812499999999,5.703984374999999,0.035255415696563576,0.02836529294313742,0.047472686945857406,1.7556883019506055,-0.10125891343062594,-0.38579342777706455
5.1271875,6.734609375,5.677421874999999,0.04177576861949998,0.04158767740700815,0.05601682355760978,0.7101959545089078,0.10461814945373146,-0.3523828141914846
5.149140624999999,6.719921874999999,5.67265625,0.07304779411186468,0.06727388160708717,0.08061758081174057,-0.8364469141185256,0.08120694612584546,-0.20251208751051972
5.270546875,6.675078125,5.6040624999999995,0.09596800080096693,0.1295183149075233,0.1268946259451125,0.22920729154687322,0.3058702021232091,1.309209680979734
5.296796874999999,6.433671875,5.879609374999999,0.12299602123741389,0.16720996855446255,0.15553537752585223,-0.03307468608446719,-0.31133301808562236,0.06589054806000193
5.370390625,6.531953124999999,5.713749999999999,0.14573307332966448,0.14873980318910726,0.15640492319617066,-0.03934833032984785,-0.7498866631780652,0.2707325883219236
5.370819672131147,6.572540983606556,5.6712295081967214,0.06694247792479875,0.07382479786196768,0.07091414653259716,1.9832842110622817,1.7683373770022084,-1.8509738087386676
