-1.6609375,9.978125,-0.13322400962499997,2.2036409635178207,2.8712502040705195,3.2113052027903297,-0.4898264875257429,-0.19471738815926215,0.6737617926059047
-1.3492187500000001,9.989999999999998,-0.8538255527812499,2.1487229526275455,3.1735262327574985,3.0800219397820747,-0.24876008258086155,-0.04570952575203097,1.0420527311419088
-2.0834375,10.0234375,-0.75486521459375,2.0302687774267105,3.091247330543732,3.1587690834004416,-0.22395504758516566,0.16507701950746542,1.5760931492232066
-1.8223437500000004,10.073125000000001,0.21473330234374993,2.193906862046777,3.045755691839876,3.45958318310674,-0.5829510945217349,-0.2487634782176787,0.7851170881958687
-1.3321874999999999,10.065,-0.398182340625,2.033910541258821,3.408815776776445,3.455642183116727,-0.551348022900274,0.12681184391659875,1.031628480078724
-1.5599999999999998,9.86765625,-0.10874997712500002,2.4415447210731163,3.3096585653713495,3.4631830578792764,-0.04313791456036154,-0.15856385112580726,1.3465404423868732
-1.44640625,10.169218749999999,-0.67293030196875,2.7413240227052578,3.9300708902192127,3.151726379873992,-0.12211425244050331,0.24991991370405395,0.8499760209567695
-1.81484375,9.9559375,-0.27985558703125013,2.78145476335423,3.4378266748185182,3.5048054535704725,-0.6149950720818722,0.12280293372841684,1.0891843228169567
-2.78484375,9.3128125,-0.5863134118125,3.2837954375365617,3.9196769114103973,2.897933468452231,-0.5705190329837772,0.18329068752026445,1.4980070471822022
-1.5901562500000002,10.19203125,0.10981404578125001,3.050326054389258,4.091850963992144,3.408203595179538,-1.813181255597933,0.11720790514958279,1.5761886495034936
-1.3959375,10.28875,-0.24772007540625002,3.2529980012434296,3.4595725440435556,3.2101400771180093,-1.0857611806415732,0.239655020304034,1.5450814898960645
-1.1809375000000002,10.053125000000001,0.07001709656249999,2.6408933850297234,3.534266576586294,2.8312840955744902,-0.35077190540473907,0.3044859285661389,1.2661842375093075
-1.08984375,10.29671875,-0.11087815515624988,2.4695865621771462,3.2438148137491507,3.6165733689647115,-1.3168626909170613,-0.1711844662136561,1.0179556197928592
-0.89984375,9.939843750000001,-0.05043784812499996,1.910783128218882,3.2246145565146134,3.155329560966576,-0.6460289211658256,-0.1468883705402438,0.6532491780420223
-1.3890625,10.0271875,-0.01021527593749988,2.155995070980857,3.358389899169504,3.836977708015395,-0.9414453336584422,-0.16456758611368344,0.8659717835351318
-1.39921875,9.692656249999999,0.21260512353125005,2.330926790387986,3.3678054066165903,3.227750868654492,-1.9848210041170629,-0.0418260047649531,0.5089494371524248
-1.37890625,10.175,0.15769808368750005,2.709752708497758,3.332266964845404,3.612996029976382,-1.6673437135560076,-0.1341433611808685,1.047594223214985
-0.8842187499999999,10.110937499999999,0.06256847125000006,2.4911441928656877,3.4470996498641795,3.5085473883740907,-1.4974415556634202,-0.14735399917509956,0.20961911352289284
-1.1128125,9.9653125,0.554390709,2.020452818019701,3.203548310443242,3.3845242541260934,-1.0249030954953526,0.25877139026177687,0.2182004968972661
-0.7496875000000001,10.14765625,-0.17961833078125,2.3763916769639954,3.42387561023118,3.438298945846092,-1.3246048951956189,0.12845203987593146,0.9826430303687143
-0.82734375,9.904843750000001,-0.27432232459374994,2.139672318799292,3.018775616965583,3.1930528562730656,-0.7900251572186925,0.03704898846490705,0.5700399727740032
-0.6053124999999999,10.23609375,0.025750990468749978,2.268609133884405,3.4984360868409383,3.397043278402238,-0.9076715740420787,0.0264070234294717,0.7070191232688844
-0.5959375,10.45265625,-0.21856400124999992,2.220334095602225,3.4941698058102353,3.464813941623277,-0.3604813726514311,0.29555063762392264,1.1652559641887215
-0.5221875,10.17296875,-0.30752192140625,2.366020834617428,3.5399279122636718,3.5462151602168177,-0.9067505577210025,0.27708657434767864,1.511270165154797
-0.7767187500000001,10.259999999999998,-0.17131841734375008,2.546902564076301,3.5822500785121076,3.072229945086614,-1.7044591925601544,0.25012368800851476,1.1491658572423764
-1.115,10.16796875,0.09832187265625,2.1937916662709793,3.4809868301278355,3.5728518470430584,-0.7282723201292209,0.05419748776539615,1.0597829477408909
-1.19609375,10.0615625,0.297093832125,2.6901571847590873,3.323734354396234,3.534629378656826,-0.5171437926598972,0.2459450750843403,2.0498950469524018
-1.8121875,10.0371875,0.8614869978437499,3.03891092166976,3.8378491163467787,3.5882387273433993,-1.6550386070218073,0.11517616017801288,1.456491890397549
-0.58890625,10.09359375,-0.6356871807812501,3.2104561188732883,3.63159588162848,2.737430552016442,0.7055178980566037,-0.39200114172915224,0.9989387763424488
-0.93171875,10.197187499999998,0.73400904975,2.0349413034282926,3.1873002235189185,2.794871343664753,-0.6749727553107396,-0.17633343879276706,1.460175094523959
-1.148125,10.19828125,1.0006699459375,2.0839812221742786,3.5054027740615537,3.393430925554312,-0.4301429129538521,-0.19991685087471806,1.1827755900347916
-1.23890625,10.360781249999999,0.72634760453125,2.30651056603063,3.605371558820039,3.354836815153852,-0.7683840188622951,-0.18927392007998517,1.669135432003671
-1.1560937500000001,9.8990625,0.8904302254062499,2.4013945279172555,3.921184339086056,3.113773265226597,-0.47213501387737955,0.15140858952212047,1.4068234202704837
-1.66890625,10.31796875,0.38690297250000005,2.982753089213208,3.6244340850018832,3.342122449975999,-0.8902211098007594,-0.17276393625518882,1.7185702571574568
-1.31984375,9.995156249999999,0.40690788703125,2.870574578910281,3.493459957633111,3.2159883023466698,-0.32659003583747065,0.09221131729406072,1.9540429688336856
-1.84046875,10.042343749999999,0.16599800712499999,2.975334765664771,4.196321581973423,3.681967397944547,-0.8978935801808506,-0.001144110879633265,1.5846153123681859
-1.214375,9.865468750000002,0.34135995537499997,2.7321236445986483,3.5620788916408683,3.450604790576369,-0.3125111134532069,-0.05191743319499798,2.6494798057150684
-1.1284375,10.384531249999998,0.13279839478125002,3.024082101827553,3.748686824112337,2.9232378575286244,-1.1261104391271661,-0.027955822144449177,1.240158874373448
-1.10859375,10.11,0.10385514146875001,2.9103220758123896,3.7539233642950145,3.5337966088308828,-0.8298546933751035,-0.04604164579217045,2.268783712465038
-1.3860937500000001,10.32484375,0.8559537326562501,2.9484045564865986,3.6237726336769445,3.790518108430679,-1.2263891059949845,0.26096199293902594,1.6495520360732372
-2.94359375,9.6328125,0.38349789687499997,3.1995123491652504,3.0882880921060054,3.0771250503487093,-0.5656285033180961,0.26914213188924535,1.1275760588639667
-1.2037499999999999,9.93328125,0.37647492271875005,2.932531169911072,4.567409705828724,3.6654628980226627,0.3264770286474577,0.018354868740684812,0.9201811335644398
-1.10265625,10.09,0.6075952033124999,2.8321707896657533,3.9487228948104223,4.127824715771473,-0.77171532193648,0.060453491535629046,1.7933569306423602
-0.8612500000000001,10.431249999999999,0.28326066071875006,2.513086063488475,3.906213199826656,3.7378613209910836,-0.308343044227385,-0.1789130811574055,1.617926279072763
-1.31640625,9.85828125,0.40456690375000004,2.832943129055177,3.965804440261577,3.5399098729532987,-0.9881804530072426,0.14313693018250534,1.5329650531990158
-1.23203125,10.25609375,0.7823187194375001,2.3910413393589494,3.462677620528792,3.6866933503859554,-0.8719051568690024,-0.08327952463089382,1.2479202983616116
-1.1071875,9.9459375,0.7125144408125,2.428147100124651,3.3440982149293625,3.722547241993322,-0.5504134294540293,-0.15044411990665957,1.5740194688377005
-1.5525,10.1475,0.82360538415625,2.5162329234393224,3.7585689597239,3.3893650494238754,-1.0589795177746664,-0.10169495028993178,1.2378690400952743
-0.9184375,10.305156250000001,0.43074347937499996,2.095485637887731,3.423777606765068,2.851142200375822,-0.5268186047199359,-0.04753433847578748,1.3847272286399854
-1.12546875,9.949375,0.5899313360312499,2.5990887403614056,3.571268977460953,3.3130637787358768,-0.513517337983268,0.08801750882581254,1.1896015748397368
-1.4428125,9.9796875,0.7823187404687499,2.2537326460438356,3.1864620705954985,3.3409246976184654,-0.800926221320391,-0.08892906854995501,0.6171889097593627
-1.31546875,10.2375,0.49160942609375,2.421872293345262,3.365299485187017,3.4003281479325955,-1.283952057770863,-0.10094729602372914,1.0458973044969617
-1.57484375,9.6615625,0.8250951521249998,2.324222310921642,3.5557098529820665,3.607054305702432,-1.0624007758135836,-0.11872456271885572,1.5820549312400405
-1.3142187499999998,9.93484375,0.8070056059374999,2.0777209604873406,3.785783023442566,3.4736242831800213,-0.5257697231013411,-0.27845418705286723,0.4333657230448988
-1.2779687499999999,10.12015625,0.47862753750000003,2.31541382619251,3.9740059654064357,3.7909713069840354,-1.404828876247827,-0.3487268028565366,1.0095284278443157
-1.3395312499999998,9.822031250000002,0.46458154740625013,2.5326458680149972,3.7599290134952597,3.575150053986451,-1.0119885888753282,-0.053487050243986416,0.46863749924169995
-1.25171875,10.13671875,0.7510344490625,2.4739837273916003,3.7814122092015356,3.4687122915329747,-0.562736242454063,-0.3982219291435214,0.7532797125890451
-1.1945312499999998,10.177968750000002,0.7701881040937499,2.3336090140110097,3.5151334343838836,3.27006698576068,-0.43908070155442297,-0.24140032195950303,1.429891703968945
-0.94046875,10.0475,0.7369885129687501,2.169223960953188,3.1873715660399564,3.035351032111716,-0.5787795606025995,-0.09762284958487828,0.6896949335865253
-1.07359375,10.081875,0.426061509375,2.493982988606967,3.724830480622575,2.8323758418182554,-1.3047423595238727,-0.11521201942999294,1.8435441014013323
-1.8859375,10.446093750000001,0.8470153854062501,2.8414832827405037,4.065457237963639,3.4720775689998797,-1.2856188155466854,-0.3490663583396779,1.4210854315516617
-1.1778125,9.900937499999998,0.33071907312500004,2.629766190147662,3.836072502715994,2.9976801029370312,-0.5512946924267593,-0.0805854746983532,1.3781667730424014
-1.0231249999999998,10.325468749999999,0.6893172851562499,2.887704470574335,3.6881829578090937,3.5741270748910843,-0.9306416751697302,-0.1608202843199403,1.419445608876135
-1.4415625,10.165624999999999,0.56226498234375,2.576043004026476,3.602718103651047,3.3858307541568573,-1.1724291667186129,-0.2737669902870206,1.578828690079376
-1.2073437499999997,9.776875,0.45415344812499997,2.4157512044571017,3.83082109140782,3.629511395824059,-0.39684481077058864,-0.14743131624858016,0.7960571438961137
-1.36859375,10.30546875,0.8408436544687501,2.5388216183814367,4.11280809244407,4.016385041305288,-0.8357357036208838,-0.27777257393357185,0.9587412138749025
-1.34171875,9.886875,0.5214039628125,2.914808931713782,4.11536977188867,3.439669999178613,-0.16469747815290134,-0.07549454661997713,1.573304158551099
-1.7209374999999998,9.92125,1.07345365659375,3.1704079581488798,3.8507525644346456,3.684919963136285,-1.1900794833673805,-0.19295102315817056,1.5782682204827891
-1.1409375000000002,10.283437500000002,0.348382951625,2.729679879783296,4.132537892578088,2.8909025785837077,-0.2448618558285994,-0.2985307057861389,1.4743203621241165
-1.2321875,10.2478125,0.64100761584375,2.902993319806945,3.912661525719258,3.1159288703051162,-0.6879420434382626,0.10812154028349476,1.2619157090822688
-1.348125,10.29546875,0.5914210382812499,2.9012916708554144,3.836838269366255,3.75396339267954,-1.2818766822371501,-0.12249649459518289,1.941578383225192
-0.98828125,10.02296875,0.4607508389687499,2.836850451362997,3.9476570106866475,2.7952804100026616,-0.19963177007807692,0.1877391851065325,1.4555653054016728
-1.225625,10.17609375,0.83020275453125,2.853473691726454,3.5616120021292237,3.178834606362887,-0.30953436344821833,-0.057407446742453384,1.4874549625099782
-1.10890625,10.532812500000002,0.43946902374999997,2.761507240839853,3.6240298135975304,3.1422202162085657,-0.4972212846843734,-0.1914429101409916,1.7549354774661783
-1.3215624999999998,10.07015625,0.8504204546875,2.5304583445679856,3.571796419602598,3.8512277383425,-0.6953029877238768,0.0825048388412139,1.9887312799973493
-1.2832812500000002,10.09515625,0.866594639,2.689266892835004,3.9920929630440645,3.4845874641992225,-0.5976245673639842,-0.05314556192721048,1.481221976038972
-1.3907812499999999,10.18046875,0.47947881321874997,2.5454243903813834,3.574968282065372,3.105571051585162,-0.5608117553356673,-0.1522190365640861,1.8335280433679493
-1.2942187500000002,10.15859375,0.6163207256250001,2.4394029781174815,3.247933413720321,2.974740511928081,-0.22433926057274348,-0.2617739391511936,1.5371272595957264
-1.3584375,10.297968749999999,0.81296451884375,2.668647374344117,3.3650506959811817,3.123403023501106,-0.6229643188037529,-0.23274056556046632,1.6002478192116596
-1.4803125000000001,9.863125,0.865530504,2.9880883148501067,4.186356140413164,3.488675536338334,-0.9015683137349765,0.10059043876689855,2.058346841733755
-1.14625,10.1621875,0.61376689578125,2.675534701232634,3.533718150170405,3.6079092206759653,-0.8055079996668862,-0.021331297914611438,1.2593430719772396
-1.33671875,10.115781250000001,0.7433730575624999,2.6215853115812267,3.419364343653428,3.8960733777449224,-1.5572534854884756,-0.03536550777239606,1.5681244611751923
-0.97625,10.059687499999999,1.0021596106875,2.741566329217661,4.10228022291795,4.399202056613137,-1.0694471597554966,-0.46610008615387183,2.050055155120023
-0.6450000000000001,10.43765625,0.16195446587500006,3.160738639938456,4.42789938281528,3.3362538494783487,0.062416089122793686,-0.42781218533652104,1.534562889567843
-0.47609375,9.841562499999998,-0.07916827015624997,2.764159918259242,4.707199346064892,2.9452790251069807,-0.7173141111954372,-0.19226321970673887,1.0612102122960734
-0.7289062500000001,10.33375,0.17004153015624998,2.5966234789069707,3.9420031789053644,2.736370309944566,-0.4530624880304536,-0.3087380504442779,0.8977023343008882
-0.6742187500000001,10.008125,0.07406064365625001,2.582966925775171,4.023929545155457,3.254852453514464,-0.3759726235862683,-0.16229599706948783,1.6374761776974465
-0.9832812500000001,10.266875,0.5343858184375001,2.5242585883578643,3.960454864579951,3.5140206110247063,-0.9900232026829827,-0.18375110212746212,1.4006168187751151
-1.10015625,10.193750000000001,0.5944004588437499,2.9972380474506757,4.131618364817835,3.5160002374419963,-1.2893606391760257,-0.0787119956671027,1.587788706294004
-1.05171875,9.934999999999999,0.3658340345312501,2.615355828257111,4.028238991792816,3.73987680270796,-0.4988990146650243,-0.19435933608571251,1.4862435295742362
-0.58515625,10.205625,0.20771029606250002,3.3004355736153883,4.36163095749457,3.257597010378249,-0.9024389492982904,-0.09969787079406964,2.257139573466749
-1.01,10.09375,0.18834388406250002,2.589059916263044,3.729450990092241,3.379479370115178,-0.9728260600572828,0.09872925702746106,2.1307091511856004
-0.9771875,9.889999999999999,0.39903362115625,2.4938145159261045,3.644598743346104,3.437168952776891,-0.6798943622813127,-0.1205771488792979,1.8336514850457946
-1.17375,10.360937499999999,0.55864705959375,2.4973038586643796,3.7832838409368317,3.4221551116936815,-1.1253270553622456,-0.11650542178963837,1.4747663345202089
-1.0921875,10.0209375,0.47011479953124996,2.7657099386674213,3.475728214503221,3.4246127193555536,-1.1215705319425135,-0.08298762841541667,1.4821706344222705
-1.31375,9.74203125,0.8938353431249999,2.297460214563029,3.5234398939847744,3.3077098539471192,-0.7198438061898953,0.08474896960750546,0.9900107749047338
-0.280625,9.928281250000001,0.9171633995937498,2.871619683971922,2.620256759059775,2.9926377910068545,0.6435531367045293,-0.006167075759924729,0.7036963208985506
5.270781249999999,8.25359375,1.18305489521875,2.1058395777334127,2.7787493630158404,3.715391349012438,0.12173992751656185,0.04460724130202843,1.2257812480563464
5.618125,8.16734375,0.86829714203125,2.375554458305471,2.820288240027238,3.5987556117815047,0.16075565630965027,-0.24514114217854047,1.2560941722376318
5.827187499999999,7.84390625,1.03493360578125,2.5191724017708177,2.7330698268999525,3.3370133805890947,-0.0604939604100573,-0.44107121325391474,0.8066940206450491
6.0565625,7.7475000000000005,0.69612746484375,1.9817426191596499,2.4426068298029464,2.392466913075004,0.18052969383013415,-0.3061097063356378,-0.3822725206217263
6.0165625,7.79515625,1.1383631414062498,1.859930457999371,2.1722432185613876,2.3903623015560376,0.1972908390913952,-0.39136092405696654,0.02014360397546758
5.7915624999999995,7.890625,1.19135479040625,1.9550049702222625,2.161991179300924,2.7739412384693463,0.3171113133820017,-0.04577166779403678,0.5719102021456264
5.74125,8.025625000000002,1.4669540181562502,2.051211913113806,2.4973923118675208,2.8982568021491524,0.057811200186136544,-0.22373395325069115,1.6710046293251912
5.90453125,8.19328125,1.4961100655625001,2.297487030490801,2.8321111023225125,3.809748509866942,0.4054408987433501,-0.05478683824668797,1.9262689953164582
5.82046875,8.237187500000001,1.57868341134375,2.1158238862848293,2.709217177496804,4.203118598216153,0.22709045913115924,0.07209700245701861,1.6066348450066297
5.518437499999999,8.249374999999999,1.52377634896875,2.35500478950548,2.580294844465454,3.8100978033291493,0.27809085973515113,-0.1164865858786637,1.563647188768496
5.37484375,8.315156250000001,1.49015116796875,2.5594475674617634,2.802635474082553,3.75845848705783,-0.23194118076072803,0.015615014591215656,1.5105816522119748
5.637656250000001,8.24640625,0.9998186398437501,2.796290926269285,2.357530068198694,4.445249791685877,0.3426323050014854,0.19188312652971243,1.9118437269048183
5.815156249999999,8.25734375,1.1545372953125,3.038465891792425,2.541439209746308,4.66444073553446,0.3174352177581337,-0.1201758194384756,1.9265980600778294
5.70703125,8.124375,1.29435866996875,2.8281230965117903,2.5592557969798566,4.440910276526233,-0.0018102616273672973,0.08832494207418054,1.540164987079501
5.8671875,8.526093750000001,0.9212888660937502,3.489552473433198,3.3168116360008955,4.7184519569889565,-0.22509851483522658,-0.5385822778436975,1.5378067787044922
5.746406250000001,8.16859375,0.543962619375,3.049286990012737,3.3748911404608206,4.036407611767886,0.125203668462843,-0.1791683815464941,1.7817887475510614
6.01765625,8.13765625,0.55800862296875,2.882344825716718,3.5973613342748787,3.7740584431274233,0.3339625306833954,-0.3253602792123778,1.1552454856186865
6.42578125,7.99984375,0.30730910031249997,2.6552270410735948,2.9026380739055186,3.2018781239471124,-0.02082643115640987,-0.4777550768125424,0.913321052779067
6.106249999999999,7.938593750000001,0.09002198765625002,2.5215344410695644,3.124863430609558,3.2434419275031,0.20471469093909234,-0.30934252117262495,1.1770108683215912
5.63,8.216718749999998,0.9206503508750001,2.856755152266291,2.902069872676817,3.5248346394295313,0.29812792821220563,0.035040247319259914,1.0537836858724452
6.23203125,8.235,0.19834631743749997,3.2311096099518872,3.189809947316611,2.9199905081902613,0.15603574519730712,0.21672328856020678,0.8822391043712096
6.19890625,7.894843750000001,0.761462541,3.630015115837803,4.331083146925944,3.369914309637948,0.3170350354460145,0.35698925612865157,1.6940123697569383
6.13890625,8.15859375,1.2085930506250002,3.3063178713201395,3.7507840293678516,3.9019237827445385,0.38741884815842204,-0.2482706095394115,1.694776901413718
6.22625,8.07453125,1.3743782340625001,2.921280487645786,3.441271535388255,4.4375957431652004,0.37918250481232346,-0.15912699172595024,1.5911545023773668
6.09765625,7.841093749999999,1.1526219235937498,2.5948005355587425,3.2994545558638837,2.8286421002117565,0.7349127828095515,-0.10214843072841874,0.05337155807850845
6.0275,7.98234375,0.808069685,2.366541516644067,3.106887883290277,2.9462297166038844,0.22953094890030673,-0.17972352725797486,0.30980699112115306
6.0146875,8.032499999999999,0.55119843225,2.1897944886093192,3.289476592103978,2.84268167358935,0.13229086690968933,0.04793381066802297,0.24579892567961242
6.0909375,7.9903125,0.55034718196875,2.9333410551952106,3.2758696215423093,3.1759292441304727,0.3647009515697456,-0.05313551249507554,0.48878844767287066
5.231406249999999,8.0584375,1.227959494375,2.6721093418797324,2.6608335270350434,2.7649340061780023,0.6149291392767728,0.037059527275082035,0.4125854848226456
5.62328125,8.28078125,1.33436841303125,2.208296893739254,2.590001390375773,3.0248672705748394,0.13806575298671422,0.18193488798913102,1.1343835219839367
5.37890625,8.40921875,1.5833654109375002,3.430964294656961,3.2859988515135603,3.403687106529804,-0.27604600347901087,-0.31536025195557754,0.6412046979945534
5.460312500000001,8.19484375,1.4603566489687498,2.232958357727199,2.3648070694215075,3.22657047154415,0.5043172550502347,0.00035688452424189606,1.1736697300646026
5.710312500000001,8.19203125,0.976621504375,2.4743243830071573,2.3699638576407525,3.450571101310519,-0.12096308530505596,0.2768143436127516,2.2980965404487708
5.71,8.06609375,0.9678959835937501,2.3739504259777626,2.5728058717499342,3.964378150471049,0.28098239203930414,0.3975468275930637,1.6832630563920896
5.63953125,8.177812500000002,1.27648195171875,2.295587091088778,2.682792661545754,3.5057610384236035,0.224588128849297,0.18892059029003794,1.7404189710656917
5.52921875,8.13546875,1.6080523032812502,2.56038345802898,2.5989516694762598,3.9025199674931157,-0.07230656144669384,0.052185607272841675,1.8688447827877392
5.7596875,7.819218749999999,1.7819245390625,2.0821322970319995,2.101490025469652,2.609460472467869,-0.023130570307534962,-0.3131069287657741,1.0317303842516912
5.4425,8.069218750000001,1.57591677203125,2.4169350425694107,2.656245179223567,3.2845471378926243,0.3167620298976517,0.13666332370735906,1.1932778835484625
6.0021875,8.03328125,1.012374904375,2.814013186686187,2.9015217207352486,4.127223868768504,0.5413555508071698,-0.25202645566628323,1.5103324554240831
6.380000000000001,7.8931249999999995,1.3507554059375,2.4371448459211447,2.64448711650766,3.1223361702957995,0.39255824397978817,-0.21868134695344124,1.334404450847861
6.09359375,7.704375000000001,1.05621540934375,2.518715798271202,2.392776809352473,3.233502496655766,0.2300715167278233,-0.11492320964908094,2.083512322441178
5.9621875,8.010468750000001,1.4377979705625001,2.309966496476464,2.7864378187523653,3.51269988968173,0.252898627046662,-0.09389390603114786,1.5412698137234433
6.28109375,7.7681249999999995,1.1590064535937499,2.4131450673780344,2.479306149787678,3.337116968704683,0.16142619680975456,-0.2410933348514647,1.7130742783620934
6.319531249999999,7.9246875,1.39629845953125,2.3625240935858067,2.7498999804254245,3.630735295244952,0.25723208382511425,-0.24626383374243424,1.677693925338485
6.14609375,7.97890625,1.38395501234375,2.435230107959192,2.9285854718978133,4.072149886428075,0.5626331204593021,-0.0590426248555437,1.819146964112277
6.2475000000000005,7.855,1.2947843336874998,2.3798279874814483,2.8392263470882346,3.402400915325282,0.4771236318360283,-0.19697641850413278,1.5400299495430163
5.97671875,7.76546875,1.3475631482812498,2.3772384547828675,2.494423737113131,3.720892196780999,0.4067159009153653,-0.1391142229107524,1.5804396638587668
5.765625,7.92625,1.49164089221875,2.037508339706859,2.5351100198019023,3.955312245930158,0.10745112173995983,-0.13832284834633743,1.6598878361070557
5.52828125,8.021875,1.7738375046250001,1.9887044736205624,2.4828441824599063,3.127088806236757,0.2800049402495224,0.1710591750518158,1.6422792970634692
5.5845312499999995,7.99359375,1.6350801649062499,2.050609611865076,2.3063745679010896,3.27560464346291,0.2079038252794903,0.16643911314690135,1.3180323878453875
5.68453125,7.79109375,1.6363570626562498,2.1395924916379374,2.1276197947967432,2.9184980286950313,0.34968070121379613,0.23702392007510426,0.5778845266639658
5.833749999999999,7.88578125,1.1730524407187501,2.1731267076496024,2.3964771049706353,2.8470003849992906,0.28184676953521315,0.09312512404292468,0.728292364959313
5.555937500000001,7.87984375,1.2909535554375,2.245448673671645,2.384583619436722,3.0675159979250797,0.18392469821835644,0.1348053211366359,1.1297829119930318
5.70125,8.06734375,1.1636884728124999,2.425402994864977,2.546460314207928,3.090077383422908,0.6907370809257258,-0.11620068624076156,1.201722766537292
5.1525,7.93328125,1.5610195439062502,2.1970576915502242,2.790994477045492,3.4244110079043466,0.05024746340075445,0.006190546085848288,1.3760929343520976
4.917343750000001,7.963125,1.3373478996875,2.606868477088159,2.800612586448722,3.3765750098994145,0.09935653948375245,-0.12446131603888365,1.2651441625168505
5.398125,8.0903125,1.34181705109375,2.3478060736302306,3.0228985307720384,3.2883294398064113,0.6858069781888357,-0.27210063302996224,1.6579526076684084
5.77671875,7.92078125,1.548250461875,2.3388265318100094,2.5571128156865583,3.315576559255566,0.5011383459592863,0.22639272005245623,1.6047851640385038
5.9126562499999995,7.9721874999999995,1.38331657596875,2.180285418663331,2.329718644996376,3.1832107783263663,0.2593715584385456,0.04842799855277776,1.4220870923269278
5.88359375,7.899218749999999,1.1289991419375,2.370563202587296,2.711248734835747,3.4889333693267197,0.5503221205759942,-0.2282274413968624,1.5065656593105397
5.9434375,7.780000000000001,1.101332808375,2.2914843843224744,2.65409235898075,3.3849774291580945,0.528810065608285,-0.24149193184879292,1.33276785615953
5.75046875,7.8440625,1.4567387477499998,2.492238219507404,2.4416309346610414,2.8972522184437457,0.5149475000317091,-0.2438761784619414,0.6262075125991334
5.6107812500000005,8.09625,1.30095601328125,2.6376476882154747,2.7595637676089315,3.396430381586345,0.08473728089218874,-0.012734348506626471,0.8795741927882267
5.38875,8.0803125,1.6599798766562501,2.527999765130527,2.7562763427029138,3.7265759866380455,0.25798269722601697,-0.03475740732740838,1.4443649441483462
5.57859375,8.021562499999998,1.771496462,2.357282510638243,3.026960221673511,3.502435149771914,0.5665756110866053,0.22220168834638493,1.3062542741267522
5.85625,7.96640625,1.4258801154062501,3.032516230377012,3.0894388483122524,3.9749156215218844,-0.15411578226652298,0.1021233003647791,1.8279117935685485
5.6415625,8.12875,1.8768413705312499,2.7737013958956993,3.1510476928317033,4.107933809669055,0.026678032382550194,-0.22689102987224913,1.5834454759936272
6.053749999999999,7.9078124999999995,1.7627709276875,2.5595083145987236,2.875273611300975,3.9488239590807717,0.03193421137751748,-0.08826265858013663,1.622439218859234
5.7009375,8.13296875,1.0589820499374998,2.7496009476092618,2.6832068498390944,3.991799750842343,-0.23856904102676085,-0.20985965711725105,1.8588600715285404
5.91796875,8.10234375,0.9976904573437501,2.8014511751096856,3.0658098146062382,4.177647543750051,-0.2798153512634388,0.04156076877553329,1.8790727392916329
5.7965625,7.707656249999999,1.433115945375,2.148133796716059,2.8966703634234836,3.3633576356358708,0.5817576021214228,-0.17776515068865234,0.887722394935214
6.7642187499999995,6.243281250000001,-0.45032275124999993,3.7636081444072302,3.1769064427361466,3.7062380119315255,-0.5693118112221746,0.7392422614429067,-0.2569440220306256
-9.046875,3.5704687500000003,0.640156343125,2.708453130363344,2.0040228523580854,1.3513455388258782,-0.13539813479993068,0.13036737113349262,-0.3343578710523274
-8.8425,3.9557812500000002,-1.525266135,2.9300522606260793,2.21167696887417,1.7448479166295263,0.17553917403472677,0.1841572700935416,0.15682548922426942
-5.04078125,5.24984375,-3.78603106875,2.810097476449605,2.415614888198435,5.9260204119520115,-0.33150612414705005,0.023779014234739708,1.2568179739465133
-7.630625,5.04578125,3.69686027859375,3.4181491130983446,2.4805762968811176,1.696216602148102,0.1896961176913533,0.3485233378104291,0.4606624652278691
-7.8040625,5.10921875,1.9502635492187501,3.284106955641632,2.5007307086426636,1.3837455421768672,-0.5300059661470198,0.4717081567644114,0.5783679260403509
-7.805625,5.7621875,2.23650368615625,3.161835836879423,2.2346605368251686,1.7650789613831872,-0.023185462950307066,0.07359086047938432,0.5531835074780073
-8.13546875,4.4937499999999995,2.09795920878125,2.8713487301742773,1.8481303897452692,1.8664706557352957,0.23716153437053203,0.33897721084327215,0.5809062054297065
-9.3671875,3.0914062499999995,0.7887032515625001,3.3120685892420387,2.093168850083752,1.6354252165271568,-0.018192587182021,-0.24747237051310472,0.2788034361551131
-8.68015625,2.36609375,0.58546213671875,3.335203091730088,2.867966187686134,2.802940386574525,-0.5868509083199624,-0.016335082020433378,0.7113620718166968
-9.77890625,1.0396874999999999,-0.23431254365624996,3.1663341960713716,2.253296868444935,2.0435815636975123,-0.11868495501464241,-0.7953591900510745,-0.04580151647001747
-10.154374999999998,0.8290625,0.46394309221875,3.621076270858569,2.365646528138502,1.236904279549052,-0.4486348666407992,-1.45410969457901,0.3052928930667583
-9.55421875,2.1915625,0.5069323134375,3.2231296924958572,2.078641547644459,1.2924188208808531,-0.625625333367873,-0.4852944266849826,-0.05852066721996248
-9.60671875,1.795625,0.5643931630625001,3.294737306811946,2.245546199563705,1.4845063519049781,-0.37267405578864954,-0.7703161366453151,-0.3056800131267972
-9.477812499999999,2.7453125,-0.4000977135,2.9395064789593084,1.7688060669117318,1.4751347810615716,-0.3217722069670998,-0.47890071347704755,-0.30178766373215843
-9.18390625,3.2570312500000003,1.162624363125,2.8887430317892484,2.077491485908772,1.4076325386041413,-0.22005831826066666,-0.06263702721762275,0.3095307719626324
-8.42578125,4.321875,2.12817933171875,2.9706032661142143,1.9505398892037558,1.4191739035388842,-0.31418502723305297,-0.3251494617690558,0.03700835661165683
-8.386249999999999,4.3671875,2.7427975070312502,2.8208185314727356,1.8267410092412526,1.5219548182146905,-0.2331578985937329,-0.1606940621117667,-0.07404223335043669
-8.6325,3.8778125,2.01155509421875,2.7685753330910106,1.97149409454955,1.362094091005416,-0.26304649595657503,-0.4463641854123551,0.0031034591578938775
-8.80875,3.9645312500000003,2.27438525296875,2.5773626903290117,1.7628678070897539,1.3235093722127589,-0.2633802138260372,-0.4343740445646635,-0.4598772090879334
-8.49578125,4.62125,2.75343840765625,2.417429422888792,1.9249541390640972,1.360156879752978,0.06420409053216262,0.038734264742276925,-0.3289428387704569
-7.29484375,5.73515625,1.3850191258437499,3.5574560750044317,3.5907393877286524,1.8922097138566343,-0.03941692374688729,0.7801839139237444,-0.44889160036799464
-4.2834375,8.08234375,1.412259805625,2.8204095551167296,3.663131661479824,3.457161072150255,-0.3690289398828239,0.03240740976738295,0.7958325979772891
-4.66578125,8.712343749999999,1.6742386750625,2.929609511461969,3.6270437093225025,1.9811495570208821,-1.386702958245873,0.45277327445095583,1.1734502604610955
-5.875468750000001,5.048125,2.4261244395312502,2.3136199515636613,5.654988084370735,3.302390606411284,-0.38860906813282914,-0.5851659673346594,0.24911062296144842
-4.352343749999999,8.77765625,1.3362837952500002,3.2947594478711095,4.5236595881361295,3.3088397800698828,-0.4906048276925729,0.02403263981582453,1.0131079122764977
-4.1889062500000005,8.896093749999999,0.8114747779062499,3.5187413930567475,4.323166741950967,3.105823673505479,-0.96173556578379,0.6010994502328971,-0.40766692603156957
-4.491562500000001,8.69671875,1.2841434211562501,2.7544788633412582,3.5404122529584656,3.406683088930288,-0.6767931778481596,-0.0867602990367407,0.2991398883340158
-4.0640625,8.013125,1.8153369711249998,3.3423128774987165,4.509221411105802,3.104605138465647,-0.9219424919974663,0.2092028748784662,1.3004085924908562
-4.31859375,8.49171875,1.7210586230625,2.5067271161737845,3.2374742058275054,3.0439452229850787,-0.9590840810863953,-0.053748487334156804,0.8293202717893348
-4.12328125,8.70625,0.6822943050000001,3.276395721047511,4.433142402686834,3.228721597461105,-0.6504170192875617,0.10793954766735324,0.46973954401397594
-4.92765625,7.3021875000000005,2.25608291553125,2.6822109246544983,4.213958007603273,3.934334029738302,-0.3637802963024721,-0.40166430809493997,1.3590006647180357
-4.02546875,8.776875,1.70020246390625,1.3309758282077995,1.859716775311499,1.268842839173963,1.2231534014696257,2.6172029079016337,0.7714430106481123
-4.032187499999999,8.3353125,1.430136530875,2.75317513788058,3.694080978720384,3.81595715858482,-1.1165653832559383,-0.19467787504347916,0.6841800550871728
-4.2173437499999995,8.1059375,2.239270257875,2.663940480160159,3.670016058696985,3.502064159311487,-1.105015914181958,-0.27555919941762164,1.0425246668299302
-3.9634374999999995,8.989375,1.3077662081249999,1.6029623150884584,1.714583472559735,1.703325601643118,-0.3277019767879903,0.5280751263764463,0.14351528279697778
-3.60359375,9.27359375,0.046394306093750004,2.897565447485343,3.4243906242514064,2.963117972130559,-0.30324517450174193,0.3495434950100944,0.33998667735974303
-3.86828125,8.656718750000001,1.9941040363125002,2.4319241062168118,3.679465422571387,3.0670664751713512,-1.505448194715441,0.09063132958172204,1.1850832999937004
-4.403125,8.15015625,1.9679274136874998,2.045574395952149,2.832226096745445,3.4661309677817678,-0.3424003967022127,-1.0957612006386246,1.312352161548762
-3.9284374999999994,8.77515625,1.8257650416875,1.8748951793617024,2.7723574085218408,2.5216943683765294,-0.6046326128989672,-0.5580633730793306,0.731096380488339
-3.92953125,8.877968749999999,1.76809138765625,1.894425564062478,3.2125745028751376,2.659283387858596,-1.1029719198315036,0.03594379002969393,1.9377440051378603
-3.9196875,8.879375,1.4865332655624999,1.8489853372441194,2.511152546018461,2.165130446851469,-0.7512622206790343,0.4585940453157533,1.8397198630368212
-3.71828125,9.15109375,0.84212055828125,1.8347816241717807,1.649454566276664,1.7890217136190998,0.4999395082309507,0.8992700182775121,-0.6953902121864787
-3.91859375,9.111562500000002,0.95001924859375,2.6158578105395827,4.056950909684976,3.0780441449921154,-0.7977753615569908,0.1010805337371213,0.2135578230654431
-4.60765625,7.762343749999999,2.54062051834375,2.5151880783225606,3.418303555030761,4.082508340833085,-0.7480546690050656,-0.1570571466736148,1.2972357790842257
5.7284375,5.885781250000001,2.8924084809375,5.08171329952741,2.7248846332732026,3.5018643611315086,-0.2553352894170045,0.6181597815939174,0.6491558139708631
8.4728125,3.635,1.1862471948437499,4.4784318086629105,2.5885088612944713,4.767021762137227,0.09775064085516612,1.1140041601373007,0.36880194686859186
8.261875,3.66359375,2.06220580984375,3.136534649796651,2.734747113072969,3.4266772008363353,0.5483805735617381,0.6561469479955432,0.6390378308970037
8.479999999999999,2.9178125,2.3705789419375,3.9317930864937436,2.034620256913744,3.7617430277646835,0.43051314169525357,1.1195380141714084,0.9829657776972579
8.77796875,3.17984375,1.75915306890625,3.1565226019345145,3.048398397205644,3.8269937609908466,0.042760612133719796,1.0706704806831022,1.5389254747315995
8.696250000000001,2.71109375,2.6212784573437498,3.7760075228341377,2.1638385432399843,3.5367011200007124,0.042901884361060905,0.7660675753526198,0.9386584890055576
8.3209375,2.8279687499999997,2.89815463428125,4.126518553344181,2.4117927588255665,3.717340210797082,-0.2683934048050371,1.6577575768941069,2.2830104743328734
8.56875,3.05625,3.1605591628125,4.050965741338724,2.767640861365506,4.301183181754199,-0.0824348850190756,1.5244474604904417,1.1024066754721598
7.29640625,3.1015625,3.3672053635937504,4.177764192419306,3.000631297509534,4.269873500034455,-0.5201205872443317,1.2522087799121584,1.0647129261535784
8.43328125,2.93859375,3.4436069843437496,3.4279690847349307,2.6800885405077457,3.4358875842428622,-0.21976490399936235,0.9736720509262339,0.48376881513577663
7.92,2.7945312500000004,3.652168549125,3.825447686219222,2.7014185681366443,4.065836981916713,0.15376819500861333,1.1275196992132117,0.9068640966599671
8.25859375,3.0698437500000004,3.3933819757812502,4.068017740246586,2.6658872187483733,3.8167735509515675,-0.4460691292666986,0.9743545773135066,0.9998349430431785
8.564062499999999,2.06859375,3.380612884125,2.691258835766963,2.183257934821476,2.7557918089626843,-0.2186618219917363,0.8220542137064936,1.1576385236541256
8.0559375,3.0892187499999997,3.7828387517187503,4.669091091539525,2.356157693608057,3.7228651972352327,-0.4693610982007892,0.3702918336926556,0.24091195397932835
8.7225,2.9779687499999996,1.5920909384375002,3.412956471301678,2.339312919753028,3.8392277001581085,0.4847818105421072,0.4267448966575973,0.3166364195571629
4.25625,8.5315625,1.1411297484375,2.6057979224222283,3.6487717191671156,3.085357762369437,1.1557554170995483,0.5061493406718813,-0.23479480410055814
5.0328125,8.194375,1.76766577171875,2.872413221464445,3.527344023394231,2.7827639665167774,0.4300851341039854,0.4430359025569133,1.401601891666414
5.17953125,8.23984375,1.50079205153125,2.5734038922744786,2.7244486209297354,2.7347817872538926,0.8825794638401216,0.4963398514332647,1.609489272520406
5.37515625,8.04640625,1.6610439690625,2.597134834887464,3.674615782290842,1.9966435701486944,0.5554482324237316,0.691473480527496,0.8287908902935285
5.5825,8.25984375,1.5776193245312498,2.5114201659618804,3.4185534642719775,2.937180579334613,0.39074181401767427,0.5765493014278416,1.8153442194567166
5.15203125,8.428593750000001,2.0647595978125,3.544047024451487,4.2571211910117075,2.1544377322190575,1.4725570041290517,0.5067348887402372,1.05732763731264
5.088125,8.0709375,1.1170813435625,3.508104845835569,4.841638965380809,1.5004451067058355,0.46264213248369584,0.5976668891068567,1.2815625582977195
5.33796875,8.30265625,1.4916409009687501,2.81974521216429,4.066986461968608,1.225045960228577,1.0719151233715032,0.7131400486173143,1.4341680468222953
4.991093750000001,7.940468749999999,1.9300458643749998,4.145389048836181,5.674826932847683,2.3796451060784953,1.4581348165282753,0.7921178068336526,1.9076944278000008
5.36859375,8.384374999999999,1.26222316046875,2.776637955326718,3.454080863178365,0.8471793764466864,0.9116985122734981,0.7267354247570104,0.8175925487223722
4.869843749999999,7.943437499999999,1.80107818203125,4.363140172294025,5.887150259980948,1.9651272020980945,0.9530827196448496,0.4606647593058158,1.4376070516328843
5.2426562500000005,8.151562499999999,2.06561083940625,3.3260229827582277,3.7828309582366684,2.58748317397566,0.8502253727704207,1.0145703127837424,1.030884365417865
5.13625,8.18125,2.00368083825,3.3404432247083617,4.91859847288839,2.307541405575223,0.8925270122007911,0.6234464493516723,1.1706487008874862
5.99765625,7.3846875,2.25629574071875,2.870864820805037,3.568402114720782,3.2465608674196833,-0.15953345863178583,0.07363717234066532,-0.22391044034853924
3.3890624999999996,8.70890625,2.5297667903125003,2.737238982276438,3.1704658161240182,2.982213022288972,0.5279546692393884,0.17029455420204018,1.0208493190589156
3.28984375,8.8215625,1.7478736591875,2.827389195545236,4.228773174171648,2.9631721210593183,0.382180546620499,0.7050573875393479,1.5936426449448675
4.430468749999999,8.4778125,1.8706696499375002,3.38078413134785,3.5370920563145867,3.4852127688711683,0.1334046360364649,0.6937920601648347,1.6590375896502405
5.45203125,7.89609375,2.1656352875,3.378547755548741,3.2203884748133937,2.9796640989957854,0.8571859351400304,0.5304107064948065,1.1284094192473366
5.468125000000001,7.40671875,1.9064230534375,2.818300061096228,3.253570180724313,2.533761064630653,0.8968435713648841,0.9626625541704841,0.6754341058779141
5.0756250000000005,7.937187499999999,2.31141559578125,3.0027981091600213,3.0736930498740027,3.480840617483126,-0.8264334929890851,0.31570150542533754,0.8137443954964663
5.81296875,7.56359375,1.73276361971875,3.757135161798606,4.164050524724807,3.2526766507735014,0.5279362394334612,1.2196825018165314,0.637328487902931
5.425156250000001,7.850625,2.0155986159375003,3.2133068015030775,3.1887643938326646,3.5061347193833132,0.9166198833194389,1.2857289715635953,1.1118847019527294
5.4846875,7.39296875,1.763835061875,3.5330249825530173,3.280324240684667,3.50956369259166,0.03529819165825463,0.5464929486277159,0.4761247659350329
5.324375,7.156875,1.8970590453125,4.372454214668806,2.811698149584162,3.733203475745175,0.13024042114696097,0.682330405553423,0.4695443092729248
5.810625,7.594999999999999,2.1188153296875,2.9058781348114033,2.5597729391490955,3.569050790735391,-0.04559020098039221,0.1737589277598396,0.6858291461996926
6.1732812500000005,6.698593750000001,1.01726971375,3.676840123788147,2.396389124278638,3.5197260109682253,0.26550903171221824,0.8537695696074771,0.35487442325534535
5.799687499999999,7.409531250000001,1.7014793864375002,3.303642387932409,2.794608889052892,3.6868753436783117,-0.13430313125794502,1.6947778891600052,0.450878927139955
6.46359375,7.210625,1.8738618625,3.9030078013579397,3.081961061463139,4.141920296236603,-0.016913699660406425,0.9095927014676807,0.38032509400657205
6.1957812500000005,6.72109375,1.200931606875,4.246470153509669,2.7797398243740252,4.296998798196697,0.3560898128694971,0.9633913737300412,0.4124704646944845
3.5954687499999993,4.671250000000001,-0.7267732348437501,2.953448159401725,7.906818359017741,4.226261200918141,0.3959831522674289,-1.2897254567669205,0.11184401118639244
1.8831250000000002,-9.19921875,1.7276559809374998,1.7200689257628603,4.078490952809438,2.8620694989272555,1.2204850360436876,-0.4898924363207784,0.6078246790569451
1.7353125,-9.39796875,1.179862633375,2.1367739766628926,4.059986599303431,3.3718542098355315,1.4801130649321963,0.08974327391280945,0.7984963205358476
1.72796875,-9.498593750000001,1.5499530063437499,1.7697847500539263,4.506867283375553,2.513751287407247,1.1941045720333106,-0.24324178739510122,0.9253882925446765
1.9185937499999999,-9.67546875,1.0711126489062501,2.2643168583396047,5.071747704714169,2.64242244974112,1.778578947082091,-0.1745496797717655,0.20280258607180557
2.0390625,-8.94953125,1.523563572,2.141220241146097,4.861441218175268,2.1945301211457875,1.0404883216463203,-0.618790861864985,0.20687860701602567
1.77140625,-9.588437500000001,1.0453616804687498,2.4586574507159265,5.377079893733564,3.132269099104367,1.2627394462616657,-0.373311979664729,1.4181342860494763
1.6446875,-9.686406250000001,1.16113462296875,2.0101033623532274,4.463098127697949,2.002473381280626,1.9524344105510267,-0.3961442305560372,0.06610123148743893
1.81625,-9.048437500000002,1.3254300930312501,1.859482034734404,5.583081927447756,2.3741477416924,1.3851340887845023,-0.6326075998250599,0.6033332265615757
1.5265625000000003,-9.91359375,1.0355720588125,1.9751607677841696,2.7678970848752553,2.328774496344134,1.0743936287835354,-0.5470995318268015,1.590260839053552
1.8759375,-9.866093750000001,1.82555220615625,2.0075924003875265,5.098353170751408,2.230557983259557,1.949131962117734,-0.46558630238213317,0.7173957897984969
1.64921875,-9.804375,1.01918508646875,1.9864763910372651,4.239059770087584,2.081486726118643,0.47262294815141587,-0.4084881665509786,0.6264206164802615
1.6175000000000002,-9.245000000000001,1.63210070165625,1.869185985930774,5.2059227088000455,2.1192454088810124,2.0539208123798813,-0.5616781421385366,0.8919602731021087
1.7846875,-9.537968750000001,1.2298748478750001,1.9978887049442342,5.766375914430435,2.719698713867239,0.8867820375684605,-0.3936100016508349,-0.7751850212140389
-1.4984374999999999,0.525625,0.3694519447499999,2.8940133350753157,10.331992165568797,3.2435016820619156,-1.4025876539016382,0.1225949071401918,0.8275429035338377
-2.410625,9.98578125,0.650158785625,2.4541698411835724,4.639304839051691,3.4697344298774038,-0.3637532250184205,0.5310309009248928,1.6350006867805795
-2.6921875,9.040000000000001,0.47203015793750003,2.9616409454631314,4.042994713080887,3.3344888047117074,-0.8679288732312888,0.5327287163521397,1.858357743525896
-1.4553125,9.71828125,-1.0010955675625,3.2526950214158954,4.388140108109407,2.503569188164451,0.09152183758254069,0.34016629906700585,-0.3649140058826036
-1.4815625000000001,9.45921875,-0.36881347671875,2.339721684002982,4.033746825489726,2.6315586945189953,0.04100539016815288,0.5300777461168031,0.3996937738776018
-1.5950000000000002,9.6778125,0.04000978412499999,2.2316900826503665,3.887879591093807,2.690602497846609,0.5063889681706767,0.4851795307098541,-0.05003887657084062
-1.2028124999999998,9.26171875,-0.04064822509374998,2.411824690943301,4.805673260158085,2.6972893069413075,-0.7943222541096042,0.5220787787177025,1.460049461588425
-1.79609375,9.66765625,0.28113249109375,2.637136596521109,3.6188887029495587,2.504347535286945,-0.2663955331679726,0.476933679093768,0.6959021806688928
-1.6310937499999998,8.829375,0.5273628285937499,2.245950604134235,4.653562101699622,3.4679598170389148,0.11143321883187414,0.8459069607936522,1.0202781333170696
-1.6690625,9.65109375,0.25069953790625005,2.606667963338206,4.296615716608938,2.7041211752780967,-0.47400807979276904,0.4919339730627312,1.5827496527633451
-1.6276562499999998,9.78296875,0.432233204375,2.200564375185588,3.533485654990471,3.376909210226202,-0.391074243704311,0.7291431466618421,-0.26030632060924247
-0.8548437499999999,9.89421875,-0.3737082890625,2.2565349488953053,4.935058511775563,1.4487971971856326,0.6931429060954495,0.22868795981422638,-0.3104778149989847
-1.62046875,9.61625,-0.38945681718749997,2.57075647286425,3.340265474105314,2.8533568719075664,0.3976016196665843,0.8002635670309104,0.10562081922717084
-1.42359375,9.815000000000001,0.22877926893750006,2.1571294345636605,4.740352373505581,2.296162762254758,0.07808177780068053,0.3894638571347462,1.1803088152810677
-1.0945312500000002,9.9475,1.03514643078125,2.1088333042878085,3.7494016189253454,1.9554940412790975,0.43179210911217797,0.13014301459740132,0.9867818434669886
-2.02765625,9.751875,1.3892754585312501,1.9373489797493733,4.138980428121761,2.1192323735809584,-1.790885670777465,0.1709242211143922,1.1664509007013486
-1.5792187500000001,9.764843749999999,1.036636148,2.0012873237365087,4.12619414237696,2.2641922096966267,-0.9587352808102453,0.3834943105374697,0.9274153686174696
-1.98421875,9.42296875,1.85258011671875,1.9829986799411734,4.694056641011422,1.9692496718018029,-1.6335913502766406,0.3767037690135173,0.39786085975798613
-1.5665624999999999,9.7978125,1.2383875528125001,1.69070826389231,4.213281629542909,1.5503250965338642,-0.5709930952020368,0.3980032960572441,0.3773099956630737
-1.5696875000000001,9.28046875,1.6114573915625,1.5698765564030026,2.96604610007556,1.7507774741904056,-0.8616576644688989,0.4552318811595879,0.664201411378723
-2.056875,9.865625000000001,1.958776276875,1.722791951854605,5.185616789194416,2.5935297212959756,-0.6930561364427874,0.3340094372297948,1.54518191442298
-1.1721875,9.51125,1.3098943778125,1.706872568425584,3.3582494044516706,2.2723752443940604,-1.3743242973785363,0.8391070353992053,1.3060690822986698
-1.66078125,9.75375,1.6340160996875,2.14167815676129,4.796250651550647,2.272785180485601,-0.898282184497974,0.3487761245618913,1.2815895202294272
-1.731875,10.06734375,0.88553542340625,1.6357193323963009,3.4856985679825985,1.5812247962100348,0.017085887412551452,0.7391378477854899,1.281544617689695
-1.6457812500000002,9.629999999999999,1.8413007467187499,1.5728505220294895,3.8588583156161618,1.8597743002337703,-1.0213693318674335,0.6158922864996876,1.3784136703296055
-1.26125,9.10203125,1.9330252703750002,1.9845996920034026,5.32314820491816,2.837680094221198,-0.35965654543040293,0.49837791101822837,1.3739526562497597
-1.6478125,9.93828125,1.1977393329687498,2.2263356024741086,4.056308957463477,2.485384485173698,1.5056662739575357,0.4140868787225916,2.0155791494583872
-1.5403125,9.4815625,1.9400482907812497,1.886407770696397,5.203066168961697,2.4715066516565325,-1.2575782559055007,0.419419758623512,0.8877837715629688
-1.6462500000000002,9.885937499999999,1.42822118359375,2.1770719297946957,4.706044224834033,2.2853903470458263,-1.2201195711964132,0.5914040253372113,-0.8905339771235395
-0.07437500000000004,8.7178125,-1.1937466279687499,3.346397725073187,7.892941757661952,2.8621958849708267,0.12503431544280025,-0.06688943133264784,-1.1977182617792088
-2.1671875000000003,8.381250000000001,-1.3514062499999997,4.45191127099853,7.493097135864448,3.294308475987174,-0.2720338006272225,-0.03251210157782967,-1.313874273492172
-3.07890625,8.253125,-1.5685937500000002,4.796660334671503,7.198121038463788,3.1163148645412804,-0.07366100830375612,0.10593086719063831,-0.9511716394148287
-3.6475,8.0740625,-0.921875,5.074019917678684,6.814831646570131,3.324014362841262,-0.26559464197870125,0.19541045012683822,-0.6880211625284307
-4.53515625,8.099062499999999,-0.6271875,5.840769959995509,6.520437513778791,3.986279777542433,-0.24309555556579626,0.3498106753294557,-1.0470653488863513
-4.96296875,8.2075,0.35750000000000004,4.6861593681845095,6.212061101196607,3.8991144828024735,-0.5155822674841674,0.3291112913256751,0.16027511587779497
-5.905000000000001,7.578906250000001,-0.05046875000000006,5.805369820261238,5.8539063125583874,4.567244597979556,-0.48933981949341715,0.3158831470840906,0.11381952609111125
-5.635,6.36671875,-2.2553124999999996,5.885023895448514,5.9938275684989835,4.713832692442929,-0.3710114726701914,0.419864382940893,-0.26880687879824944
-5.79984375,5.2871875,-3.58859375,6.76983855332503,6.209773161303378,5.204250626647504,-0.5144969772874414,0.37808829617218326,-0.3508651215591512
-5.793749999999999,5.539687499999999,-3.7981249999999998,6.508591557510734,5.827626277254209,5.329717650530373,-0.6777810061123193,0.682107954541021,0.05659665448449617
-5.719375,4.93234375,-4.2965625,6.110739745266117,5.8020098193932705,4.6917111812849,-0.3626020543902167,0.5138955191278785,0.07551328396241745
-5.70109375,4.879375,-4.345625,6.335820072509235,5.759842086322766,5.01293697440682,-0.08766050774325303,0.688046339959713,-0.03189651601269089
-6.19734375,4.6518749999999995,-4.26203125,6.733061442006595,5.6223726850303155,5.201203941062438,-0.34431029746645303,0.34503502218973425,0.02740848044184641
-5.649687500000001,5.03984375,-4.49375,5.935856606450644,5.470332625909136,5.493127097792295,-0.4762914180417244,0.6957081935273871,-0.14728444945219243
-2.185625,9.245156249999999,-1.07421875,4.070647167143696,7.62295628188867,3.3811965359393765,-0.8486609797232395,-0.25079023654040206,-1.0555034253570963
0.67859375,8.4559375,-0.05765625000000002,4.635964660667825,7.3764409013489525,3.1753930574553975,-0.08456738376481,-0.0042551049728971335,-1.1626760724661216
0.9104687499999999,7.931562499999999,0.9809374999999999,4.787348049053196,7.984243119018468,2.254225004540086,0.340160656164875,-0.1407691743495911,0.06909643712952737
0.4740625000000001,8.54484375,1.2365624999999998,4.46545970434106,7.985041482396064,2.499820755293017,0.19264248309975288,-0.1834754680270491,-0.14031955056686624
0.8526562499999999,8.456875,0.9054687499999999,4.910707447184768,7.57946565460752,2.441942061203221,0.20330070428804745,-0.19598907113744515,0.05960784176432572
0.5684374999999999,8.448281249999999,1.2859375000000002,4.995331013415803,7.691066155507859,2.636059866750706,0.1777561357325471,-0.13778018838854542,0.015388095117672787
0.24562499999999987,8.45125,0.9048437499999998,4.17360900293439,7.203420519968274,3.1004843332269783,0.07730262731976774,0.0009885356332599798,-0.5618750322232571
-2.0168749999999998,8.7559375,0.44593749999999993,3.8380662754015855,7.122547981312148,3.6846780383221747,-0.09280602815269635,-0.0770156365155474,-1.0447212640673278
-2.99984375,8.3284375,0.47421874999999997,4.848401957148967,7.142451045236065,3.0347960210940763,-0.5046637389551135,-0.008454503354670984,-0.8399580787679906
-4.1107812500000005,7.09546875,1.14171875,6.155073695915301,6.2879430583676115,2.804191926098932,-0.05053444110910147,0.20574905564322632,-0.14478815768135245
-3.61796875,7.750624999999999,1.1251562499999999,5.548847622391827,7.159247270794256,2.7435800016740783,0.031744984829989165,-0.02003807169853028,-0.33675109764276695
-3.1009374999999997,7.902343749999999,0.6993750000000001,5.046690969941963,7.145280072840808,2.929150834179592,0.02780718860167792,0.13165351347474505,0.03394420504040394
-3.4940625,7.9725,0.2539062500000001,5.305959714895483,7.0896969698993475,3.6228500595126674,0.1683219346020505,0.012217203338892717,-0.5861065776771484
-3.1725000000000003,8.4415625,0.21078125000000003,5.33443911062822,6.762581611972883,3.406645300313556,-0.2590529561229451,-0.22749516943304984,-0.766358268311431
-1.8050000000000002,8.24296875,0.29656249999999995,4.287300651342287,7.25616928888952,3.3915295308450064,-0.4147216087082749,0.05357609552134083,-0.23828718954187553
-3.7303125,7.5971875,-0.6779687499999998,5.1098660601177945,6.672294271076759,3.2808993525439694,0.002261676627227164,0.26229056750932617,-0.89838060615921
-4.39203125,7.61796875,-0.58109375,5.63416369672762,6.528136023132747,3.793682708294269,0.06463685425158477,0.21159061008575725,-0.7392352887719189
-5.00890625,7.5,-0.45687500000000003,6.333740037782648,6.841459776612006,4.457359039765026,0.1786294797293621,0.17108105961577827,-1.3211023813375502
-6.0337499999999995,7.12078125,0.30546874999999984,6.454938637392303,6.950422043095544,6.497657253216227,-0.2475467408771677,0.2679728019071289,-0.5141165652558308
-0.94625,8.13296875,-2.71859375,4.06908907957297,7.155701546600685,3.4452416765679788,-1.1656582357831209,0.08083039124194728,-0.6721749761186955
-0.28890625000000003,8.30828125,-1.62078125,2.9490290336330935,7.357071758410301,3.045455274199317,-0.2651152663496615,-0.05715833484063374,-1.0713069926913572
-1.70546875,8.724218749999999,-2.10078125,4.422442032437897,7.258090486804945,3.133338028708112,-0.14989478251900287,-0.04228919134250633,-1.1580974226195964
-2.7248437500000002,7.49890625,-2.5303125,4.664850276331057,6.849164893708643,3.551566542012658,-0.20012753602927386,0.17492422658144105,-1.3116945881621944
-3.7546875,7.82828125,-2.0451562500000002,4.812073996973005,6.575189530226368,2.7957847691812647,-0.2797893059126086,0.2921093817209674,-1.1514936720455462
-3.93828125,7.842656249999999,-1.999375,5.254383751535325,6.835822747251126,3.6591250982133694,-0.15103295331282623,0.2770651546957942,-1.714987159856633
-4.38125,7.70203125,-1.19375,6.053496019863233,6.10453268576092,4.208235044231727,-0.09609817814100839,0.019833420099705828,-1.0016306061865963
-5.5778125,7.467499999999999,-0.11499999999999996,5.828072813104153,6.5929436710774345,4.950508180985059,-0.15504398082919432,0.3459273776889724,-0.12455846652726557
-6.20140625,6.803906250000001,-0.15875000000000006,5.956661939371828,6.190801295366452,4.763235999559543,-0.08735369298018947,0.4830744552367637,0.295621874386794
-3.1703125,7.9765625,-2.52890625,5.165251073504922,6.482190558259896,3.4025000538149794,-0.9698530210056819,-0.0337981957534388,-0.7099281398970011
-3.5417187500000002,8.3584375,-2.58984375,4.303837878382321,6.753531071490954,2.669285070592112,0.13128142044614344,0.10363215779655739,-0.8986638158453375
-4.22671875,7.635,-2.3296875000000004,5.209132321788192,6.5704118972861965,2.702209725825098,-0.10052890565954528,0.258448559389537,-1.2380680644231468
-4.536875,7.3695312500000005,-2.1862500000000002,5.391059692618419,6.7502436135871005,3.046374125497392,-0.10109840053604907,0.2315390359205179,-1.319132322522069
-4.23234375,7.8571875,-2.00828125,4.932312383085234,6.631005407541435,3.095433912781605,0.03669212822398035,0.24688240304186795,-1.180209587354592
-3.9782812499999998,7.712031249999999,-1.83921875,5.723042666134723,6.6218315960558405,3.424581317788853,-0.1841024815417195,0.24614671034659377,-1.6381476786574556
-4.599375,7.9525,-1.02703125,5.231288343646812,6.474513012574769,3.6767366983540497,-0.0572911544492688,0.27372130054772426,-1.2083807726926565
-4.90265625,7.51359375,0.17484374999999996,6.1782175934355,6.4645693899486405,5.185363111739229,-0.4990670378006272,0.49518039870403835,-0.2905989201323446
-7.0190625,6.00390625,-0.39421874999999995,5.193059586707411,4.820307179393336,3.879016790972738,0.031627744671669566,0.2936836073444026,0.1289202846156411
-0.76953125,9.365625,-2.80359375,3.0788022375224813,6.910400647529418,2.411730685101663,0.02986405247742397,0.00030046357684796805,-0.7566382753337269
-0.7009375,8.9975,-2.8492187500000004,3.4006707604667863,6.817070485186433,2.635880014748099,-0.2874821681074048,-0.05065375986742039,-0.552185283588729
-3.01484375,8.291562500000001,-2.54625,4.2350490670812695,6.590107458046018,2.9072315546753407,-0.5535283604110313,0.1296943382142309,-0.7630299874361682
-0.7885937499999999,9.561406250000001,-1.856875,3.1979025680844213,6.900717323942558,3.0547467545403824,-0.06680515153178383,-0.19737999598221745,-0.7153894451030482
-1.7090625,8.717343750000001,-2.0406250000000004,4.3329694345902965,6.994912714382927,2.614129799641747,0.11324889174618658,-0.032031240387995166,-0.6730939524414606
-2.14640625,8.23390625,-2.15140625,4.218485127680426,7.042633699739817,2.555638293061234,-0.2569276581362887,-0.03985371932589252,-1.0209830236977786
-2.5700000000000003,8.07828125,-2.96578125,4.141713866263578,7.3021004158665495,3.0543758592629753,-0.790366186787508,-0.10260535190060467,-0.8023812692518915
-2.8165625000000003,8.53578125,-2.6696875,4.421939696964868,6.822320628983106,2.6017998390237,-0.5226303327295836,0.05759322530523909,-0.9177778513591918
-2.4259375,8.78125,-2.13484375,3.7240681379499154,6.520674212648566,2.7969475505604207,-0.4833961317884857,-0.04952433982218149,-1.6641493543109351
-2.68015625,8.596093750000001,-2.3496875,4.771600390653637,6.910981437445114,2.721370271084725,-0.21718469711450958,-0.013312744214779295,-0.5359146016663088
-2.9943750000000002,8.298124999999999,-1.865,4.732227895967712,6.811436585579799,2.6904054062538605,-0.195283464883842,0.17146672963365056,-0.9195168487124287
-2.9665625,8.538125,-2.12609375,4.918014785825044,6.3586176453200105,2.6740960021493128,-0.1377979262437904,0.05743088860954773,-0.950050285556132
-2.8034375000000002,8.19375,-2.3404687500000003,4.860574560542585,7.003022003928018,2.603431887484948,0.12509167319194586,0.0897267636660409,-0.8245861745242877
-2.88984375,7.6890625,-2.524375,4.383188227544641,6.947738777551567,3.1397098169058557,0.0036752578093694963,0.1421395943871377,-1.2767117565362638
-3.6832812500000003,8.278125000000001,-2.0435937500000003,4.7432768389477795,7.101230719697466,2.9436018366044236,-0.01130609396462299,0.0160736965987726,-1.2739705697709531
-3.5110937499999997,7.582812499999999,-2.0262499999999997,4.973293085693919,6.784048493697827,2.9453111571614974,-0.21172794372127576,0.2810467417898683,-1.233646817265928
-1.8192187499999997,8.57265625,-1.7268749999999997,4.278770013350616,6.850075784751286,2.9230099400061915,-1.0994763493166544,-0.05854250010339354,-1.4225640626432832
-0.20046874999999997,9.224843749999998,-1.5823437500000002,3.114241194540564,7.285233779748316,2.9084756220975856,-0.30247647143036893,-0.1841238082698301,-0.8424099346578198
-0.9043749999999999,8.65296875,-2.369375,3.5369164160854862,7.160210515342649,3.139489844604534,0.015109984407512404,-0.09331937484885772,-1.462647348344808
-0.68296875,8.75828125,-2.8293749999999998,3.21169429569868,7.198817080493048,2.8783490683680113,0.17702277169763941,-0.04598757197393971,-0.8117920116725031
-1.01609375,8.530000000000001,-2.8707812500000003,3.0453913014111897,6.907294151836883,2.946810407397876,0.3453908473863267,0.10224997354258364,-1.2701288711918228
-0.83890625,8.05421875,-2.81265625,4.125285261798381,7.098038858702341,3.0049309695625186,0.2412976572242718,-0.009018971927630074,-0.629199289185342
-0.9476562500000001,8.827499999999999,-2.8428125,3.0668513689671917,7.392750883466857,2.4957028498689002,-0.024784479727776778,-0.06316309263759469,-1.017269555573809
-0.6709375,8.341406249999999,-3.3023437500000004,2.937166320808842,7.1476029345481225,3.0420617711243043,0.6496665811097397,-0.06399801388795413,-0.7491936548989178
-0.778125,7.95203125,-3.09703125,2.947129363359369,7.497720315970945,3.0186719346466644,-0.14548227028158126,0.002901146548591971,-1.11614471013964
-1.1170312500000001,8.61125,-2.88671875,3.3461669674455035,6.903399864378421,2.7820838944752255,-0.05337704123960323,0.04024994927299861,-0.9235008253284717
-0.91234375,8.75453125,-3.28796875,3.4878995031875473,7.393866531137375,2.9062836985613494,0.21078550135884477,-0.14173847899684666,-0.8366697598670157
-2.9440625000000002,8.03359375,-2.70953125,4.692567500430202,6.6922133780581845,2.9883813708717697,-0.10808326959635811,0.15620300538891263,-0.8875898100506044
-2.509375,8.00953125,-2.6009374999999997,4.158771556526638,7.168224246127728,2.99418118958986,-0.23070063801016913,0.018506356770386256,-0.9852169820172018
-2.406875,8.26890625,-3.23265625,3.5777768389567,7.202500676238145,3.138555719887085,0.11570404640960222,-0.0022614324586603825,-0.6969070304251764
-1.9121875000000002,7.23328125,-2.9859374999999995,4.440435109856212,6.836798651115772,3.4137702392067553,-0.03391372317348577,0.19271620007345144,-1.0214696855855478
-2.16921875,7.765312500000001,-2.76390625,4.381929977435563,7.211555390645194,3.1464213884524335,-0.10957375942964698,0.043578791172454785,-0.9634884481648787
-2.3928125,8.028125,-3.0371875,4.039008800416725,7.116637169996445,3.3123648409925726,-0.09846854052792962,0.026787900373061797,-0.8957437564855962
-1.850625,7.87453125,-3.2901562500000003,3.76018445150966,7.032029830018744,3.4953712661298137,0.1509770257989927,0.036542031087561155,-0.7568070935823307
-1.5946875,7.86171875,-3.4831250000000002,3.7679752390831536,7.157049748911798,3.0089220842977973,0.21656998828089916,0.055906667217382605,-0.7812901464456892
-1.7249999999999999,7.702031249999999,-3.27203125,3.6120938352983027,7.2079505104796215,3.024407059495041,-0.37329362360713375,0.057649372897439356,-0.7566693196856374
-1.2935937499999999,7.735624999999999,-3.6028125,3.8008598398863565,7.2507624329704115,3.3656168030308726,0.15085288990032994,0.14195890255395913,-0.6453487872170421
-1.4610937499999999,8.471875,-3.56015625,3.8880639129534558,7.573572034342513,3.148663154909705,0.1693264380264737,-0.21015027846833945,-0.6778295672995219
-1.37453125,7.742812499999999,-3.401875,3.4187712200838236,7.298553895453794,2.9269277168005017,0.14644079503852847,0.05356264156775209,-0.7050343364131397
-1.5968750000000003,7.573593750000001,-3.679375,3.4886238668528025,7.5608711814486655,3.326244069423499,0.31604554333866386,0.054276744629808776,-0.6280771158425201
-1.60234375,8.2559375,-3.3203125,4.210410365313093,7.202937924631431,3.174590017205962,0.14776399710968793,-0.08348349366363675,-0.4578755087177562
-1.379375,8.01171875,-3.6059375,3.5523503992955145,7.19007031317486,3.015810276044193,-0.06662969179062762,-0.0329558880682727,-0.5329095678944249
-1.149375,7.632187500000001,-3.67890625,3.756905672807743,7.436064875984054,3.4891000438810775,0.08004855004374883,0.03840682107953712,-0.6655124389822912
-1.19671875,7.29265625,-3.8160937500000003,3.674357109876289,7.054521210318666,3.5066827349663297,0.04721063032699854,0.16215114532568045,-0.4626307535179864
-1.11984375,8.333125,-4.0021875,3.375834846832104,7.43956670340249,3.8473982559443662,0.004846582348084862,-0.07680456000062685,-0.5221886535696121
-0.8434374999999998,7.97953125,-3.9000000000000004,3.6953810775877702,6.976636329046644,3.6039262443895828,0.46792746636538696,-0.08784751775636408,-0.6368836623860723
-1.0034375,7.71875,-3.90140625,3.6182062280353438,7.3306393607583775,3.5082825513292026,0.0376275855572898,0.0565461461702617,-0.5795733893839897
-1.02234375,7.95296875,-3.6251562500000003,3.9092285612811053,7.129892329062441,3.2973971705856027,0.38543902594535495,0.04113776757887581,-0.7115763089771114
-0.3025,8.083125,-4.640937500000001,3.6161823792502505,6.880812741557134,4.423940451802414,0.4474610351621303,0.05331590959171393,-0.7561984268473199
-0.3034375,7.885,-3.65578125,3.364617000283056,6.905884718846673,3.9895546449006605,0.30660269704003246,0.08867010639457315,-0.8512988841554455
-2.291875,7.997031250000001,-2.1135937499999997,4.492470741070552,6.865383428769542,2.6487546408568945,-0.09217173405768919,0.08332070666743732,-0.99483304835642
-2.6575,8.290000000000001,-2.621875,5.2189555348747705,6.942706379719655,3.204197381463102,0.05534610233268235,-0.009680341432891199,-1.0469766023751619
-2.2328125,8.1234375,-2.7004687499999998,4.625308931827554,7.518714613123293,3.1518637490813965,-0.185506897863792,0.049362922766723466,-1.1522178058939585
-2.4103125,7.659218750000001,-2.5964062500000002,4.832286909667487,7.334944466534729,3.0990090992865666,0.05273638964588091,-0.008929887782819635,-0.9519975431063271
-2.419375,8.025625,-2.83609375,4.560453265233074,7.167292217732928,3.294452068054859,0.031437398037032244,0.005420250317230694,-0.9981081623885377
-2.28234375,8.243749999999999,-2.8920312499999996,4.330013258563528,7.167361024986812,3.119680562417158,0.08135640175804187,0.04662262433846543,-1.3019214407556687
-2.3957812499999998,7.9653125,-2.53765625,5.085001169090174,6.57551898349809,2.872989374212153,0.03200309909861733,0.22568800022782992,-0.675477016922751
-2.40546875,8.41703125,-2.7151562499999997,3.798792953725359,7.330774532682303,2.961162141049682,-0.17014254663273518,-0.016964805395852062,-1.1974436574750227
-1.9334375000000001,7.80765625,-2.9203125,4.594897720145004,7.249962013302961,3.2346937493901566,0.21167214242769178,0.046918503900396896,-0.7258715566768046
-2.27734375,7.9232812500000005,-2.7021875,3.658455634804929,7.357202902319497,2.8298903847753096,-0.13027757681148888,0.06899336012473371,-1.066190858669007
-2.46375,8.38984375,-2.59328125,3.5282832670436197,7.352502442235973,2.723892007936151,-0.2135099184211491,-0.0926991504383991,-1.1028596152022228
-2.3315625,8.196875,-2.6578125000000004,4.362494347686166,6.70723952974508,2.7484083284409815,0.2188700509725807,0.17004826838102904,-0.7920953484759162
-2.668125,8.07796875,-2.9321875000000004,4.2999054767953915,7.198367692506645,3.3486338019920527,-0.25780510368451653,0.01620651492412111,-1.1490077465991062
-2.28640625,8.1125,-2.5715625,4.092986137584751,7.060168641753538,2.9781229505501865,-0.5088151381507721,0.20529525841341636,-1.1788668794585382
-2.67671875,8.73109375,-2.27046875,3.9793953901187598,6.809999568003726,2.353008997597212,-0.28684213036880846,0.027094353955113337,-0.7701106075108339
-2.65375,8.3584375,-2.3707812500000003,4.131957579344203,7.24525625382524,2.9320568210981923,0.10372687683579895,0.1188156246835217,-1.4813169285129202
-2.5970312499999997,8.587812499999998,-2.47078125,3.796964939135393,7.184148885904562,3.3298040035636385,-0.21148034095721824,0.021863296115406723,-1.5611794454445653
-2.3660937499999997,8.3321875,-2.6948437499999995,4.234826818030572,6.8258965685720545,3.4666513886726396,0.023568839907544808,0.13321839447302644,-1.2711249083376046
-2.68921875,8.155625,-2.580625,4.261038717513423,6.793577590958611,2.698343169312421,-0.05545037249780421,0.040614563718717016,-0.6640971281021387
-2.47546875,8.421875,-2.8009375000000003,3.655029467086885,6.905353646582845,3.320506229642364,0.009297809258809363,-0.05414114417273677,-1.0337069603717999
-2.3760937500000003,8.23640625,-2.3740625,4.1664465589649575,6.635832504099311,2.8190339207064805,0.008826421181245511,0.09377590179694431,-1.141997154849556
-2.75234375,8.658750000000001,-2.3043750000000003,3.9994744741448143,6.878737052504624,2.488597041381951,-0.014383010998316589,0.08189248905444563,-0.7703877116331442
-2.3265624999999996,8.49765625,-2.5859375,3.803924461473144,7.0473281156290675,3.049444989845488,-0.12847557280969615,0.09902952231395827,-1.2166000716579135
-2.6284375,8.09453125,-2.09703125,4.129690597804362,6.704261221810606,2.8773135689429887,-0.19704292708939294,0.11532410526636698,-1.2470818476423733
-2.5184374999999997,8.428125,-2.4546875,4.318472392941021,6.888807016412566,2.7629812752430567,-0.056775778164979675,0.08080102321250601,-0.927374312250261
-2.42234375,7.9721875,-2.3793749999999996,4.840697180606935,6.973828411628992,3.196974094260853,-0.27625224547806976,0.03248013608584919,-0.9637822285348279
-2.8568749999999996,8.26234375,-2.2023437500000003,4.721883851745508,6.746798949823237,3.0114607866176732,-0.37833796841625184,0.002158168522214104,-1.0526745270312565
-2.54078125,8.19140625,-1.98328125,4.544464113308459,6.645893437677205,2.922480781955364,-0.2991089099197032,0.03667115838428159,-0.9654459339525276
-2.538125,8.553125000000001,-2.5581249999999995,4.01096850640528,6.7789208845785325,3.190581782273415,-0.044701941837357984,0.033467644150815434,-1.1919926902697058
-2.22625,8.028593749999999,-2.2154687499999994,3.883684019394472,6.986465680869043,2.877319678150733,0.00275627313164474,0.017154775182440758,-1.4617099283443582
-2.7165624999999993,8.10640625,-2.3724999999999996,4.632903793366936,6.95219465510431,3.3762618011641217,-0.041578385678573894,-0.013663069990598018,-1.4467563056804198
-2.4148437499999997,7.9765625,-2.1862500000000002,4.7066146911114295,6.80493116670505,2.7987767975492437,-0.27213883340429973,0.13488423178995423,-0.4247936487423663
-2.6709375,8.1853125,-2.3975,3.8920860083114492,7.014205890715195,3.132727944619513,-0.40603196301863576,0.013495918965840743,-1.3633880911439913
-2.3740625,8.044375,-2.3567187499999998,4.451099484519948,7.132911369796698,3.0423079513583824,-0.3465002495675815,-0.03586997649474894,-1.3836841106008988
-2.4128125000000002,8.123906250000001,-2.3896875,4.223088498343807,7.385431947673131,3.1842610841989307,0.16685100402244613,0.01588078722463592,-1.1034840866707423
-2.6639062499999997,8.62859375,-2.19671875,3.719414695716375,7.343924544135849,3.466828997210338,-0.08245529250985269,-0.14447447642346858,-1.5371123986586441
-2.3435937499999997,7.651250000000001,-2.5378125,4.902423943567196,6.875526911626483,3.2346389234107336,-0.272426023078314,0.023885655785125533,-1.1923754992988405
-2.73609375,8.2165625,-2.1168750000000003,4.336912646539118,6.667206878340716,3.025512805191047,-0.27845002173595057,-0.03675444079024895,-0.8112237277889904
-2.595625,8.193750000000001,-2.18078125,4.552471813133498,6.587391009534807,2.578255408633605,-0.2573281394488153,0.20262684356926,-0.73165315361483
-2.1062499999999997,8.311250000000001,-2.689375,5.154485455649283,6.621644079267625,3.3967953072528525,-0.029406448852076876,0.048688347177293465,-0.8639797044036112
-2.48625,8.240937500000001,-2.31734375,4.526239643732974,6.805020141123298,3.327544253174695,-0.27409667831121326,-0.07995127449398108,-1.0545824624034654
-2.34015625,7.774375000000001,-2.4057812500000004,4.214904911511758,6.905624943433795,3.5000856260452307,-0.19534215267894764,-0.07185369872789998,-1.1353093079390628
-2.8381250000000002,8.2075,-2.2668749999999998,4.283673903248822,6.876195123394915,3.116708938828745,-0.03887829040534983,0.05849097496752013,-1.1497845550975905
-2.31828125,7.801875000000001,-1.96828125,4.335558843263281,6.354023546885469,2.954194874817577,-0.22262280522445385,0.14403368830349178,-1.3716224739638696
-3.0051562499999998,8.708593750000002,-2.18125,4.04706413349059,6.609873029034744,2.7887836170093943,-0.2674496903712557,-0.08844951083154624,-1.2464251805671847
-2.3850000000000002,8.03171875,-2.4571875,3.758616766843888,6.627664689270153,3.496315233906083,-0.32727834529982874,0.013674890865624276,-1.3743356330013607
-2.7248437500000002,8.7715625,-2.4182812499999997,3.874831041553417,6.950129094743042,3.17418422329241,0.05883722804057912,0.014565803843176659,-1.5522458328764732
-2.48453125,8.225,-2.11140625,3.9214123450962712,6.876173763438501,2.7528388002135062,-0.013228252041243171,0.16202016885608853,-1.3244932751878442
-3.0440625,8.893125,-1.86015625,4.229732822069704,6.949353583922392,3.0395427761566274,-0.28789186100733416,-0.17011863451665712,-1.2087745439502293
-2.60859375,8.088906249999999,-2.38203125,4.310167436998352,7.13542354147327,3.491645018687243,-0.17199011041316467,0.05789373618506721,-1.5101028663545453
-2.8320312499999996,8.828125,-2.32109375,4.08534506639567,7.363221712292453,2.8502999388153762,-0.10644283084963375,-0.17956807860117435,-1.2219923625990305
-2.684375,8.1128125,-2.0657812499999997,4.758082227576043,6.968756495232399,2.78837307217819,-0.1854851010275932,0.06342840054726433,-1.2484066538005214
-2.7204687499999998,8.065625,-2.0509375,4.324772548097002,7.275247176857636,2.9664376356319626,-0.27115673550816594,-0.04702474268840042,-1.044070783548217
-2.5784374999999997,8.08609375,-2.29109375,4.472177957505018,7.089583383648925,2.9800362399157057,-0.4267004392813023,-0.02295241566636752,-1.1039776775658114
-2.705,7.952500000000001,-2.2756250000000002,4.9226018907687425,7.1481708761752465,3.2517124695112574,-0.04536145319946348,0.03630990609547774,-1.09234748656926
-2.82203125,8.2909375,-2.33578125,4.261503248446894,6.9189153590786,3.1690967782080177,-0.3019917201528605,-0.029235084726596933,-1.3107996123106618
-2.5917187499999996,7.67265625,-2.5678125,4.7821982898452084,6.931119643090569,3.089426761527735,-0.004143128415237371,0.12414166954719781,-0.35025034867822963
-2.723125,7.84609375,-2.08234375,4.780287607390898,6.619655773052775,2.7214390392466883,-0.20198611685611742,0.12911582225411142,-0.6907537345779882
-3.17046875,8.453125,-2.1421875,4.795349775331664,6.638897893052355,2.8432675243184113,-0.020966305658878952,-0.05505704477335342,-0.9404514936578603
-2.68609375,7.84390625,-2.4159375,4.308343147743798,6.748802351433248,3.4535940150940947,-0.2523177642092635,0.3013175542426785,-1.5754871947921194
-2.9299999999999997,8.8353125,-2.16328125,4.4185818567726,6.838107598403505,2.9571909468105773,0.17918745900585806,0.08089504031065801,-1.3226646696533881
-2.66171875,8.0609375,-2.2209375,4.300735240444178,6.95865551820851,2.8440786726273504,-0.15004579058968387,0.1437038409056475,-1.3156053282914362
-2.649375,8.533750000000001,-2.6253125,3.8076862540623013,7.118884985550757,3.3041384886750356,0.014793528876750216,0.08647086213536542,-1.4482114430983093
-2.5523437499999995,7.9590625,-2.5140625,4.125168080737552,6.753297046339199,2.91263557557305,0.10320079098037616,0.1476954479352868,-0.7853022398542556
-2.61703125,8.615937500000001,-2.71171875,4.026004408718828,7.11460265904525,3.025837980361546,0.25747769982073215,-0.13908823220350397,-1.1870495794867868
-2.5581250000000004,8.097031249999999,-2.47984375,4.0389644693132665,7.0242316483031395,2.833419142676554,-0.004918980989257397,0.028092475824988253,-0.8142055729906541
-2.58171875,8.34296875,-2.4296875,4.590393690458199,6.80258330518807,2.6664401413389633,0.15696284472166272,0.11658895050615543,-0.46441470082743813
-2.9254687500000003,8.68,-2.6746874999999997,3.773498430538091,7.123263165502171,3.4394317157553442,-0.11086698782923624,0.036818670451461796,-1.4515364185277653
-2.80484375,8.138437499999998,-1.9509375,3.668728488943538,7.032658463098699,2.719701108779005,-0.1876937260093154,0.07929447726619189,-1.582582562135113
-2.7243749999999998,8.70703125,-2.51703125,3.6555047851664755,6.972741273991416,3.001268315066721,0.1997540656844474,-0.040678425103667176,-1.0741907657801457
-2.745,8.20921875,-2.5928125,3.5716120310022474,7.033735517287271,3.245002151747168,-0.0540580783835649,0.15025546375571153,-1.5272667689188666
-2.795,8.49234375,-2.34734375,3.6878504070799836,6.709526050276274,3.05137942279159,-0.33498494009540775,0.030083413616581754,-1.090872554450568
-3.0460937500000007,8.646093749999999,-2.231875,3.7561027912865934,7.0504336340902425,2.7315156478363805,0.257166012995111,-0.003140449148273691,-1.454466194385925
-2.8431250000000006,8.64640625,-2.2337499999999997,3.4677838181430802,6.8301423775395005,2.7627282145553154,-0.1618895316145789,0.11004186657242886,-1.6638259698349456
-3.0970312500000006,8.8253125,-2.29125,4.148162123039966,7.072369203622203,2.558350603904789,-0.09273997130769399,0.03570479172463463,-1.147188886781652
-1.98203125,8.04609375,-2.86953125,3.999043705878124,6.585196850035004,3.18681092046162,-0.04938156421907887,0.2128335971125207,-0.909753431133352
-0.65375,7.018281249999999,-4.16796875,4.178471423559099,5.333381770359069,2.859574476477827,-0.04028651565472968,-0.07871159712004823,-0.4416156619229126
-3.1196874999999995,8.63765625,-2.6879687499999996,4.6826501473357744,7.184439944723314,2.781997472414998,-0.29361682391109206,-0.20128990286034382,-0.506597140737821
-2.64859375,8.166875000000001,-2.56359375,4.933244326501672,7.38144080511217,3.0004308894658673,-0.24199840855368798,0.10178599078955394,-0.6700290105161024
-3.08578125,8.383906249999999,-2.31953125,4.90780335431733,7.646725119533913,2.8320726893519943,-0.208283621535036,-0.08219766827845884,-0.30755459654015155
-2.83109375,7.82984375,-2.4009375000000004,4.808603330615964,7.589531542729494,3.1073007371501316,-0.20287134987295605,-0.030668755689991816,-0.7333341533770895
-3.0149999999999997,8.61640625,-2.42375,5.304235630606921,6.933233004699968,2.9330436942705096,0.09030760692508537,0.05641574770151509,-0.9482740043183211
-2.61671875,7.6253125,-2.4840625000000003,4.458801357528549,7.493411266061923,3.1401073422884367,-0.013309876777643663,0.12299992748086046,-1.3050180740181594
-2.68296875,8.30828125,-2.55609375,3.9903617002752316,7.6675852935196245,3.064700544704317,-0.11258749707471753,-0.051179439661840694,-1.2552918035126093
-2.8237500000000004,8.231875,-2.504375,4.421876192579345,7.342682980993732,2.988180819390788,-0.1078592968736059,-0.014255295070414946,-1.273218504371437
-3.2878125,8.084843750000001,-2.486875,4.323459432542851,7.641093056663158,2.6191058081671694,-0.0841833241865584,0.035733677835357414,-0.47863024980906327
-2.7406249999999996,8.003125,-2.54765625,4.581404968388519,7.133177297626563,2.7944329378848827,-0.11634604458680396,0.10972677764750119,-1.3401697724674444
-2.9375,8.040625,-2.58171875,5.124348434191415,7.03288878124594,3.224231766390009,0.14134413749982097,0.026025505462384264,-0.2184181225488661
-2.4790625000000004,7.08640625,-2.6712500000000006,5.247021690549197,7.320086954569661,3.3591067916188675,-0.01669883179123505,0.16844542369342558,-0.7888995127993187
-3.15203125,8.2840625,-2.10484375,5.233133675105523,7.255809465255669,2.933779022112255,-0.05159810530980276,-0.14120314026264086,-0.5747322767330114
-2.35984375,7.414375,-2.848125,5.706665919176094,7.142291709204756,3.6099951848132705,0.2410470295185384,0.07006929897174859,-0.5660668445684837
-2.84484375,8.5640625,-2.4176562500000003,3.7949283557909155,7.152866715247374,3.0978393388515064,-0.009465240036274577,-0.16366652315845415,-1.1132733683479328
-2.8690625,7.9434375,-2.3817187499999997,4.492019562078259,6.993432905847724,3.1689941004044857,-0.02334787926731605,0.035796484549577914,-1.0291462955286181
-2.5478571428571426,8.683571428571428,-2.4690476190476187,2.0971494663837724,2.741981227948464,2.842779332108942,-0.07732304190245716,0.7490206697359244,-0.5258708364420699
