6.87921875,7.506562499999999,0.09257579006249997,5.384330362463696,4.039274849350283,2.9599609735212056,0.5633055255871215,1.31363288638578,-0.1481071344679053
7.2834375,7.506718750000001,-0.29028364968750003,5.405875050220246,3.214394895761633,4.623241552374045,0.39383075292843484,1.2749958291370493,-0.3790892878514958
7.733281249999999,7.1782812499999995,0.0023409998437500246,5.225054441907609,4.075792696936197,4.265131065797014,0.2526264423160633,1.2191103895357642,0.855379890478794
8.6809375,6.5428125,-0.6512228390625,5.125853806547135,3.884188488583394,3.1965305857193846,0.32289205381334923,1.0560973780110903,0.4919011878458504
8.447031249999998,6.41390625,-0.9793881062499998,5.30181651644259,3.680918116273566,4.118117065741885,0.11810595716311482,1.4405792668272728,-0.6763254852020797
8.41078125,5.632187500000001,-0.515657869625,4.765411283630033,3.380819274206143,3.3991551042171975,0.29477721607116913,1.0579211113836888,0.510975855954086
8.5225,5.487656250000001,0.38243382171874996,4.376398347956913,3.341683586807096,3.2739970868162303,0.31941154018165563,0.6005444016968866,0.4391493655300474
8.89546875,5.1396875,0.09640651415625004,4.8277391608571225,3.377620264675079,3.2549499152419443,0.2364315270649644,0.6358156703533189,0.5256748107670473
8.381875,5.454218750000001,-0.012556263374999946,4.132116541117276,3.4112744157643546,2.7078206730243806,0.2046855502844031,0.6128204757440583,0.5562997946863014
9.1228125,5.1984375,-0.709960654375,4.064942907328928,3.8380415817958187,2.760992752341097,-0.3299714880539106,0.11368008365793117,-0.2263676646927999
8.73828125,5.0821875,0.22984335765625002,3.9555070608454788,3.485418943949744,2.5576923220887005,-0.038037743438750195,0.30149118229308836,0.6941795776147488
8.78890625,5.5234375,-0.02298434187500001,4.918080518984103,3.5352582202144367,3.4429401781628126,0.06325610537316556,0.8516528693335382,0.6803026181102546
8.1878125,5.598125,0.04533022115624999,5.261113376923534,3.80884286685274,2.939247955942692,0.13439721661475584,1.12603579878069,0.248744843767083
8.48046875,5.65109375,-0.09321426821874994,4.939046412798065,4.177751008761883,3.116082695202351,0.1136112573640647,1.088974839662925,0.24797746777696533
8.2378125,5.731718750000001,-0.024261249843749902,5.043329898474196,4.194796834579529,3.34409568217626,0.059117548652709566,0.9747611849793726,0.1186345828547867
8.14078125,5.6003125,-0.12322156906250004,5.295196911083519,4.085242483910074,3.7044305622859097,0.04430618963402815,0.8926007060538341,0.3680136611327056
8.893437500000001,4.9721875,-0.20387957812499996,5.531356134221856,5.150010154343752,3.0420893167383074,-0.28303047912468277,0.5328143511555656,1.2143487215388518
8.44203125,5.1865625,-0.21622301421875,5.358302897048975,4.254383481609732,3.175166944904198,0.07430231119239987,0.9058072828473936,0.6210436597959779
8.8421875,5.672968750000001,-0.12258312031250006,4.757123759672829,4.24674164790177,3.6654531269393327,0.14601684073926088,1.1564131984300283,0.317651494832365
8.8446875,5.26484375,-0.19728223774999998,4.604223593869411,3.3990127207155223,3.8278948133326294,0.1610183935608329,0.7124942156585878,0.30253784656539556
8.81171875,5.2984375,-0.08427589640624997,5.075174428864336,3.915104252583033,3.068953378144844,-0.3228196824149075,0.741584413096994,0.09704907413294124
8.78984375,5.251875,-0.11236788353125005,5.249920681599479,3.8751362375244307,3.474794859445585,0.07324178490528138,0.8297291590023597,0.561951912202615
8.471406250000001,5.03125,-0.3654083739062501,5.20341470430341,3.4527672325976453,3.6132036196819923,0.04571482619881496,0.38219985455427324,-0.14947875588761286
8.65,5.4184375,-0.04128667562500002,5.336133900119074,4.162378834103612,3.640811849454647,-0.07875412829932507,0.8364930573930707,0.10806215676252949
8.5159375,5.149062499999999,-0.06937861578125004,4.967955980188809,3.5862670872501603,3.8881931102147163,0.19289341423967027,1.178733453726744,0.3280133630441484
8.971250000000001,5.214375,-0.3375292353125002,5.538696117995642,4.196557322303009,3.9717922334220064,0.19918945841871832,0.8511821230686756,0.039833092579364904
8.9078125,5.301875,-0.05192758178125001,4.834980115248019,4.396293849297952,2.9332416382519173,0.14002440155515575,0.910817304191731,0.2596664586420827
8.62875,5.10140625,0.10108855306250002,4.860516144145599,4.155347408455873,2.9505671358078236,0.07371970401356978,0.6266964597543389,0.5169463914977739
8.864999999999998,5.120468750000001,0.1425880343124999,4.998700768699803,3.6936349092423084,2.9534511959939986,0.15881190850023025,0.8915002913379626,1.1826839533987301
8.796875,5.02546875,0.27453512431250016,4.6599090907843905,4.14576852408253,3.162373730378178,0.3080965603951377,0.8991260296977739,0.5256082278284647
9.1025,5.2090625,-0.15024944453124994,4.6349946062536045,4.100650755806174,2.8610339745374977,0.21637434539136263,0.7680634807032358,0.6425338357417569
8.737031250000001,4.9384375,-0.18515162349999997,4.539217539843562,3.6598989137124742,3.3058928415493605,0.4491140955896263,0.5417283184282031,-0.14370910515122723
8.455625,5.051562499999999,0.10023724937499993,4.5931803643417926,3.530770196939154,3.063912573970145,0.10935698617874755,0.14705380175320115,-0.6162536414017226
8.76359375,5.079843749999999,0.048522494406249894,4.648522402060782,3.651142583231438,3.024260580673026,0.19661678675729197,0.9239594552506903,-0.5274125209544077
8.91078125,4.98515625,0.73762697125,4.257654248779302,3.7321391286480647,3.75399387240865,0.15986110123656666,0.9532947664885678,0.6211295157714244
8.92140625,5.15953125,-0.24090989775000002,4.67465134635311,3.9033476936821083,2.8524142360720814,0.317648805077518,0.687389868523882,0.22407785352063822
8.88453125,4.737656250000001,0.308373200875,4.9717174879787205,3.786093691964838,3.3576922850760504,0.22327379239534745,0.798391002123875,0.44401430024224764
8.81171875,5.00578125,-0.04447894312500003,4.781476809877722,3.5862906518641844,3.397243850796254,0.2514438823427523,0.86754329090853,0.6498488088942552
8.7978125,5.092499999999999,-0.06107872812500008,4.8141894660309905,3.7819608835893583,3.1117270152537198,0.1845676111514221,0.8074471457284588,0.9441060136905062
8.696250000000001,5.16203125,0.23218436275000007,5.082877967992149,3.565053549601105,3.6452671728849366,0.1602301406492457,0.5139635381452585,0.5028862252056352
8.431562499999998,5.012812500000001,0.3468932323437499,4.805473512942689,3.617882438643322,3.0822310421178893,-0.0227262931970225,0.22685989065662246,0.5817454616676938
8.596250000000001,5.1978124999999995,0.22963054209375003,4.443669127252838,3.5678742221165463,2.9004864166488282,0.03616874950235187,0.6032247598401901,0.6489562995611087
8.89875,5.06453125,0.09704497731249995,4.253550906301698,3.0909509710238754,2.920533984414373,0.4709370108152306,0.49874117098935317,-0.04020219427074149
8.1803125,5.0496875,-0.12194467390624997,4.366770463093263,3.1469479106498968,2.914518142773327,0.1293554228959992,0.8061401327647323,0.7923904725411047
8.6246875,5.182343749999999,0.10640895384375003,4.177913268288818,3.34720113592475,2.986338802268473,0.3571861441095268,0.6171301434142018,-0.14504252420691058
9.02734375,5.026249999999999,0.24176116453124996,4.561033408870839,3.5694438905101173,2.3175425578785944,0.09204822396766926,0.2112392578768118,0.3137238360297896
8.57859375,5.082968749999999,0.12832920531249997,4.2128604694388985,3.200313304822426,2.4538486786290123,0.13450350404400196,0.8072092099319955,1.189153440676174
8.614374999999999,5.18125,0.09300145531250001,4.224930056743544,3.2655323551451763,2.3880811333893988,0.10520513267295525,0.2833548895330386,0.5431455592885959
8.546875,5.27890625,-0.11279350109374996,4.50573657789434,3.280638332125463,2.633790682391282,0.05701771891474671,0.27826512814712173,0.4918607165967207
7.82,5.359999999999999,-0.5707776992187501,5.121822795646097,4.135729983932704,2.9036275978186192,0.1994131601343343,1.0814410960918437,0.32941312395628464
8.4234375,5.443125,-0.4179744113749999,5.175442378057527,3.5480597140373784,3.1483586429982817,0.20156700079454673,0.39561454024910364,-0.4941122802295666
8.4525,5.3696874999999995,0.29730667999999993,4.3754814020859465,3.510978749201389,3.508268005423847,0.07653437968024128,1.2561879999058505,0.7661194131973369
8.62890625,5.14859375,0.09598088156249995,4.824074754936011,3.37130578707434,2.1456957849259837,-0.382511107020396,-0.1447067658712998,0.6611659655610475
9.1284375,5.149687500000001,0.20600774718749998,5.0524505869522125,4.660594439268852,3.1037348723038813,0.039845816823728716,0.9461834533157216,0.23457407965114097
8.727812499999999,5.17640625,-0.07299654693749996,5.191901587072288,4.819265493564443,2.9690584639470092,0.007888723711646749,0.8704745892501855,-0.1875499166953539
8.00359375,4.8675,-0.26155324234375,4.889115259682567,4.350699297239468,3.0797521168988,0.15494734266135896,0.5620257409687183,-0.03072699949708328
8.424218750000001,5.4734375,-0.07852982781249995,5.1991723514082935,4.40550125508934,3.7469123058376432,-0.10572531920056827,0.7890013428292396,0.3264317383518164
8.584375000000001,4.753125,-0.0017025379999999202,5.114843862169695,4.590931235531087,2.8578433598297077,0.25210021318557363,0.7132281525962292,0.055675171992490585
8.78203125,4.63578125,-0.08789382562499992,4.758548616597653,4.408623582213437,3.0389994710910595,0.23516608838802835,0.1915487439708864,1.5327693514451362
8.69703125,4.82890625,-0.07086837334374996,4.466691546774126,3.778921438877889,2.5032995965981875,0.19839259679160634,0.10708687850543333,-0.37500661099794486
9.12734375,4.80515625,0.06767610884375001,4.427119281410422,4.103125330231327,3.2750573339203344,0.21384365083046508,0.030963746904871622,0.742687331533563
8.740625,4.978125,0.072145289375,4.5483100828082295,4.361256941453346,3.247691433265299,0.15868238715847421,0.43771140630619965,0.4292183843997673
8.79296875,5.1646875,-0.2732582245312501,4.538780012186472,4.14961254544852,2.857515078213755,0.10876710347139389,0.20527550572710188,0.07228670804188483
8.6365625,4.8253125,-0.13237275984375,4.916251499729621,4.252901204159785,2.7988762787740638,0.0641788814539182,-0.011157176963249558,-0.2466403171715137
9.039375,5.08953125,-0.19898478393749996,4.308098795800184,3.713949813577647,2.428590519720039,0.12184401158073259,-0.23096237436668868,0.49569492633297135
8.37984375,4.75234375,-0.15450583124999998,4.143561455811406,3.590907241817301,3.0949507391264883,0.3449392844689582,-0.062051414072777845,0.32647210579178926
8.67625,5.0203125,-0.21771277296875002,4.497428258182669,3.926097366004026,3.0933115277210144,0.16775330053221674,-0.026018577701733103,1.0221940349154117
8.469999999999999,5.0065625,-0.11917804459374998,4.417224453771849,3.5367981718771784,2.9351454454172567,0.09684367922610142,0.2004962694222118,-0.50521254376978
9.154375000000002,4.87984375,-0.05065066900000001,4.239822326392345,3.778594105363255,2.8216117711796014,0.11080895531829411,-0.0010455258888593245,0.16290895448477252
8.27828125,4.91625,-0.20622058421874995,4.378086252393669,3.699424152824329,3.1755268629366045,0.44020041892009043,-0.31868816343629297,0.08030805065455165
8.8675,4.85171875,0.42414611687500003,4.345711247885667,4.093122110125526,3.237642207314243,-0.0670068522198781,0.2370383188045615,0.9462259638252659
8.791250000000002,5.084687499999999,-0.17323379559375,4.131034411923967,3.6527883051641177,2.6656399438589258,0.18653472290838907,0.31010697384762426,0.5639420679929431
8.13703125,5.0523437499999995,0.07469907315625002,4.367406867813375,3.322209704298622,3.3373638915994266,0.14485789939195323,0.36176476782009137,0.8195421029707544
8.15234375,5.346562500000001,-0.34157278599999996,4.716972261879005,3.8954525646699576,3.164088304036143,0.3061775621862557,0.10643345389480903,1.0140749997726723
8.495312499999999,5.151718750000001,0.018940799437500044,4.488759909746093,3.6059280855832996,2.6278664689115985,0.05494527818074584,0.5371277796293362,0.9914773736483635
8.782656249999999,5.30453125,-0.17365944478125006,4.178072313500084,3.610774644072022,3.0914833279252134,0.2710306732633967,0.10619352032804892,-0.29905799579473535
8.24078125,4.97921875,-0.13535218953124994,4.377732469800826,3.7157638450456507,2.731441016231084,0.4355453094971145,-0.21300053667636815,0.5796434248709058
8.42125,5.4675,-0.21792555893750004,4.847549799898914,3.600226555371203,3.3707978923214146,0.3087807341052141,0.29632396461102245,0.3568593717151756
8.305781249999999,5.2834375,-0.05597112681250001,4.444142143276746,2.99979177337257,2.9164824206369993,0.10965122231118873,0.4775003229717866,-0.2778886439507468
8.99796875,5.37859375,0.29794509275000003,4.581124718507829,4.471199806535259,3.3946893542200516,0.19173353447735572,0.48715101574890174,0.5149389107026773
8.58921875,4.92,-0.36370584406249995,5.073827544580959,4.390061574169547,2.93503252604851,0.35063287118047815,0.29611189952652606,0.06967089290256383
8.616249999999999,5.2046874999999995,-0.2200537434375,4.358019726607488,3.9436737190522937,3.1095437961160384,0.27109800407095436,-0.2400633835546186,-0.08688289825636504
8.341875,5.08578125,-0.23324848456250002,4.263321355982328,3.5615269744378515,2.8940930450583062,0.2825783104054861,1.0580420067673866,0.1617671782229943
8.408125,5.196875,0.04554304625,4.3678129807004105,3.6603546937933493,3.0983046222279844,-0.20314060495497288,-0.08720181147717765,1.5552316397649875
8.21875,5.2046875,0.12279598400000004,3.8963442401179083,3.73392720903123,3.4132337246308944,0.08066932906130056,0.8553183030361307,1.1713518491283885
8.6078125,5.299531249999999,-0.040435424656250024,4.850590321274695,4.1400254489282355,3.341577141397773,0.13692315638962327,0.5752360244773337,0.6709224743833591
8.24234375,5.39390625,-0.29305027687499996,4.774731910729223,3.8618942151114055,2.9926520173225915,-0.030132870648679866,0.4511164139818607,0.467808858577784
8.3975,5.27125,0.21771274437500002,4.193873135301066,3.6869001630773783,3.010324591281666,0.1245327848886659,1.2797919005615592,0.08181104932982682
8.56015625,5.61640625,-0.12109340209375,4.282397653544792,3.9706278499074847,2.891687866620152,0.2814099177265067,0.7051163003701788,0.23653716674005185
8.6840625,5.126875,0.07086837459375,4.657829671219607,3.5935858114667303,3.1674293134591824,-0.019461575449536632,0.5275703420873572,0.9306849447366851
8.35140625,5.081406250000001,0.30709632953125,4.49760244018532,3.848059522013782,3.4966189692302536,0.057768071990210515,1.23248977955878,0.35495414692083654
8.8446875,5.5521875,-0.10406796881250002,4.996039671814441,3.910305881877241,2.7727846280739255,-0.00423795470996492,0.3103647119149402,0.7025933123074071
8.66453125,5.16953125,0.08746811796875006,4.780630492442753,3.9192654882992346,3.259929116086743,0.24106788011665067,0.59246335117218,0.24952937301320488
8.557968749999999,4.9375,0.175574802375,4.101307786733816,3.5730418588368087,3.231106457723136,0.026874113378826458,0.8287377818341729,0.8390020954602613
8.6671875,4.7615625,-0.6763353710625,4.410874512479781,3.3281865457924305,2.9568756564671532,0.0774026941769245,-0.1850566219188825,0.010885874742132587
8.506718750000001,4.910937499999999,-0.5575829943750001,4.739997051254192,3.4919397003805424,3.2105202168197553,0.2994014930060406,0.4024101648480006,1.476234521397111
8.71015625,5.05875,-0.05511986584374995,4.660252974687741,3.50709838221,3.6148934677027835,0.018284152768018893,0.5717434868086555,0.6346537936848438
8.51859375,5.277968749999999,-0.37413392078124996,4.6411982784579395,3.5891821751651776,3.112118096778328,0.025357252516805765,0.7698201998631028,0.8079156939361131
8.84296875,5.604687500000001,-0.23197155490625004,4.560742017372111,4.054287841575109,3.382195913567307,0.09179702547453379,1.0339595802664459,-0.24709443221394198
8.325625,5.3125,-0.21494610218750004,4.628745063121861,3.383412201461714,3.3301040625138825,0.2035337321092787,0.562314154029487,0.5618520971545102
8.69734375,5.26140625,-0.03149705390624993,4.832218124923164,4.309421316715382,3.303016693066293,0.15309300545469193,0.39344908907628295,0.2982518870237303
8.920625,4.85515625,-0.477563443,4.902208964780572,3.8299938773561943,3.2683032998680073,0.24033756482316762,0.8118684206346068,0.03462739363832925
9.02796875,5.29765625,-0.06107873243749996,4.131418937426153,3.9606315556153335,3.3699601728659805,0.32436710926685736,0.3256767523588632,0.6965235288750148
8.12546875,4.981562500000001,-0.352426518,4.673131956223089,3.8627419902957216,3.195142557991131,0.15748125612158512,0.8746012582334971,0.10229593677793002
8.61359375,5.2440625,-0.13599065640625002,4.619681187318118,4.025632605081312,2.8041086940001136,-0.007664303997596967,0.26947021147240857,0.35717498473360443
9.0640625,4.65203125,-0.1679133684062499,5.291204883681386,3.794363904071859,3.443237507991041,-0.07128186355767789,0.6610849170102437,0.11241700908227169
8.4875,5.5175,-0.24005862112499993,4.178689612187055,3.846899725753194,3.0367271465126002,0.1939606737293388,1.1446429812305379,0.00358404183185466
8.378125,5.26359375,-0.23239717924999992,4.826976562443099,3.269239861567355,3.0615100878263863,-0.010405618611657142,1.068647051234768,0.5476265247814599
8.236562500000002,5.34171875,0.004469165312500023,4.689694892377728,3.794801359544191,3.2131330727216647,0.032878951222912914,0.6359161036119204,1.1480782137181011
8.66109375,5.29234375,-0.030432955218750002,4.858389688591369,3.6171301392590145,3.739241035304437,0.24928668494761821,0.6037515088045133,0.19760808605497718
8.462031249999999,5.2634375,-0.11726267043750001,4.681612028620424,3.3203045882258677,3.337495508412075,0.19625260450875132,1.0944445657613595,-0.28781482038036754
8.73125,5.34140625,0.14705719115625007,3.9276768340203345,3.477495896469317,3.011998303724087,0.06655374022124713,0.671878477453719,0.18868892952334462
8.4315625,5.01796875,-0.19494124109375005,4.450005343659011,3.4535363124663156,3.2345493083648615,0.09591284028498741,0.4242452919904964,0.44850081851751455
8.490781250000001,5.1678125,-0.05575831765624989,4.506319279872259,3.0131376237808576,3.248466092444583,0.325599969787762,0.1874147180041074,-0.014340648100252255
8.68953125,5.10765625,-0.032773975281250006,4.335468699318845,2.9765262588016816,3.9063350406263666,0.40455880373965886,0.6057323658006194,-0.25551060643432866
8.720312499999999,5.08359375,-0.12449848412499996,4.111163144700505,3.662645631570291,2.5671565704417736,0.22021232516740982,0.5991962254656116,0.46248247343199617
8.475,5.05484375,-0.25559434703124995,4.244606872255663,3.0041455691404066,2.9045309023148644,0.43378180158824947,0.6618305215762941,-0.3092140569109334
8.62109375,4.89328125,-0.026176611000000016,4.2801070069813605,3.369084192462165,3.0298771769918433,0.13793895407201232,0.14261074148329272,0.813077247561777
8.758281250000001,4.9953125,-0.00617171203125004,4.484253196843198,3.4267764411095962,2.9175216183598334,0.020215840728878335,0.2624670416930352,0.6058321593110582
8.513281250000002,5.50640625,0.43202039187499996,2.999623442350462,3.358930897244082,2.6033291818182476,-0.5817543374544936,1.1372320003114236,1.7918589554274755
8.38578125,5.27015625,-0.13194713859374999,4.430502159986883,3.1257186634574037,2.489879845552542,0.39886094328836275,0.7387167734487123,1.1939286599262036
8.59796875,5.38859375,-0.15301608962500005,4.640932415638417,3.6170805161014785,3.143587566850587,0.298773459704541,0.6526033509057504,0.8577621645534942
8.53953125,5.080625,0.1168370553125,4.160099694451257,3.210023790312931,2.9223927105570815,0.3038215632130541,0.8461821673517332,0.5418976173073234
9.05890625,5.095625,0.23942017796874998,4.089223305373642,3.867642965602564,3.0874553243871525,0.4586615777198783,0.6087962075975978,0.7775229792357303
8.14109375,5.130625,-0.4937376078125001,4.087095208239091,3.964415497191862,2.0686232470838273,0.8178065717535186,0.6647025091139659,0.0778050881781483
8.83546875,5.154375,-0.34774452875000006,4.929066192523026,4.0519894322881695,3.7856993947904556,0.5361404967758767,0.4939976656104448,-0.30554561003379394
8.646875,4.97109375,-0.3545547145312499,4.670851392880638,3.5337241850788152,3.3710205480694717,0.19093323291231734,0.8920198123913053,0.49290444237012837
8.618593749999999,5.3021875000000005,0.13045741546874998,3.614671435270561,3.7086227517562027,3.108337808941563,-0.13376596598332804,0.1691743017364832,0.9778027002005976
8.63375,4.87453125,-0.48245825093749994,3.822476904769995,3.439054616500505,2.4457365026528213,0.6846553728378095,0.1079754474214973,0.5170518076912334
8.78875,5.4378125,0.08768096937500006,4.3232313941657114,4.165522727082851,3.028214541833292,0.3293106097081954,0.4093945184593912,0.40824646186134234
8.5653125,4.938124999999999,-0.36966473296875,5.173902048004364,4.066130253001617,3.3900765279629512,0.08607908869200585,0.58447414697703,0.9622551136936079
8.99609375,4.9084375,0.03639189271875004,4.462337748166418,3.712577953200949,3.2215866227367957,0.27224496759760347,-0.12275497550367122,0.763662588867657
8.665,4.6696875,0.10300385403124997,4.843649515086739,3.948961876537142,3.1953378885300636,0.19680013449723255,-0.21014128081850716,0.3473646495714456
8.62,4.97421875,-0.02660223959374995,4.340967634065014,3.8339282256777367,2.8990705335894296,0.46135501914937577,0.20479267391778783,0.4023747446809651
8.62859375,4.97796875,-0.08470153484375001,4.869020970375969,3.8258480186127937,2.8022960065572233,0.13453554411388732,-0.08206426204695837,0.4311340465219909
8.799687500000001,4.8881250000000005,-0.35795976925000006,4.190858343149259,3.41768236300201,2.97559349560366,0.2133508917096069,0.4726387990806003,0.9441271922043059
8.44890625,4.78359375,-0.07533752593749994,4.271038046097335,3.2568405736942263,2.3264319897015135,0.22657863686159013,0.75949265792968,0.5253113824775875
8.647343750000001,5.00609375,-0.161741638125,4.365837993081733,3.6959989419250294,2.72172167905275,0.3692854328612136,-0.10943243650964046,0.628757556807797
8.4621875,4.63640625,0.01979204437500004,3.984644145321355,2.928472493888399,2.573261306706197,0.07224105291131439,0.3251138063916857,0.6271536815101015
8.897031250000001,4.787968750000001,-0.2558071530312501,4.062063314871327,3.1908850553605714,2.73219074692482,0.14286790917854716,0.38046086191586753,-0.10060562774623082
8.64125,4.9296875,0.05660957093749994,4.036383553070744,3.590821619399069,2.9350439059611544,0.48396411086396474,-0.20725486599148088,0.877997888861917
8.92640625,4.90296875,0.23835608415624998,4.522330831270633,3.7343605877075445,3.003802024932985,0.1829333414693125,0.1664823760780268,0.6495240609504361
8.876406249999999,4.9371875,-0.044691784999999984,3.9620123387567765,3.2767478488348396,2.493110263848103,0.19345438493637426,-0.025109316779510026,0.7898658798872497
8.502656250000001,4.67875,0.02298432334374996,4.192861210657459,3.779160166293564,2.69224278817973,0.45410405237412693,0.4396906276619201,1.2439384952345058
8.76375,4.8496875,0.12726510534375005,4.405129290100349,3.4667933529911683,2.628763721604876,0.24469292332689765,-0.27117926452093793,0.5433754633339286
8.8221875,4.702500000000001,0.057248024750000015,4.31795939534449,3.595423306093456,2.357526865497163,0.41250126292829004,0.5761571429163029,0.7574053976016533
9.08359375,4.96328125,0.03937130250000001,3.8753815808847696,3.5493247838002144,2.2874064154171934,0.4409696047154953,0.1613263659583083,0.08829357043732998
8.6271875,4.821249999999999,0.11470885778124995,4.594290093675382,3.643920236160501,2.9055606694251424,0.5131036051969589,0.06279560532028626,0.7685562202253025
8.85125,4.8825,0.7091093530000001,4.325772871695878,4.092040291834869,3.282579683191078,0.017682573616427277,0.03708910948903377,0.47268121013379416
8.714375,5.01609375,0.11534731334375001,3.7013459861751645,3.037436016397866,2.4010137185027727,0.4390856221678186,0.39816712411315053,1.3300788368219068
8.7059375,4.80484375,0.180682431875,4.260331456717159,3.462192221062536,2.638717416359782,0.2724468927909293,-0.15450308293433215,0.9851734846530551
8.771406250000002,5.1940625,-0.12279594834375004,4.508753939278671,3.764439997674787,2.8977464399085715,0.34194710280103147,-0.022028832447081696,0.98150970066971
9.02734375,4.795937500000001,0.14386493690625002,4.654645274544124,3.5027728831732365,2.778462163757725,0.0226384130107191,0.21611661783222738,1.230418459279115
8.7828125,5.2415625,0.007022982500000011,4.035274335760055,3.536659449055528,2.0115289698068413,0.4371488062907651,0.4516481783520417,0.5298853666532908
8.932500000000001,4.7390625,0.34242406009375,4.08353018232999,3.494125301286969,2.4615927431056366,0.3796133781143404,0.4312052015627225,1.4241033579056015
8.01046875,5.24609375,-0.21366920093750003,4.133879620619526,3.3301349527775805,2.2663710761986757,0.2521883569512588,0.3877760562841987,0.007764871981415084
8.6253125,4.762968750000001,0.16344416562499997,4.472975788258164,3.5348248187178153,3.1198996291164858,0.29981442732078,0.3381669433493137,1.284909780903369
8.99765625,4.868437500000001,-0.06831456124999993,4.394714062864152,3.410171925078522,3.1087217773415383,0.24446445205187348,0.8088830575905027,0.7211641431917349
8.655624999999999,5.19578125,0.24005863084375004,4.350130341078874,4.18181621901877,2.8232427049868942,0.2904008668090691,0.61053065292343,0.7259690385318832
9.39375,5.19171875,0.18430034125000003,4.478401814542773,4.497537365981348,2.9735719441145956,0.07789443380856845,0.3136638716639999,0.35432231711534334
8.7990625,4.7778125000000005,0.2615532396875,4.539140791063189,3.7075014618801907,3.1834113696015556,0.2897559762100325,0.7259079596023219,0.5260366480844706
8.704218749999999,4.931875,0.11939087421875003,4.33689542064925,4.009028433969382,2.614767285357011,0.3798419305305263,0.614660876601248,0.8301773051910967
8.74984375,4.7846875,0.4052053410937499,4.711451638092652,3.766565896455782,3.5175512321306885,0.24070467217578537,0.09951698209361,0.26195303209051346
8.668593750000001,4.71390625,0.11045251203125006,4.481218398489515,3.4703055598478554,2.478876562303496,0.26360129146809197,0.601159247050204,0.12298659431681744
9.0425,5.0434375,0.517785990125,4.124160520639322,4.101707045072057,3.114979450574167,0.42074890554484723,0.9655635188694202,1.1128199958763396
8.79640625,4.951874999999999,0.7074067714374999,4.383648725372613,3.6462394476192865,2.823260482562728,0.3233379284076337,0.34871127136176994,0.4480624659114838
8.631718750000001,5.0209375,0.27347105521875,4.449579879988496,3.845517568688739,3.2261166581127148,0.2588902195621476,0.3090168191009851,0.921846147123947
8.776093750000001,4.905312500000001,0.511614328125,4.456513707901159,3.895834702261346,2.864329787774236,0.37446687478770824,0.3082646909192501,0.6463644786180387
8.72578125,4.906874999999999,0.20877439021875002,4.158758004458595,3.6378332643724893,2.546048927409098,0.15454047957815564,0.5345403050972355,1.9618264993477021
9.118593749999999,5.055,0.17131844478125008,4.055204166865207,3.9424084485248354,2.7761366963523124,0.45531059054247297,0.24826652787832063,0.4111765129453432
8.57328125,4.76515625,0.16706206718750002,4.225244096013677,3.555304132642654,2.757380679941359,0.4040368422937149,0.20924969264468915,0.6744304288571717
8.775625,4.95484375,0.23175872415624998,4.384772968395855,4.001536811099697,2.8629911971874304,0.3967871241170686,0.4292017543069935,1.32004813860044
8.9090625,4.6156250000000005,0.7071939849062501,4.494603611120089,3.8954103101438493,3.200706809596921,0.23169699650150682,-0.058016690104384205,0.5099045147165676
8.7428125,4.93546875,0.16386979521875,4.119285234096293,3.6585289605623514,3.329997384956679,0.42604983520002954,0.695451785056019,0.8643819567412032
8.950625,5.19953125,0.3262498934062499,4.593056537794304,3.907157066560473,2.137070410492085,0.10797345321201111,0.20344452794315224,0.6151388642023502
8.594999999999999,4.91796875,0.7131529079374999,4.21772709821297,3.9257312932144806,2.9232659942809107,0.21864112300144853,0.5685292777544907,1.4521576476844957
8.62296875,4.89609375,-0.016599812343749992,4.566642530242918,3.7231327606883613,2.923826321553089,0.3361154563567863,0.5786419195834009,0.538758005703546
8.880468749999999,4.9825,0.26900187228124994,4.48052676509955,3.840931283556112,2.9247209665902894,0.256397860641083,0.635146220951644,0.5476336781904907
8.70234375,4.773125,0.34242405712499996,4.303190583083201,3.545356062425183,3.0460723464855506,0.268841025145565,0.7302642525336277,0.5424332033780698
8.8790625,5.141406249999999,0.22090502415625,4.103756175273301,3.475572734810903,3.289401674586269,0.327546234967393,0.6949358728121585,1.1099949619661147
8.76203125,4.4721874999999995,0.5712033386875,4.21605791131045,3.5296894643642163,2.533897098076753,0.2666202415038724,0.22287909374373716,0.9042313200492014
8.509687499999998,5.295,0.4281896546874999,4.21927976997778,4.002767792415643,2.646188397083764,0.2771668163017149,0.3210092867827118,0.5796055836391477
8.781875,4.96046875,0.4479817638125,4.364968454568142,3.308939326698729,3.2308956337644323,0.40726115393938284,0.20033872735785335,0.7393708881302352
8.9240625,4.783125,0.5901441438125,4.470162440683084,3.847533249937549,2.870936677550952,0.22044179005426093,0.43830116165899147,1.1783235022650962
8.650625,5.20671875,0.39967206756250007,4.045193473046129,3.596832397526807,2.697214932372946,0.28698165871322523,0.23797430693851046,1.1563124893914964
8.9496875,5.36125,0.17323380734375002,4.177893072751354,4.104771042640503,2.8307072418994585,0.43542520945766433,0.5011438278075223,0.7210619200645424
8.68703125,4.99125,0.4186128981249999,4.703964644214861,3.8797275597005516,3.24013594833961,0.40129252010064526,0.11109520941321459,0.45824093554193746
8.71421875,5.349375,0.06384537646874999,4.174338946425941,3.869145123199051,2.33022526589288,0.5464628773307545,0.16896934064912,0.37950708568194647
8.898125,5.21765625,0.2526148800625,4.38681364823889,3.9863469109368714,2.7648843866374224,0.3726432807661581,0.23744064044338234,0.4850993884245972
8.75765625,4.967031250000001,0.6012106518437499,4.336276391598664,3.667590182807157,3.2527794211277192,0.3621799187665252,0.35371371401540486,0.957057161695361
8.49984375,4.911875,-0.09278863503124998,4.404679859318489,3.120641898612367,2.7889905154651013,0.5012806374198794,-0.061189869002514184,0.9170092305315387
8.88375,4.894375,-0.0010641246874999871,4.710557789423668,3.8254909305048677,3.3262752945227643,0.17439995593711227,0.7458373096587337,-0.35042783449950027
8.454375,5.304843750000001,0.08661690568749997,4.034625863617964,3.3378890186143004,2.893402805397821,0.5552038263394656,0.5344612554309446,0.6416073189562599
8.751875,5.09765625,0.23878170646875002,4.222918079879718,3.4464024459334315,2.867286407729199,0.4802486207820295,0.5327988496381582,0.8187430378148363
8.701875,5.279999999999999,0.344339400875,4.106828869014997,3.6163763804394033,2.3491428676331747,0.14991135971130587,0.46577973183482924,1.3524879797612814
6.2675,8.0240625,0.49841960234375,5.298856598361574,3.9374367926474387,3.2338518759514003,0.30310482802486005,0.3894159483258541,-0.10034684754406299
4.5428125,9.295468750000001,-0.14982383771874996,2.9541313596121195,4.205083578868967,2.558773896989518,-0.23402799032528307,-0.6097614015250904,1.3099863874684818
2.77984375,9.3409375,-1.0319541584375,3.627829711147691,5.706833272147851,3.392915611476735,0.5155318373387637,-0.1205025455249662,0.047475900887733076
2.4465625,9.89453125,-0.7046401730625,2.488965158171916,3.9092877906689654,1.8619509963544583,0.05633691475627125,0.1547828384758486,-0.389816092779963
2.8328125,10.3284375,-0.9276733545312501,2.3921593727934916,4.081745650894204,2.8029855224731466,0.24421796058090345,0.26622827036989144,0.15921509783290966
2.58734375,10.0853125,-1.132829862,2.8567159041171624,4.102129770295395,2.619988804697696,-0.15718248922908926,0.1520874993162435,-0.05081838317938382
2.79609375,9.62390625,-0.902560845625,2.4826268957922246,3.952624372326687,1.658436793153902,1.0323829142614867,0.5822630577128527,0.8197099596916673
2.21328125,9.6984375,-1.35628868796875,2.5297054267045476,3.987807283908508,2.7009925578986373,0.04715251317211027,0.3664351256733917,-1.1987886410571413
2.65578125,9.8975,-1.22200061125,2.375040660630558,3.8065252363540165,3.1156232606931846,0.9636393520537846,0.297737031821425,0.7329864992400513
2.648125,10.16734375,-1.19305732846875,2.9830819188173496,3.5223342057272102,3.0040121258145476,-0.05191656625956425,0.07819092158063805,-0.7781232353756479
2.57921875,9.870000000000001,-0.900858304375,2.7427884446578155,4.079659529298983,2.6877374034421555,0.4461998018907606,0.39946025399675283,0.3892346118259867
2.43546875,9.96484375,-1.29308175453125,2.6400727556780392,3.77107535731997,2.7011471624274472,-0.561813351310586,0.07019045737765073,-0.6658138694706605
2.91390625,9.826093750000002,-1.0964379634374999,3.1217175847137324,4.142146792873345,2.7644902108470726,0.6071269876194594,0.5201674862053348,-0.5338143784533348
3.501875,9.419531249999999,-1.0704742075,2.7324330246823987,2.8143474097512264,1.4271005532201515,0.8579006530470353,0.08704889883062641,-0.6010358550719488
3.0003124999999997,9.49640625,-1.00109556421875,2.763020860823123,3.5367416886819623,2.7969146394249056,1.430652569895233,0.08949614942326263,-0.493132148927508
2.84453125,9.958593749999999,-0.9578935318749999,2.340686284035825,3.3710198137894323,2.525044791505883,1.1007174764501662,0.46613176977078224,0.6440749908302119
3.2310937500000003,9.657187500000001,-0.79359808234375,2.9155397855647482,3.9378152527567556,2.1726646311148645,0.9817759070820866,0.6085057119159661,-0.42963509559691077
2.8815625,9.96390625,-1.076433088375,2.958971642918152,3.558132681437124,2.7115707101850006,0.08721938700034058,0.25759812462396037,-0.40490946909295833
2.54578125,10.068593750000002,-0.6327077115624999,3.145090322971414,4.034519746507748,3.6026455098511794,0.7720775866131094,0.2506791976984753,0.5702740170261095
2.390625,9.84796875,-0.98683674884375,2.884809826379375,4.075294153373893,2.5308672748709515,0.24080539244820698,0.1865893449984462,0.4365513872896766
2.5571875,10.0003125,-1.3396888981874997,3.040788584371454,3.2659301741377984,2.9840797583364167,0.4181058859624932,0.4211485087456649,-0.502962801084732
2.7551562499999998,9.610624999999999,-0.6712277562187501,2.9333497235389334,3.8659341024356584,1.9851342133249996,1.0729391457456077,0.6567668166959647,0.7447689268095544
1.25328125,9.5046875,-1.01492874078125,4.100714135476702,4.149834698797502,4.235433401719411,0.2701027776585077,0.4364774425053568,0.8055575366008795
4.565312500000001,9.62921875,0.4975683378124999,4.856983686131111,3.84549545925469,3.5932057379979447,0.48342605387741694,0.34213140222651267,0.7358279295267307
4.479843750000001,9.646093749999999,0.542685709375,4.627506581636156,3.259086153158725,3.763501657781947,0.5284428218297016,0.6547445298444287,0.7085107040733343
4.9884375,9.783749999999998,0.2909221012500001,4.695894556268672,4.177094721513986,4.486072784895259,0.3063466178981695,0.13329366613442237,1.179976014667424
4.11421875,9.7803125,0.49246065609375,4.902095790541882,4.2208211466897945,2.8717827197846257,0.8518509867989138,0.28196909052480096,0.8522959212063935
4.9243749999999995,9.10578125,0.7955134352812501,4.226810956190849,4.258835596691711,3.9097365716453543,0.5085973492802822,0.5168334705836714,1.020208444029694
4.5765625,9.5825,0.5958902070625001,4.2489470088003864,3.1660311314009535,4.187197232493397,1.2063172147183274,0.6923831460957168,1.4503263765536805
4.75609375,9.610468749999999,0.6516485283437499,4.095702250983455,4.351230224634573,4.239524087060515,0.46634547305458995,0.18640994302326405,0.6518389814553478
4.4725,8.5309375,0.7167707951562502,4.413012009954199,5.402032232974341,3.921962138317545,0.3673003367380982,0.011484450056599219,0.9774036613344526
4.9025,9.243281249999999,0.20387959362499997,4.167157304446282,3.632973151689734,4.081125584288722,0.7116153043914456,1.0735514323108153,1.3617313891789447
5.5221875,9.532343749999999,0.31603458615624996,4.388271822693274,5.035987906492225,4.553582965274485,0.30472421940383776,0.02982107877862565,0.43040613862737814
4.912812499999999,9.350312500000001,0.9512961809374999,4.7304285841606095,5.114265578002745,4.639348927312857,0.38776938255601695,0.03406468164717156,0.7174607276571681
5.06015625,9.13203125,0.60589265921875,4.560988959434777,4.675353322105554,4.347334601198441,0.44772488443215136,0.07784551615765165,0.7799191979293695
4.76703125,9.224375,0.060440303625000025,4.295884542096474,4.011746765359823,3.7455607006223914,0.47685829861786494,0.2757394355618149,1.8151276262193643
4.723125,9.0628125,0.27645049059375004,3.9041291742685718,4.464626058231949,3.440272705307266,-0.035715217264492206,0.35134311827755643,0.9457725384729292
3.2159375,10.014375,0.8795764890625001,5.285285505163723,5.12926190931746,5.131691755603631,0.279819161245712,-0.009119311443897878,0.3481769126458806
5.624062499999999,8.70625,0.45266376328124996,4.158277407303864,3.0290270199356097,3.831430785745724,0.43891384203868156,0.6201473347860003,0.5837200940811514
5.56078125,8.28421875,0.7144297848750001,4.4357754764131645,3.950633574459727,3.7186923814145754,-0.03113914737639128,0.6987009139028395,1.0311293798539007
5.28859375,8.790000000000001,0.5511984448437499,4.559089775926872,4.186311771715049,4.305252696358726,0.3874542183450849,0.14526633073602907,0.58052962403851
5.8421875000000005,8.909062500000001,0.10960123249999987,4.812026752299259,4.101866084002956,4.544677844433477,0.5904221386529896,0.8415827762072559,0.9308037343806848
5.724375,8.5946875,0.7367756588437502,4.710890930532674,3.986391291298905,4.45203670469955,0.2704482923671669,0.22514446191181925,0.4148158679252882
5.92171875,8.603125,0.8395667312500001,4.77921592506537,3.818670365372612,4.195967632715609,0.3139410730471166,0.6987124652331118,0.5503930822746568
6.2435937500000005,8.79125,-0.011279344218749987,5.683819514416423,4.784414312379311,4.211280095699295,0.6425757880728062,0.4610440190209553,1.4115518531142557
6.8334375000000005,7.41671875,0.1583365471875,4.6690504316824155,4.054473245182219,4.044828719873733,-0.04541547410599884,0.08229165118155958,0.8058920678422162
7.63390625,7.37609375,0.5162963124375001,5.0068486275012285,4.119987339629934,4.365694418694146,0.1049412466324471,0.45436746796232413,0.4305974778451539
6.15875,3.90703125,5.7292444528125,3.286551907014402,2.9459138436185532,4.687765061616662,1.1359840584865228,2.425703046484915,-1.12771661119422
5.446406250000001,2.501875,8.23203125,0.03461246106444188,0.027999720980752478,0.0382908151315365,0.5752406099306961,-0.48306855495672374,-0.04212268964978046
5.4271875000000005,2.51421875,8.2446875,0.04313745291217367,0.03485706023802771,0.03288088112794421,0.6490202580037001,-0.39696006857366406,-0.3540990203894369
5.395156249999999,2.520625,8.26140625,0.04924404112110922,0.033254463986057484,0.04026735602119294,-0.188482956558124,-0.2484375229108421,-0.040915334040108
5.4753125,2.5190625,8.239999999999998,0.05229031787769118,0.030450715816709363,0.03508917211904561,-0.024759206414520913,-0.2960848380357536,0.05641898374688263
5.42390625,2.5229687500000004,8.272343750000001,0.04591490728442664,0.026615296794089954,0.0356082060196453,0.6537616061665271,-0.330215510528028,-0.009828147297339135
5.401250000000001,2.5345312499999997,8.304375,0.05032705534799346,0.024426528067605095,0.03534981435594832,-0.8266716161408977,0.047124709019367675,0.4474437134109358
5.456875,2.5359375,8.25828125,0.0316165996748545,0.026793116536715154,0.0373561694829316,0.10368401486349423,-0.7325645257577701,0.014337518959689497
5.4415625,2.5409375,8.235625,0.03322361500123077,0.022688016523045838,0.03445445363084451,0.5226212114458156,-0.5655485699144792,-0.16864904672060352
5.410781249999999,2.531875,8.2415625,0.02508141041563449,0.028332567391607805,0.032026295348510155,0.2917484552018777,-0.27302154982765486,-0.03327229677115593
5.39828125,2.525625,8.2259375,0.03434906692237068,0.02344374916688873,0.03681536491398675,-0.11308877545999366,-0.2825117382552241,0.1739408110008795
5.42859375,2.5345312499999997,8.24171875,0.028986375436358073,0.02351393785475965,0.02997679766815491,0.8712627446219334,-0.6081055095043585,-0.3815940327871794
5.42609375,2.5390625,8.236875000000001,0.045607605845269954,0.0306552783994861,0.034135529511053406,0.003434930777436532,-0.41263942772072953,-0.30283192735452225
5.444999999999999,2.5357812500000003,8.229062500000001,0.047990884551131124,0.02832868949382409,0.04118247313785318,0.5322415096149286,-0.290145142212288,0.18776582590056037
5.434375,2.5434374999999996,8.243281249999999,0.039325365541848414,0.024058441216130412,0.03614444491809911,1.1750580094367657,-0.595381980357235,0.11902230509500708
5.418749999999999,2.55125,8.247968750000002,0.041438961135626964,0.02986950786337136,0.03833159954185983,-0.0034583903162815244,0.35750953863477686,-0.5119732573188037
5.40953125,2.54515625,8.265,0.04158687020487961,0.027499556104371985,0.038487010795851644,-0.13628724129959197,0.49706613485232626,-0.10689123331652796
5.415156249999999,2.5571875,8.28078125,0.02675071187720983,0.02540107957843531,0.026059108742194238,0.6952521164241648,-0.06116865253733295,-0.1491250702179291
5.4775,2.5473437499999996,8.2390625,0.05202163011671189,0.0219546540837587,0.034311020004511715,-0.117201204130919,-0.27164635525095665,-0.07351415083142251
5.442499999999999,2.55671875,8.273125,0.031424512724941435,0.023852062771121157,0.02754967105066771,0.8504406664385783,0.19768094789689433,-0.048828662409897375
5.42390625,2.5575,8.264531250000001,0.030084110605725033,0.020463381929681217,0.03504147932718454,0.7416581467417783,0.5142057210220324,-0.4122468334075801
5.43734375,2.54671875,8.24453125,0.03641094390341322,0.02391748102199525,0.034772910051324483,0.353573934444813,0.16405106231339292,-0.1058812322289173
5.4403125,2.5675,8.255625,0.06574022622223005,0.047103609203541966,0.03596330595203952,-0.2840682633770212,0.056513118124002094,-0.48514792911682214
5.44734375,2.5592187500000003,8.2503125,0.03666751744988344,0.021455235921273477,0.03036078628346102,0.5317910785759183,0.48106904620112345,-0.42505165747562185
5.4459375,2.5668750000000005,8.25765625,0.03224509410359982,0.024929588343973998,0.03352900738073676,0.5831604790732551,0.1158196023772076,-0.4652243933417471
5.468125000000001,2.5982812500000003,8.24328125,0.03952352938440597,0.039352362043942206,0.033450275012883016,0.5721519868968536,0.6174901697275157,-0.5068791590086222
5.48734375,2.5771875,8.240781250000001,0.03993127641257528,0.02253252856982548,0.031290208507415,-0.11352408273450378,0.25348043336779197,0.12348199389402327
5.49796875,2.5748437500000003,8.224374999999998,0.03298577759334296,0.024936932167720673,0.028824631394000662,-0.7114161066296836,0.7591365317395646,-0.2604999567932395
5.47609375,2.5700000000000003,8.2378125,0.03366271989809347,0.02193741096848035,0.036377738298992726,-0.004629132892260164,0.7459237731903181,-0.11604387040562121
5.44328125,2.57578125,8.24828125,0.029050316666733793,0.023372305158830667,0.03257465883838995,0.4073006106959004,-0.22728698065041683,-0.4296717080477962
5.46671875,2.57171875,8.25,0.043769805784781575,0.026431201229560157,0.036912057650583634,-0.041326956595506274,-0.16574016308449863,-0.05965082963482726
5.451874999999999,2.5682812499999996,8.26625,0.03665186727848942,0.024657319368445212,0.03304826016600576,0.4728341875916392,0.43562883393442925,-0.12045071889660924
5.5125,2.5668749999999996,8.221250000000001,0.05440013786747218,0.025913015552034933,0.05029599884682678,-0.49571082209590217,0.3886845785497948,0.05756532946287987
5.49640625,2.5582812500000003,8.23359375,0.04417179485755007,0.02204786607446408,0.03497173803140909,-0.1652931452839349,0.49821531430938176,-0.10369704706737012
5.48859375,2.5506249999999997,8.232968750000001,0.03916580091020082,0.031418296818892036,0.036084955638569186,-0.48599031387333347,-0.003259060917333334,-0.33682300592295633
5.470625,2.56640625,8.2490625,0.03648094536878123,0.026301567651710506,0.03503207235876865,-0.2239007156044119,0.38240312821436856,-0.23152146665603335
5.5220312499999995,2.57390625,8.240625000000001,0.04434170185544848,0.035027542176657295,0.033535196063240666,-0.3825149495458838,0.38865492431352006,-0.6657710520836271
5.543593749999999,2.57515625,8.223125,0.04570172273489795,0.03273912927885384,0.03521696146745204,0.3458546409832233,0.6550269157616568,0.10514126577712181
5.55421875,2.57453125,8.23234375,0.0755356846029576,0.04706809188226675,0.042416910966470794,-0.3412058964536582,0.06707676518427053,-0.1628628526523644
5.4487499999999995,2.54734375,8.29296875,0.06561011736005343,0.04116438795776635,0.042377753874379774,0.7345404470473098,0.04085780104050951,0.19867204049472642
5.44390625,2.55421875,8.281562500000001,0.040566965759562354,0.03786508482015461,0.034013726548997945,0.20477357192513274,0.0848588824123932,-0.3149982137109838
5.445937499999999,2.5359374999999997,8.289375,0.06115346346487651,0.03732118826819422,0.03344188055417944,0.453195959407,-0.19214878529166568,-0.1310916231093366
5.5128125,2.506875,8.254843750000001,0.07682099220753386,0.04461204293685723,0.0392902734266065,-0.7317027355827482,0.033804687556077025,0.018048764396952865
5.520468749999999,2.50109375,8.2434375,0.038625998672364235,0.027449794369675918,0.04150371783045476,-0.34143217239311874,-0.5358497639284053,-0.12096715058170449
5.525,2.5075000000000003,8.230625,0.04465142774872918,0.030413812651490953,0.04145309849697625,0.1189990979398028,-0.4082204583427221,-0.24441029402315348
5.528749999999999,2.50578125,8.23421875,0.027810744326608565,0.026089071436858232,0.03417805799687143,0.23372261898739183,-0.004290908540191527,-0.38040261106029766
5.176875,3.0832812499999998,7.5953125,1.1828948534738832,1.9872366607675185,2.151383253245165,-3.137373597921859,3.1413402927411376,-3.142785246024723
1.0818750000000001,9.90921875,0.19374999999999998,0.03880540394068847,0.020638608200106334,0.03655047879303362,-0.05361983353636877,0.3073494365443862,-0.308873482838265
1.05296875,9.914531250000001,0.17953124999999998,0.0607679934129596,0.02214509592296896,0.03360755530290027,-0.18295526959093344,1.1371832401934099,-0.1100462707260632
1.04828125,9.911718750000002,0.203125,0.08594247144711106,0.029130883928186937,0.074096115788886,0.1354981540353553,0.7057810491205638,-0.053008106143310176
0.99,9.9175,0.244375,0.1055787620688934,0.03102418411497719,0.07497655883674577,-0.2740312062645027,0.7362291625867905,0.2566329168740508
0.975625,9.919843750000002,0.27734375,0.08806735703426101,0.02666295343613506,0.05187852962389644,0.3058093156053382,0.16513385936699398,-0.2731867708548802
0.9957812500000001,9.92578125,0.30140625,0.04347429871127886,0.021491618097237482,0.03587596634151476,0.5401946574097677,1.479486415994927,-0.5409706583785546
1.00734375,9.92375,0.29781250000000004,0.04135374028957359,0.01996089927833932,0.0324744490907852,-0.2601870733954499,0.5142406531500076,-0.5978597420332453
1.006875,9.922812500000001,0.3025,0.04726504390138661,0.021970772488695167,0.030310889132455353,0.15838830332578363,0.9132986105320895,-0.508337554796694
0.9856250000000001,9.927187500000002,0.3046875,0.04011214747430013,0.02197077248869527,0.03391021002220423,0.14015239524583242,0.8192736907232371,-0.30914819601272386
0.9990625000000001,9.923124999999999,0.31921875,0.04318270595678324,0.02156929240842195,0.03478975637220675,0.48310186350184886,-0.07021480345862437,-0.3196546461190182
0.9923437500000001,9.93046875,0.3140625,0.03556429861444622,0.025275339234865076,0.032773786686161245,0.21362770235644724,0.6091483840733707,-0.15450801177842693
0.98125,9.92921875,0.3025,0.033703671906781925,0.01954999100862997,0.0343693177121688,0.8224647631159554,0.5862700281184986,0.08774899289913125
0.9871875000000001,9.92109375,0.318125,0.04255396390173308,0.01649973366262327,0.03176451439893265,0.5538163406800064,0.7017675908902241,0.23579259875686048
0.9740625,9.912343750000002,0.31328125,0.030296387470290922,0.020822327822256067,0.03455316046959381,0.5538891745220549,-0.38583448881683946,0.06763358226759528
0.9489062500000001,9.92171875,0.30062500000000003,0.03460117354855901,0.020657526435599816,0.04130205049389195,-0.6432771787778109,0.4712232220904762,-0.38249298177883745
1.0032812500000001,9.931875000000002,0.30546875,0.05214327280136435,0.028222054762189218,0.041076517299273314,-0.4604817602452352,0.9598396227187475,-0.36682301950846424
1.034375,9.9275,0.31359375,0.05399291041423866,0.022500000000000242,0.03528310446853423,0.17549053138707071,0.24691358024696955,0.7730176889707002
1.068125,9.915,0.33109375,0.04840825730182818,0.020766559657295163,0.03491584469746508,-0.23415455958998252,0.5757584278017299,-0.8556830422965173
1.04,9.92109375,0.34171875,0.041382363393117155,0.023124472122353523,0.03947129841337246,-0.09260265664185195,0.39754995233565116,0.3019880673080392
1.0409375,9.92375,0.3271875,0.03582591371828501,0.01634587103827773,0.033841023089587585,-0.05201785208409546,0.974010659590892,0.15555953858522728
1.07359375,9.933906250000001,0.3403125,0.03718060597862147,0.021111103972495493,0.03583681548003394,-0.6012546285054092,0.7754173253006269,-0.03770369940779437
1.03078125,9.934375000000001,0.31984375,0.053889490148242285,0.022351943427809932,0.03739536182386126,-1.4657262056109797,-0.01823308824645822,-0.35527607421100343
0.9921875,9.93703125,0.2978125,0.04374888391433548,0.024601809352921885,0.02986787310388873,-0.6569431327617316,-0.06540943017986758,0.5074552561102533
1.0034375,9.92984375,0.30875,0.052951001820078926,0.02401120750686044,0.03342435489280235,0.3446622859918884,0.43826962514890966,-0.28275935261458657
1.02734375,9.9290625,0.33140625,0.07192101108812017,0.02184596287074599,0.03458988234928677,-0.1539630479350585,0.26370179036114405,0.137343781872964
0.9909375,9.92140625,0.3596875,0.08247573033171639,0.02290381978922968,0.040657438971853595,-0.023741820293717172,-0.40680390832281565,0.4410718386405111
0.9584375,9.93296875,0.3528125,0.07969117638578316,0.02510476097152715,0.03938863851099705,0.1968957407845336,0.14821245180144313,0.014007802899995606
0.984375,9.93421875,0.36078125,0.07510149382668764,0.02542173574792865,0.0404777982162753,-0.19052754135810646,0.0368249515645716,-0.5415895269803418
0.9979687500000001,9.93265625,0.37499999999999994,0.08301317078293963,0.02900658263114611,0.05012484413940854,0.7503893669127948,0.7879180446445309,0.30223044064157045
0.9806250000000001,9.913125,0.35921875,0.07050875388914486,0.02615309494113465,0.03870177190307311,0.3247466515682725,0.4853521507900733,0.6721597205691984
0.9805555555555557,9.925740740740741,0.3666666666666667,0.059889301173596365,0.026147859614398146,0.04181086160494839,0.33502868717670536,0.4816016628820325,-0.7408260696431246
