1621396187210 0.15713014297374547 0
1621396192009 0.49890962912037573 1
1621396196933 0.35483468848762956 2
1621396201634 0.35089833887355476 3
1621396206164 0.42345116684614587 4
1621396210815 0.42700764318610024 5
1621396215698 0.4281929589516759 6
1621396220732 0.42735369786578536 7
1621396225314 0.4235460466166578 8
1621396229947 0.4235460466166578 9
1621396234424 0.4235460466166578 10
1621396239044 0.42389210048159814 11
1621396243575 0.41559327159921144 12
1621396248127 0.4235460466166578 13
1621396252646 0.42019889740686794 14
1621396257060 0.4148086996332137 15
1621396261561 0.4206609062871277 16
1621396266139 0.4285151354115666 17
1621396270728 0.42597604894697694 18
1621396275156 0.4314835259249705 19
1621396279711 0.4206609062871277 20
1621396284386 0.4235460466166578 21
1621396288865 0.4235460466166578 22
1621396293857 0.4235460466166578 23
1621396298212 0.42810997481489527 24
1621396302701 0.4206609062871277 25
1621396307163 0.4258223285854362 26
1621396311484 0.42019889740686794 27
1621396315907 0.4165870127597067 28
1621396320511 0.4148086996332137 29
1621396325042 0.4337359451575715 30
1621396329651 0.4206609062871277 31
1621396334611 0.4206609062871277 32
1621396339132 0.4206609062871277 33
1621396344066 0.4310075159025586 34
1621396348478 0.4312830804138613 35
1621396352927 0.4202686208068437 36
1621396357557 0.4202686208068437 37
1621396362388 0.4258223285854362 38
1621396367007 0.42293718825590615 39
1621396371548 0.4206609062871277 40
1621396376055 0.4206609062871277 41
1621396380363 0.4206609062871277 42
1621396384804 0.424196079884742 43
1621396389373 0.424196079884742 44
1621396393841 0.424196079884742 45
1621396398322 0.42708122021427203 46
1621396402814 0.4202686208068437 47
1621396407215 0.4202686208068437 48
1621396411516 0.4202686208068437 49
