0.9681250000000001,9.68390625,1.29393303265625,2.955548212155403,5.512729195118416,2.404920807589899,0.5412384592000613,0.08379905171491178,0.13013687888011963
0.88,9.497343749999999,1.44780041140625,3.093057750834924,4.950252910896164,2.502151263146755,-0.526021333021366,0.1480005799735996,0.3691264049257182
1.044375,9.485,1.1111224314375,3.379522837528251,5.569323343100129,2.669805087975389,-0.23586278442536102,-0.17273907376012543,-0.3888046862252778
0.9239062499999999,9.5465625,0.950870494,2.134914091646532,3.9487938105950464,2.5546411676251877,-0.04815250757487558,0.03476305512345148,1.5835383647913104
1.010625,9.84453125,1.3997035311562502,2.123633292114013,3.7160912468982024,2.7780926218078554,-0.058505674097683626,-0.1680139358273822,1.65473461973728
0.9876562500000001,9.7996875,1.124955585375,1.7916069447107914,3.8287024436933916,2.3265014448579193,-0.37852155908857277,-0.3460624691834901,2.0581546905371804
0.70578125,9.78140625,1.081327926,2.0965222726335244,4.001347767935316,2.4673087359197603,-0.3946079003812205,-0.15131588819243683,1.9521850581520388
0.7414062499999999,9.92015625,1.5046228053125001,2.112715127498485,3.8192282810910814,2.7949355215510647,-0.7959681253159255,-0.16764470042995608,1.7611945753578688
0.7803125,9.7803125,1.0843073879062501,1.9754200255499463,3.6934650773147633,2.6338822342787407,-0.47065300788573655,0.024826974396597257,1.9295106800301902
0.7303124999999999,10.0265625,1.2341312046875,2.173518869792427,3.7455028111848683,2.631128375966944,-0.06288549653064733,-0.14396200333946282,1.71217236587226
0.870625,9.5959375,1.4552490275625,1.9837526583157994,3.945000680746931,2.728356820926073,-0.4768644620154102,-0.3379440503290704,2.036025586647666
0.9034375,9.67984375,0.9972648135312501,1.8143371885054196,3.74016397208544,2.5805576812460203,-0.4292031866442963,-0.0998242855547068,1.6376747642464582
1.0793750000000002,9.984375,1.06728192578125,2.239983869222053,3.999494841148692,2.3514847621044956,-0.12053455730433549,-0.32465417558902365,1.92118153664717
0.8781249999999999,9.744843750000001,1.2545617296875,2.1861752238498635,4.265577698341215,2.691548525252547,-0.376920101696742,-0.18356543942004813,1.1205273808784824
0.9821875,9.77828125,0.9270349181250002,2.1325391766257775,4.3821703935833485,2.2086469561577333,-0.38757032144390563,-0.17782662649522477,1.2728204839634607
0.87953125,9.737812499999999,0.9451244226562499,2.1402886996322334,4.469899142021411,2.6676227248372877,-0.3732436610841802,-0.2106876357422741,2.006951186014937
1.09421875,9.838125,1.07813566078125,2.2678512715009416,4.1372929989759,2.9533709351421606,-0.1446726389945462,-0.1678895056222436,1.4715529105858793
1.294375,9.92359375,1.0266336984375,2.14666010569326,3.9157503939169738,2.6598268218628474,-0.24807073322680506,-0.30365951352652176,1.3952035818643151
1.195625,9.65546875,1.1432579540625,2.065709529284067,4.267184350397043,2.9783416771718016,-0.4618083678365764,-0.1852603585389852,1.267400640334114
1.304375,9.96640625,0.9804522273437499,2.215864585071705,4.155202073601347,2.8737435920224983,-0.0351446171213082,-0.2226380405159283,1.7797584043939454
1.40296875,9.748437499999998,1.2351952984375,2.2007439648953797,4.225011915201394,2.8149216067416907,-0.02351394767264477,-0.15017453048689824,1.6020880184866009
1.360625,9.68703125,1.0347207925,2.062819577513991,3.9718177827064824,3.22962663019066,-0.161945235795841,-0.12434889690219528,1.5929234372780101
1.88015625,9.8846875,1.04302068259375,2.3299627761159485,4.472034621102988,2.557786756242192,-0.11899928026728161,-0.23188716278165006,1.6272364512813016
1.6065625,9.658125000000002,1.2671179892187503,2.340994192345156,4.676691163031294,2.909710041555389,-0.1228592889893789,-0.17251662836588494,1.3005680082126307
1.9651562499999997,9.62328125,1.08281764,2.362496687952374,4.147240443463392,2.832995528045872,-0.2097077213550836,-0.14331863088740174,1.478854830378584
2.7079687499999996,9.318750000000001,1.34820159796875,2.503297937026961,4.475362240925309,3.122760370321681,0.1677701420620313,-0.1370296404705516,1.1480339332788827
2.26671875,9.458906250000002,1.3171301987500001,2.0111859488616255,4.092401540197508,3.1721996073685603,0.05076604595184008,-0.08195664973334961,1.1734562117373732
2.2471875,9.81296875,1.1994418590625,2.2066323809923007,4.021752836018574,3.0248451383739208,0.012588895709399636,-0.18266458522969872,1.1873480905981242
2.2434374999999998,9.29109375,1.48376662259375,2.1559352804742886,4.2970524480405095,3.0515752461303234,0.1969001017647191,-0.13440953256878108,1.1738554829479408
2.4212499999999997,9.603125,1.16028337396875,2.4193571589370593,3.947058190523038,3.053446011935813,0.12087747383843499,-0.2149302140415464,1.5898792870328766
2.11734375,9.4725,1.5080278995312502,2.1825774915993104,4.276524216580563,3.2499646281526857,-0.059774285924574316,-0.15920212138442646,1.2919146453890205
2.26671875,9.571718749999999,1.1441092125,2.244762692557598,4.134742115102034,2.8591012995287852,0.4931610110143674,-0.12458781932008686,1.3905505923476333
2.5109375000000003,9.63046875,1.1998674985,2.451642127451262,4.264799390683393,2.905142559469654,-0.10618944553077822,-0.2018297911400781,1.0164493178352478
2.29890625,9.39671875,1.5808116177500002,2.0559312953527744,4.085079579506186,3.05065945720694,0.3132630950968274,0.021094167652530967,1.3307463031781706
2.536875,9.125,1.4124726047812501,2.253958237052098,4.422459722823939,3.025600941939358,-0.19819829593278157,0.2193798929747908,1.4396932419579693
3.0146875,9.431875000000002,1.51930723125,2.253638702708078,4.072138134245326,2.8283566365015935,-0.1870024734746639,-0.20868143248977475,1.3787575118808755
3.16453125,8.9546875,1.784052729375,2.4752291116729856,4.535588085060607,3.087489673128488,0.04532790950367116,0.08595000760975281,0.9290061365740612
3.04703125,9.340625,1.42758269790625,2.585056623949162,4.1939692099936785,3.0416003276828105,-0.06919547697449874,0.04676164085114642,0.907047135225464
2.893125,9.55953125,1.443544054,2.377518976659282,4.441028677882348,2.9704105026769847,-0.07265888827022032,-0.17937815603045149,1.215388274683717
2.8695312499999996,9.345156249999999,1.69190257259375,2.300743378296119,4.759640543211844,3.418508467855829,0.3238290992666772,-0.07407953977272272,0.7571914058868077
3.0846875000000002,9.319531249999999,1.4124726358437503,2.4974292837523446,4.14182607285403,3.228441480139969,0.036882445891662355,-0.025194843998047896,0.6323598203117979
2.810625,9.2284375,1.5546349977499998,2.210782437141882,4.426623367036522,3.1239124217720886,0.08839495094322702,-0.0759486314916503,0.8073395827155261
2.8864062500000003,9.28546875,1.6606183169687498,2.1959944837045784,4.159887291775275,3.196714064597284,0.05009072868080512,-0.03405024131479181,1.2867237022352076
3.23828125,9.238750000000001,1.1653909918750003,2.3627529988127063,4.132151565770549,2.8663803121222187,-0.1648216650035532,-0.11676882869825542,1.023419036398308
2.9007812499999996,9.15984375,1.4346056747500002,2.374845590169693,4.35145072511294,3.208521643450096,0.12204884866949385,-0.05578746690275738,0.8261937285090774
3.1081250000000002,9.435312499999998,1.5722988831875,2.2597039871131352,4.067722016355561,3.2823818018116886,-0.021734152648559137,-0.03559993705134948,1.066428157919967
3.22046875,9.28734375,1.5135611348437499,2.578682700095814,3.886571529875134,3.1176973618301975,-0.060363189881385663,-0.18827417814594516,1.0754439234101227
3.28875,9.0721875,1.4371594985937501,2.479141421440092,4.522077256620429,3.4141901920137268,0.12358827492589561,-0.20756000058342336,0.9698947339021883
3.4609375,9.16375,1.6995639860937501,2.4390256243208577,4.363490038088778,3.2859630598582696,0.1965211527365749,-0.05933777118494245,1.0415306236094446
3.4925,9.43359375,1.4175802389375,2.587941387473835,4.321252121487583,3.272230340450917,-0.0315925060365817,-0.15916758213535814,0.9725749053849787
3.0490625,9.0890625,1.67892065384375,2.355659885487239,4.56340118454358,3.382424886055268,0.07920451286925868,0.019960068123942718,1.111377140274244
3.296875,9.0884375,1.6393365370312498,2.3135246885164205,4.05997968696812,2.9190815222383737,-0.005812889690551163,0.010954617935420147,1.378445230567397
3.04921875,9.1971875,1.5363326605,2.485447837342083,4.771304678999629,2.9221977136395627,0.10257420837872823,0.0202911519406603,1.2540495011447332
3.151875,9.2571875,1.62358800875,2.543821482410863,4.222203019733152,3.4107773452716623,-0.2969153189081589,-0.06022717075112504,0.7358743536689589
3.5023437500000005,9.35890625,1.56953226775,2.3949150181866448,4.316166237670989,3.1052421232810086,-0.16593612759008822,-0.1340718087988621,1.054461461421198
3.2590625,9.100312500000001,1.5769808882812502,2.493939352930169,4.934458547028615,3.186435048013054,-0.1207377979162701,0.06568805961409577,1.010717859900565
3.4060937499999997,9.0846875,1.4009804663125,2.302754883549471,4.440858577160924,3.159135270415843,-0.06330232637865979,0.2913751107336186,1.2121644529808133
3.78390625,9.16421875,1.38778572840625,2.6176603444127235,4.715600042905296,2.7261002323342254,-0.12912689919979542,0.1307107933617747,1.1973174645095022
3.48578125,8.869374999999998,1.85726208440625,2.5302296120408596,4.724991360772525,3.468653365610586,0.011267213591492084,0.11812858497782672,1.1072518302239867
3.5343750000000003,8.99125,1.6731746035312498,2.2990173682195185,4.535470792817434,3.093007725415949,0.12623043099686693,0.20059355384920516,0.9304027065642061
3.38296875,9.30984375,1.56974506040625,2.388439396137871,4.707688688527093,3.049790947199761,0.09801020333590243,-0.10063157550671141,0.9779553455157991
3.3568749999999996,9.1878125,1.83278804659375,2.162709437112392,4.6181528601643045,3.4644269289057674,0.12271356048242582,0.08472652025302713,0.8736017037006818
3.5382812500000003,9.0390625,1.4292852400625002,2.2862486705077463,4.348496406356311,2.909222717024676,-0.13304860458824255,0.01940445651392614,1.2085236423100827
3.4646875,9.239374999999999,1.511858596,2.1849177392624535,4.404022264859137,3.0619552177997775,0.054155350276155735,-0.17316702722788052,1.109575776576933
3.4214062499999995,9.19875,1.7723477706250002,2.3356034198812385,4.794627364300587,3.1494804194772046,-0.10481900543860906,0.0978114171807316,0.9822434999910015
3.4982812500000002,8.98359375,1.4205597342812502,2.3801290371319026,4.5837472277014735,3.044697820109634,-0.20440927513310964,0.19952073156686875,0.9936246157982704
3.6221875,9.3134375,1.781286082875,2.519905422797401,4.388958524934333,3.3095460445547444,-0.0721587126769066,-0.17512156361317668,0.9815901264112988
3.48125,8.830781250000001,1.646359536875,2.4357362208375517,4.197808693490979,3.4762248067807158,-0.0010536562847352463,0.013210067590199048,1.211795960304973
3.918125,8.8334375,1.91131783015625,2.540597785832106,4.179541025470829,3.087611300431334,0.09531312849721357,0.0540825435583482,0.653156224126596
4.205,8.8625,1.7846911889062502,2.4838905974297663,4.26156991318927,2.9814379708701506,0.11013077814595054,0.15907689498966673,1.2845920203706929
3.8153124999999997,8.75734375,1.8340649836875,2.49739424747951,4.251170883631466,3.320463759267558,0.01529539018521802,0.17518271778104424,0.5794246661924539
3.60109375,8.96609375,1.8911001465,2.194915372220746,4.261971234500644,3.2754893964748444,-0.2578368280062622,0.24505897576419997,0.9873340676524955
3.8714062499999997,8.938125,1.8249137543749998,2.243365821697598,3.9183713433485345,3.021908122635114,-0.06412030498475015,0.12239426684713661,1.1128046720552913
3.58578125,9.2321875,1.691051318,2.3557348937536324,3.8854638834820934,2.9174742869807333,-0.22619965760424188,-0.08569016064216169,1.3362317110522945
3.5043750000000005,8.94765625,2.04667010671875,2.542580428300155,4.336554919441922,3.303571683777449,0.09358469448231567,0.04047723495073135,1.0178849410715356
3.58796875,8.927187499999999,1.72616623390625,2.2049108398126753,3.8390861822631375,3.0665243551139927,0.229919739822677,0.03224719754302443,1.4462385843407555
3.9540625,9.142968750000001,1.729784162375,2.3446939557421453,4.388748995901159,2.953916359644457,0.11327665614303517,0.036182863289947555,1.0701880966249708
4.035,8.580156250000002,2.0507135825625,2.651506057884839,4.238444029132146,3.3620011867501574,0.017445316910793058,0.21418843530671783,0.9652936936021099
3.86515625,8.73796875,1.9975091220937498,2.469622941986476,4.00922303090305,3.0723161875662206,0.4824471993628353,-0.05159304801830986,1.5070664069469926
3.98140625,9.166406250000001,1.8334265115,2.322514711462758,3.7604397877722944,2.9312564425372325,-0.2831339859989236,-0.1335205851270175,1.3223418001077265
3.6021875,8.80125,1.87343626334375,2.3148700481547015,4.144190398919914,3.1684246320957072,0.07218274432011319,0.06266563779127335,1.2746149148195118
3.48703125,9.02265625,2.07178260009375,2.47033315041179,4.017117375287401,3.3137393650308486,0.1152305221444831,0.004623416310256138,1.1312535005774018
3.55765625,8.97703125,1.6487004916249999,2.2269154270730485,3.9727130526912506,3.091051345579247,0.15421565995170947,0.04833916807696704,1.281174126931986
3.77265625,9.12296875,1.8602415441562499,2.3724119070759904,4.076849534140724,2.941665820582819,-0.04543273083945543,-0.1592690096754057,1.3848928677624468
3.91828125,8.60625,1.6399749995625,2.6519094268844174,4.291243445960622,3.1124690204275063,-0.06012271898762345,0.21041372699794886,0.9103440757722567
3.84671875,8.93359375,2.0860413989375,2.739135387471462,4.148669352631147,3.2534249114824205,0.09472673208878775,0.2506613446872102,1.4949878012424798
3.66296875,8.69375,1.71446124921875,2.339428135041433,3.716642680229026,3.171032294680417,0.16606388270906944,0.08806842302656216,1.5693787333875966
3.7565625,9.195937500000001,1.84555711665625,2.2995361072602774,3.7146423611289623,3.1359916768105083,0.1475057739908497,0.0977169531773333,1.9438573576877638
3.3817187499999997,8.74875,1.9374944935,2.641713787184077,3.934858439321547,3.2588355062315006,0.2092469112970678,0.07272900718559117,1.4492766449862815
4.0178125,8.71625,2.0511392614062505,2.386230990462522,4.2048634415995005,3.2954396643392734,-0.14131662794477615,0.05818380987557837,0.9386608542057466
4.00828125,9.149218750000001,1.62954689053125,2.1527588075301045,3.9769371477493127,3.1230739336903333,0.15044534405214166,0.04179347586950577,1.5458258767476702
3.5735937499999997,8.762968749999999,1.9924014603125,2.2333266716852997,4.147328085529699,3.4344141271589,0.3588735954552799,0.09341345054150857,1.221874030189469
3.80359375,8.96484375,1.731273892375,2.2666594136439944,3.796462577266624,3.1840286183888606,0.22717775202243962,0.09860991397890219,1.3650950171334766
3.7275,9.080937500000001,1.7397866044374999,2.1956932276618244,4.1120344412582135,2.710529672554382,-0.08692746917900926,0.20972505354013987,1.2397385488359591
3.6540625,8.585,2.0245370175,2.029357748425287,2.738705214147737,1.7745981829666246,-0.2135081766916027,-0.11860371478854724,0.9072770851936822
2.4109375,8.77984375,1.7140356476875,2.6810414946609367,4.255522328467557,2.2153149147728506,0.4875473972909225,-0.011605031339711056,1.381338728076354
1.7175,9.4178125,1.0747305759375,2.754801490125922,4.879185532939259,2.41827197173722,-0.15116708761299524,0.01745252824894861,0.45855737332142343
2.04546875,9.190156250000001,1.2664795249375,3.348756732770154,5.636799704893366,2.737868287019659,0.20305814105436354,-0.10083302301763174,-0.42356828351418224
2.0425,9.56046875,0.9361860874375,3.4185249011817946,5.57434537347422,2.8585813956965,0.1532713957604158,-0.2439535871887212,0.5104933702644241
2.73921875,9.174375,1.1109096071875002,2.523754212903554,4.434111690561594,2.9697315351885374,-0.013383850815925054,-0.03211067518572893,1.4119287288285431
2.5776562500000004,9.41234375,1.3601194528125,2.1072892407868307,4.050233690089492,3.101841647684961,0.08907958681202066,0.05522308291818087,1.4748543932889115
2.5590625,9.351875,1.2958483852812501,2.1908764789676645,3.6863124676802697,2.9701775887274358,-0.21280398040140686,0.1609765786752634,1.583361410495328
2.34,9.3246875,1.50419717384375,2.380135894229571,3.5822164789894746,2.893817023592175,0.13436013687352547,0.24610556622649107,1.496359180156915
2.691875,9.588125,1.31925836171875,2.4186391285958724,4.052865064910871,2.712028147243396,-0.1524969119963027,-0.029464486441008193,1.5852911987799212
2.52828125,9.616875,1.3156404685937502,2.2054588203814727,3.9383062170652754,2.994077194419607,0.24429872680149586,-0.08167309258749482,1.4318787588493878
2.6449999999999996,9.22046875,1.433115957125,2.1245609840623545,3.8470266236112063,2.8517704225395812,-0.051757728980176616,0.00013680239830973762,1.6659082639455383
2.60046875,9.36265625,1.4463106621250001,2.257189506393612,3.9177669190287387,3.1844862427807157,0.0814139896423802,-0.10888824378335607,1.4154670110080487
2.703125,9.32625,1.1117608736875,2.3268748321246244,4.088317005504832,3.089958757092795,0.049268260420044584,0.17653953262353406,1.4818665459233717
2.7128125,9.32890625,1.1979521496875,2.1920570167866873,3.8397762455917843,2.9644029058299557,0.19676359709589683,0.165197970775231,0.9750074835922675
2.9946875,9.48109375,1.3499041570312498,2.279566823399514,4.198445812584811,2.9454505416453154,0.014540513772335102,-0.11138098685628188,1.6400265769803815
2.78625,9.30171875,1.1943342271875,2.2060686894337627,4.449112465806909,2.96886077144482,0.16103853610798796,-0.11483857954107311,1.1398274507603234
2.8776562500000002,9.502187500000002,1.65167999459375,2.3828808340611447,4.195058651537992,3.170800864280455,0.12431438226649756,-0.05126801694439465,0.7416453469773052
3.1081250000000002,9.349843749999998,1.3547989988125,1.9931616490829336,3.8452200409191066,3.0016136233630344,0.08625369671385529,-0.0521887217064098,0.9335964908857699
3.275625,9.46109375,1.4765308283437502,2.3304190040366133,4.112146305910204,2.8809900400681987,0.027577950905462098,-0.047466389369054986,1.1757490936493247
3.0903125000000005,9.302343749999999,1.19624961165625,2.1417574331244307,4.002744660771648,2.9959217347223803,0.04178368304505704,-0.04312923682385618,1.284231848281842
3.0115624999999997,9.3165625,1.75127876934375,2.255866808699873,4.005874287667269,3.321126696495751,0.044704614775895234,-0.040681784643999304,1.2638293998018224
3.1390624999999996,9.030625,1.30819183796875,2.186690363561734,4.262286972316036,3.0050971974346847,0.1758244988953334,0.20364451708458395,1.2469261005345653
3.3990625,9.489218750000001,1.25903091921875,2.1460120854957343,4.081684435027827,3.0471380090194344,0.08631593539100786,-0.019739835164291803,1.2853553189016749
3.0734375000000003,9.11453125,1.2090186846875,2.254654365660899,4.511559434416601,3.08091482817694,-0.004132548468554039,0.048004669049974136,1.2726636305466275
3.17671875,9.4571875,1.67296175803125,2.469162974754489,4.182781471681703,3.461120991870097,0.15936896579957882,0.0017103022304158957,1.077069330095791
3.3310937500000004,9.079375,1.37203720984375,2.41115902963926,3.9163036123843873,3.139481144950929,0.1295383347496874,0.16960798584583808,1.3792734964925646
3.60359375,9.39046875,1.3437324409375,2.242890411380132,3.9802981317702115,3.1561080190601274,-0.2730974803045307,-0.15465952326942004,1.1768379174660641
3.3285937499999996,8.934218750000001,1.5971986138437497,2.4946485644196335,3.996906540019223,3.3586926578202716,0.036580443453785645,-0.08804160449750674,1.1975227620070061
3.2649999999999997,8.9746875,1.30883028,2.445859383734069,4.098600358944959,3.4073451713583647,-0.13181697265949138,0.06155435749346183,0.7821821687858981
3.6446875,9.3059375,1.416090526875,2.4050279161256634,3.865408984970898,3.1345808593943434,-0.013971239305146103,-0.03623219338114919,1.353845382497659
3.34390625,9.22171875,1.4556746510937502,2.4795901987447313,4.2154327901650195,3.1395902939044884,0.02948862573902962,-0.06570515582309171,1.531931186923434
3.4903125,9.18703125,1.8404494963749998,2.397023524570368,3.9313724860439563,3.305118407034693,0.05309874297303533,-0.00026830219423148083,1.0910910797683557
3.54890625,9.0459375,1.5991139334375,2.5106791394383587,3.7760258203690493,2.9841761587915014,0.20592719511425983,0.019741427922948307,1.2993659708101382
3.89453125,9.00765625,1.4678052569062499,2.4124021545491616,4.0539231547151875,3.06858008721322,-0.32826890472488723,0.21070686585911358,1.1821321678717291
3.8239062500000003,9.030625,1.5588913665625,2.5751071683933735,4.141757958207481,3.181096635990812,-0.12235465353123183,-0.08090667004503693,1.3204462783523179
3.8314062499999997,8.95078125,1.9253638625000002,2.5777569386893204,4.712464291869853,3.2756851547650525,-0.15388040841811063,0.04387413347336622,1.0764959817605528
3.79609375,8.58140625,1.61741628896875,2.4645800968341316,4.207164598629454,3.2312956352735744,-0.04778592169303261,0.4585774407369092,0.9491181574592054
3.85265625,9.014687499999999,1.7112690332187501,2.4157279196622987,3.777393268160432,3.0501591847184883,-0.10525389619904331,0.11073774594528024,1.0632287969322725
3.60859375,9.21453125,1.52867122365625,2.640387558666519,3.799834671439461,3.1647684071383564,-0.2019319922251228,-0.12722293373696197,1.0277747609684784
3.54125,8.96296875,1.5525068124374999,2.651660741403395,4.1238428981986495,3.042486113665313,-0.14706478818200366,0.03823147834340393,0.8594070599845183
3.54984375,9.183125,1.71595099125,2.426297650348353,4.244239432380671,3.2025557605920105,-0.10560183979928793,0.08423532604340299,0.9544137418601714
3.7315625000000003,8.9878125,1.489087088375,2.6533123277506836,4.087630146532799,2.96498716888393,-0.243339036687526,0.24182114389316156,0.822063505910646
3.8721875000000003,9.19515625,1.6959460900000003,2.6592189106660156,4.344095127363803,3.278266754634921,-0.07925071122719667,0.18332401133488904,0.918530126278047
3.7053125,9.04984375,1.4984510453125,2.6160555761190833,4.131749588622952,3.281961042169485,-0.14668415634912815,-0.06026060937088326,0.8772242280596289
3.5789062499999997,8.8978125,1.7880962931250002,2.528163313793422,4.615066856486886,3.5078638938523707,0.0790270388115641,0.14757231364711393,0.7635269081974704
3.6459375000000005,9.10140625,1.5771936756875,2.429139327229657,4.258622454498748,3.192357642792735,-0.16302040839055532,0.08621918886279017,1.189104968755798
3.7342187499999997,8.98796875,1.4218366461562502,2.635912321123075,4.293225470031063,3.158743223358148,0.0331954894930882,-0.039192761494525184,1.1741064295604648
3.81828125,9.228906249999998,1.53973775359375,2.5559725122540806,4.097991549675394,3.2825077111617817,-0.05699377164950369,-0.046619914810140085,1.0816486103796845
3.4268750000000003,8.89390625,1.7804348135937498,2.8505547020492346,4.086181980616005,3.0329811153315167,-0.12502771712093974,0.08101801635143745,0.9519098744781642
3.6553125,9.2378125,1.8123575124375,2.5317582630148063,4.114181065515195,3.4015351435162757,0.14556525132815012,-0.0398561993204931,1.0305527251292328
3.75453125,8.9565625,1.5940063164687501,2.39745563676858,4.037769425511287,3.0320888711714065,-0.06151834674243342,0.22809024972108752,0.9777678602102006
3.9275,9.2103125,1.49185374259375,2.517270347022743,4.007919491749273,3.34322144798243,-0.06410070112984416,-0.24572379349420148,0.9339584722529223
3.63125,9.03765625,1.7059485554687497,2.503751248127497,4.419017757866101,3.318766018243997,-0.10741562390925803,0.026330764228600423,0.8909662925079398
3.68765625,9.00703125,1.9521789255625,2.385871003289142,4.648254268972755,3.3729273465900236,0.04992865137126591,0.002645914094990257,1.073779245972773
3.62546875,8.79015625,1.64189036375,2.8408746065733768,4.834313062689046,3.456968261384343,0.07035959564406771,0.025285013753852066,0.7062011003181925
3.82015625,9.310624999999998,1.6516800025,2.8530594829210867,4.469876912105634,3.4872107747125494,-0.07017862234627051,-0.07919413376990925,1.085609570660904
3.3629687500000003,8.7809375,2.12009221859375,2.6096681300547466,4.918535007610879,3.697549831911846,0.22565496370757593,0.08691796352449711,1.1675701108139593
3.6925,8.7975,1.4180058843750003,2.6183409585078867,4.696721928643424,3.137268036844471,0.11857356521135114,0.09878067316652749,1.1548386053766835
3.9251562499999997,9.2396875,1.5165405987500002,2.5699288609971167,4.31742507489635,3.4970568175911425,0.2284785254797253,-0.3557799268257965,0.8372126929369234
3.663125,8.9675,1.655936340375,2.709206453811706,4.4504571394408465,3.7921523725621804,-0.08817495794271248,-0.17229952748760122,0.6862338891908283
3.89640625,9.02140625,1.3379863328750001,2.7391344248614264,4.4940644421237375,3.382986629580613,-0.02826106891099424,0.05494719375016464,0.8140964786249459
3.6053125,9.166875000000001,1.50057927453125,2.5091594513589106,4.72237753778486,3.1247703998832206,0.0688483084520642,0.04309702854122208,1.284516159442361
3.6209375,9.10828125,1.8144857095937503,2.7828238349011154,4.708979306431324,3.6638011257556427,0.27038631253109396,-0.16991917785150384,0.6868359111956049
3.87671875,9.04015625,1.6512543574375,2.7582688494594643,4.397927243382493,3.102656274509188,-0.051408147352061145,0.15556506308389112,1.0880030367937013
3.71421875,8.9221875,1.53484292615625,2.604628575180814,4.551790330720842,3.542130819717822,0.26192884430215513,-0.20326512029428534,0.9433793358784288
3.6993750000000003,9.010625000000001,1.7644735175,2.7926101561755807,4.952797780989549,3.579425846868842,-0.05757915750057648,0.26901398838614343,0.8778466634461944
3.82328125,8.95296875,1.5403762257812499,2.688552151418759,4.351673772702113,3.3272977012695946,-0.02475834121540131,-0.05103543809030446,1.2231690128523234
3.8759374999999996,9.1425,1.4975997965,2.6088944729700643,3.96276734113927,3.092228047141907,-0.10523556696136359,-0.004054981659820738,0.9010014573311198
3.76375,8.72109375,1.87322347553125,2.437502243588711,4.360818485813293,3.06809198871892,-0.04248498540022904,0.1923503779980929,1.171516209244102
3.8000000000000003,9.05453125,2.21777566109375,2.2838481779663025,3.9267889751390306,3.4285924114197095,0.006746217844478163,0.05585323017643287,1.111432940250227
3.7246875000000004,8.704218749999999,1.851090401875,2.81606161639687,4.060924234659942,3.0887805708811413,0.24282761257405067,0.13969943402548912,1.1745788198712395
3.7454687499999997,9.17640625,1.75979150928125,2.5114506077710224,3.910200748997542,3.073473640140506,-0.1051070936002822,-0.14398560928342635,1.1724378995922096
3.7071874999999994,8.85484375,1.7565992130625,2.6361349955652402,4.017042985902185,3.1184331408314976,-0.15021845922428967,-0.08002900043021617,1.3023206381439292
3.7571874999999997,8.99296875,2.14967395296875,2.4978262229073804,4.2671084617130886,3.5806845415557915,-0.18882729519718533,0.11902570969298909,1.0100810781248317
3.7059375,8.879375,1.6510415736562498,2.571041082148193,4.119896416704551,3.322919622726471,0.08354393829555226,0.06883231374953992,1.1224603400221254
3.9953125,8.978281249999998,1.6827513951875002,2.5855227764117164,4.11010513653829,3.194034092022513,-0.25493640864675743,-0.006385959031299091,1.1888610179424433
3.6890625,9.05359375,1.62018291734375,2.564294931573541,3.898190031599401,3.274731067769809,-0.05544457002609023,-0.06953224623569369,1.240134891860265
3.61015625,8.7128125,1.79831153078125,2.398335680859945,4.055752653927967,3.2235555056242267,-0.10952413624105702,0.05094211613473269,1.1933681176944497
3.6462499999999998,8.9778125,2.0370932413125002,2.6341189822215703,3.7650429399734273,3.4615349632524772,0.10031023853282134,0.05757644979390061,1.3308996927106516
3.64765625,8.787968750000001,1.78086046296875,2.3893067392731178,3.885584809462205,3.086569951376987,0.18556781849393653,-0.011865889931577864,1.262052452244902
3.8859375,9.321875,1.744681406625,2.6974216385455483,4.018338382886016,3.144034738278623,0.14644239800583853,-0.20828522413348016,1.4728786940581204
3.546875,8.64953125,1.8666260968750001,2.6222449083514303,4.197312171827757,3.2298828603142566,0.07210386681865757,0.005705060113653909,1.3268203487232546
3.67859375,9.07578125,1.94004831115625,2.6573817396002664,4.248592342135032,3.5161681608457984,0.024323432547402764,0.10376473095419152,1.1710184291603758
3.7471875,8.786875,1.7710708357187501,2.6105491931476315,4.063898172860019,3.327859756934819,0.28320603882818557,0.05548168121077046,1.3265292122977679
3.79421875,9.1134375,1.5874089543749998,2.686047749882425,3.6988326785073355,3.1293192682759616,0.08681653303945135,-0.10868523334017717,1.643340073494542
3.709375,9.16265625,1.9883579277812498,2.532294460439978,4.075942085191587,3.179140129125054,0.015705137164466827,0.08623706131764636,1.2187517151455882
3.5832812500000006,8.89359375,2.05262899959375,2.264960716193205,4.04191336466542,3.3485890044976814,-0.4899312907242678,0.13436055537639885,1.2511619981518238
3.6178125,8.7528125,1.9347278199062499,2.33204139968478,3.9646924016679717,3.369591487756921,0.007038693305764928,0.011026745480373228,1.1070891553810696
3.5914062499999995,8.855625,1.7419147752500002,2.4182133559636414,4.08585856759323,3.3277561992182676,0.24397186077883262,0.1289872671542889,1.3074589720231558
4.22625,9.1303125,1.727655991625,2.659704224627242,3.796818145150456,3.319851700796438,0.0378074293069031,-0.030172166169003117,1.4073090568439992
3.5981249999999996,8.8790625,1.7357430747499998,2.2066071771783484,4.426060508069648,3.271610731850852,-0.1028166011517411,0.1328496362833353,1.308498089457801
3.76703125,8.90453125,2.24395229984375,2.595004021966717,4.122711080742069,3.3326217766145447,0.14789140494009007,0.008465273071219633,1.2881586860713305
3.73390625,8.52171875,1.6189059965625001,2.3959168503332786,3.987951210634157,2.66887772508102,-0.026110120221518644,-0.08837327371599574,1.5111629121849848
3.8337499999999998,9.1640625,1.75510949990625,2.5858886891163744,3.9441581479567667,3.114348876906729,0.01594030624721218,-0.049683441429255064,1.3966528846550077
3.55859375,8.665781249999998,1.8623697250625,2.446250234534672,4.044403465240385,3.414384763025134,0.07766773304950736,0.21005365812210824,0.8261346352009313
3.35453125,8.917656249999999,2.31184118671875,2.396301792402918,3.45220932075909,3.1742471448291276,0.06691059308241432,0.03134498726411094,1.303134719016474
2.339375,9.036718749999999,1.8438545784375,2.559001193703317,3.64233057888743,2.2014979732021707,-0.1043116395624931,0.27326299193985754,0.25138550266284015
0.9771874999999999,8.46859375,1.5676169078125,3.422532171484112,7.406265478293425,3.6876059717202327,0.9246274446019177,-0.1726611279329824,-0.11934213569816585
1.7270312499999998,8.376249999999999,1.99559375203125,4.988500112661464,7.931000784106632,4.676941720498618,0.16032878494833694,-0.17573914967647972,-0.04403220390870383
1.7498437500000001,8.48,1.81597538046875,4.684951137747964,7.997317909774502,4.305839084546025,0.2740048751993199,-0.2954047882973814,-0.10946814159013003
2.1765625,7.9976562499999995,1.43843642728125,4.140292191813732,8.096408104482872,4.996527192284114,0.575793481314459,-0.17602690456466036,-0.32018487226080106
2.80328125,8.08453125,2.160314841875,4.947890034741924,7.6421299243256415,4.518344870916266,0.40661615236248205,-0.01545427404937186,-0.4359211226992401
2.4634375,8.36015625,2.2279909037500003,3.7725220421614174,7.768686241127643,4.362935486695019,0.5215753903249318,-0.02453044653094352,-0.08544504153256187
2.6646875,8.286562499999999,1.8093780440625,4.7366127034352035,8.042069311352256,4.844461213235119,0.5382043108096781,-0.20235998043035694,-0.08694517302732346
2.7709374999999996,7.63828125,1.3132994601562502,4.267446440331003,8.326269714487902,5.254608975513954,0.48239681941036516,-0.15263337689727144,-0.043967870172978984
3.31734375,7.41765625,1.5425043678125,4.9693137234266,7.974520115300728,4.821983644970633,0.311218320667089,-0.0013455837644441668,-0.2078068552027843
3.23421875,7.8149999999999995,1.6316751107812497,4.799644128958775,8.037697120444388,5.068603849632452,0.4527552070246991,-0.1509469992886991,0.0007027533495925094
3.5268749999999995,8.0615625,1.91387165046875,5.138562504181009,7.743727142571188,4.842348530434924,0.594662554747549,-0.10843187786735793,-0.5508560859098421
3.385625,7.89484375,1.7342533221875,4.968227134438903,7.662571368384502,4.791150898012776,0.24840160251669388,-0.04994362573656959,-0.3485251397868443
3.9389062499999996,7.81375,1.98431441853125,5.018596702885273,7.676221910060964,4.9967506840745415,0.15718563499984686,-0.1409729292320539,-0.2757703841825116
3.64984375,7.800156250000001,1.9389841334375,4.9387683472791,7.693824937122364,5.116573516274993,0.35814823345217267,-0.14440016013576717,-0.2532614155006363
3.79890625,8.09453125,1.91897928040625,5.209242122536726,7.017776964984955,4.2670148913343775,0.18708184834397482,-0.10509803082938418,-0.5889747159445944
3.73828125,7.985156249999999,1.9368560123437502,4.634184648716367,7.808873956953456,5.102133413618039,0.3880596852754368,-0.25603432763023354,-0.11595114465278528
4.27703125,8.1240625,1.95664806625,5.07952190161864,7.615381580793818,5.3687624748283564,0.5025284675263978,-0.13034835616190088,-0.10147245834285575
4.0971875,7.92625,1.7534069028125,5.115263455076752,7.832995814980371,5.533990267883676,0.3493740779281056,-0.23250700906475186,-0.09836129866734332
4.01484375,7.754843750000001,2.2807698060937502,5.073759698250001,7.4825624354619285,5.086893304708754,0.4110414123082441,-0.1257841299244456,0.05818266249199734
3.4993750000000006,7.5359375,1.924299778125,4.916749076816408,8.01308943205389,5.21940153353494,0.49624384141506056,-0.06171540953395057,-0.01568362021347145
4.414843750000001,7.135624999999999,1.8359803056875001,5.553854796498189,7.252133064442144,5.237808613909669,0.48390937281099566,0.0125230395069482,-0.19845461635679093
4.0653125,7.5659374999999995,1.5473991845312498,5.286583540183939,7.908174710139739,5.347219149838933,0.13145837324286533,-0.10592298234397479,-0.1198672588429676
4.26734375,7.3890625000000005,1.61124456625,5.808821750737058,8.089177515118193,5.244762841987523,0.4962358181613316,-0.14835756838903655,-0.458518574684848
3.8464062500000002,7.108125,1.86258259290625,5.068853533833951,7.702188381192387,4.918582978538215,0.43739065211485245,-0.14565459805764996,0.04287807013942802
4.543125,7.28203125,1.7595786743750002,5.2263006380589125,7.756122617746798,4.887098064391832,0.44421619654747263,-0.026256212030127627,-0.1325526176192157
4.34984375,7.713125000000001,1.52867117328125,5.46435423111331,7.978868355498478,5.526786376514639,0.3289618869101747,-0.14228666458689,0.01384457669235588
4.23734375,7.789687499999999,1.9545198962500003,5.121554098302187,7.35467473973824,4.835247368794723,0.561514402986639,-0.12056164036954914,-0.30435916754495806
4.0367187499999995,7.4090625,1.5693194390625003,5.454242630365689,7.76661881844949,4.892498801933616,0.45429412837101796,-0.11537355162202259,-0.040218435584274716
4.59734375,7.7603124999999995,1.9789939678125001,5.532750288675238,7.457627171382581,5.225405529639609,0.270451509627427,-0.15771790924810955,-0.26619222524926406
4.1521875,7.80765625,1.54697354828125,4.987967543483393,7.911660449572891,5.265406718964696,0.19711414670893482,-0.2764742621820794,-0.2536669213213802
4.1215625000000005,7.2821875,1.5684681665,5.609848265202344,7.432548450218388,5.232684256517807,0.26133172392403026,-0.1544294108873551,-0.2663325021637277
4.4428125000000005,7.860312500000001,1.5863448805312501,5.213111015971533,7.8389980563426445,5.0499516915209135,0.043214233278150035,-0.05355299864455511,-0.3247078766947986
4.510468749999999,7.606562500000001,1.46461298546875,6.045841398661847,7.887284311383339,5.7342027349684805,0.4614221226970914,-0.12095037551758422,-0.27424818068829265
4.4521875,7.869375000000001,1.7372327950000002,5.163705509597129,7.564267742774247,4.766990963824021,0.41671626719382004,-0.025821863051515414,-0.22031052739449689
4.3667187499999995,7.32265625,1.8025679173437499,5.1897558512803315,7.738082619863653,5.895689112202622,0.3641131960929906,-0.042145313579852024,-0.0782119291704385
4.356093749999999,7.78109375,1.8108678139062502,5.768034656944334,7.625810431764675,4.952328954518344,0.4334136857621005,-0.08311000910889876,-0.32366762083300304
4.20515625,7.689062500000001,1.636995535,5.254227462299852,7.556205586873199,5.234722328405068,0.34750332712843957,-0.07470911123035238,-0.2570624059425523
4.17453125,8.245312499999999,1.93557911290625,5.000795227288699,7.82121473316925,4.641656261871197,0.6070948241569927,-0.07812686521919672,-0.22015152623280712
4.42,7.503593749999999,1.4222622375,5.558289417617618,7.7169339700078385,6.319729834898146,0.17437113980513172,-0.09620627847737058,-0.1916835920535393
4.3575,7.7825,1.9962321973437502,5.099740802236914,7.353835521345307,5.6390125681297665,0.27867750354087,-0.08477936599301529,-0.11549507886745922
4.23203125,7.54484375,2.05943919553125,5.164399220773258,7.854152761475036,5.390432867502944,0.22558375395811964,-0.0038012478131180362,-0.025899243412565276
4.435625,8.16171875,2.236929303125,5.0274378026361495,7.478422618333256,4.957493625437834,0.545441882790162,-0.025019483195567915,0.006319207444855281
4.16578125,7.49390625,1.6123086840000003,5.14283749642631,7.892856663066354,4.806114971356781,0.37867192200440214,0.00021312785308722537,-0.11654791628092516
4.2053125,7.57,1.734040563125,5.3889493319518005,7.739636013728294,4.916700825802648,0.46497007316264116,0.17022249770692127,0.14746273610017838
3.9851562499999993,8.065000000000001,1.9028051656249998,5.410100793939605,7.503032095426489,5.086694275053512,0.6485649923301078,-0.19025907067978148,-0.010976275552157652
4.5629687500000005,8.3665625,2.0992360935937504,5.59090994374113,7.219367878048171,4.957275909252091,0.603471639885963,-0.08545197837880332,-0.14701058879908693
4.36359375,7.8374999999999995,1.6687054399999997,4.883341058892051,7.028456000431389,5.432740657448886,-0.13619626270436377,-0.10891881172789514,-0.24910382742871323
4.35953125,7.9628125,2.1247742984375,5.073077046307638,7.408966162012333,5.4328223275678855,0.11958888577556244,-0.1487879899411438,-0.07638485719804404
4.205,7.651718750000001,1.7048844825937501,5.73445452942126,7.595295121547183,5.203149802899061,0.453379630804573,-0.11130574834761782,-0.054087120519129575
4.461875,7.990937499999999,1.8653491918124998,5.543727839583668,7.5781071842574095,5.274618386563853,0.6918535409600725,-0.009380083781676068,-0.32860238733269254
4.1167187499999995,7.49890625,1.7940552234375,5.61194737109129,7.192874972235437,5.222232588801918,0.34554173757803075,-0.05659345405032606,-0.041516341245604736
4.089218750000001,7.46125,1.7572376471875,5.597009610242638,7.578126314432875,4.4556505466952006,0.3912129677706621,0.025755807876337734,-0.12414810324268746
4.373125,8.262031250000001,2.3565329368437498,4.623402046585934,7.214549141250854,5.1569551987209,0.26976042656404603,-0.19568743708084282,-0.03702054339459611
4.37484375,7.85421875,1.9977219440625003,5.038090533682968,7.721570396599932,5.079462510879095,0.3993263012326538,-0.09517371345075286,-0.01090163500360524
4.46515625,7.4848437500000005,1.73765845675,5.761553878997049,7.46821012529682,5.7749069167565485,0.4783225414738297,0.0038537729133219676,-0.22115386333567588
4.344531249999999,8.08953125,1.9632454621250002,4.951340705331581,7.487016768564996,5.263455964848387,0.21939241688221445,-0.06557171331320458,-0.12215680973812072
4.2378125,8.04640625,1.7099921060937502,5.090641066196255,7.696692139969023,6.093509416398323,0.11419351881215808,-0.33842936975981164,-0.23054782747689706
3.91375,7.315781250000001,1.5271815167187501,5.588450282725972,7.904604829758945,5.612573681543247,0.3019757050491327,0.05044831026275943,-0.040131072754958454
4.574375,7.5728125,1.9681402558437502,5.366503713720414,7.261323370422485,5.567903322404607,-0.020750359300935592,-0.13262037429423784,0.03074459938569531
4.095000000000001,7.61703125,1.8581133623437502,5.166763675164561,7.711246591766044,5.590723324360004,0.2017567984514789,-0.16063901259375796,0.0966585718428404
4.604843750000001,7.2690625,1.59826264790625,5.658944797891736,6.966420960299037,4.863917961275417,0.28301832296996443,0.10849041251470155,0.08924255754602779
4.10234375,6.9078124999999995,1.8915257634375005,6.071259584660825,7.688328912373856,5.193141851699335,0.3303457058128987,0.08231397428880723,-0.12369117005949029
4.09109375,6.97203125,0.8431846496875,7.3880729721092315,7.2431088326438555,5.329194719733791,0.4167023657112935,0.07989781989140107,-0.4735691008419995
4.164375,7.3921875,1.5273943237499998,6.0325882906406765,7.834738442656765,5.704143084659405,0.3592207027362928,-0.013222214097317633,-0.16394949889699012
4.75421875,7.67953125,2.20883734859375,5.890763374949671,7.151563734091547,4.850092773029518,0.31066418859091754,-0.005699555230688849,-0.16129072424036586
3.8646875000000005,7.82453125,2.0934900321875,5.324669874963494,7.574883235421748,5.7885364580226915,0.3948389911616565,-0.20219312672919554,-0.022244846305371997
4.4071875,8.13375,1.97750422259375,5.1454073784146335,7.334514618398412,5.55654368465888,0.38761388631835525,-0.23465100719302665,-0.1260333577499599
3.953125,7.17734375,1.78809624859375,5.295984880961708,7.954213553635327,5.618867762925808,0.3502446862877358,-0.1159335461024353,0.16671408204301627
4.453906249999999,7.87046875,1.7689426609999999,5.516019459602272,7.6628644753625546,5.0440030399276035,0.39212868995778943,-0.1323027366554165,-0.21681705315481875
3.8676562500000005,6.936875000000001,1.63146222984375,5.871780964437956,7.729266393673788,5.203580229444906,0.5751956297836325,-0.06034577610462996,0.0023737362958139254
4.139687499999999,7.4671875000000005,1.44631071875,5.618776826618383,7.472415830228116,4.986185007876448,0.3672689678208972,-0.0600077804011464,-0.23779461823651
3.9828125,7.311562500000001,2.0826363277499995,5.681852269713087,7.180184150395709,5.5807218346538985,0.47636915410449476,-0.14297591074041044,-0.3052464776635971
4.08921875,7.48625,2.11115389265625,5.094511232900408,7.184872237033864,5.465175630605845,0.3976505429532362,-0.06821091803227484,0.04608980531014679
3.96296875,7.30703125,1.78852192453125,5.420114931809421,7.662976877429778,5.671862411002204,0.5375683923464608,-0.12834767898786542,0.1420260480170918
4.3306249999999995,7.76859375,1.98410160671875,5.884723303552597,7.477468628149564,4.769650599203533,0.6584988958613148,-0.02598215562849962,-0.33060567650329614
4.09578125,6.90078125,1.7538325978125,5.740372049322973,7.87478755758836,5.322443610150502,0.4562590218803703,-0.0887576177543177,-0.3225281653602422
3.9289062500000003,7.41,1.8687542890625,5.693223800379793,7.568191246922874,4.590573258910544,0.7875119052440519,-0.006991009798674133,-0.46639780278156606
4.57046875,7.293749999999999,1.42694424571875,6.179602391559949,7.499503629407749,5.6559809968429136,0.31279865543523894,-0.13740422247726608,-0.024204703794112506
4.04296875,7.53328125,1.4135367233437501,5.7003335098942625,7.446212345608902,5.576543027225979,0.3660727561342334,-0.011902602181160593,0.09205766300575374
3.9848437499999996,7.19625,1.18922660259375,6.116549270265542,7.661555100793833,4.862969490981276,0.5440032076155596,-0.0839991453016868,-0.4767771501117302
3.64046875,7.1853125,0.8280746198437499,5.275883050994728,7.745330441778695,5.3002106450294395,0.5098434778785074,-0.08779220667625344,-0.15539502688684295
4.272343749999999,7.7575,2.22181922703125,5.889845005968827,7.1590729148403005,5.481964443142724,0.4238218151008067,-0.17550318741077447,-0.16037869608550298
4.13828125,7.44125,1.3094687388125,6.132343698244451,8.044821995389333,5.359424492294045,0.5702143654697598,-0.1388371486468756,-0.15980820207841248
4.1206249999999995,7.1225000000000005,1.362034758125,5.978075535602992,7.495204091617519,4.950922022356634,0.6290179472858803,0.01028295332935587,-0.14275215163320962
4.039375,7.46984375,1.8691799532812499,5.602562994681541,7.571763436484657,5.567976146453093,0.46673210803239784,-0.12681196804928957,-0.05970056953834812
4.30859375,8.04765625,1.55378369984375,5.48321953417524,7.733658929920296,5.26671542591636,0.47333933496889447,-0.0913064602610155,-0.24270940434500088
3.894375,7.678593750000001,1.67083362546875,5.105337854576815,7.883105128054613,5.453670666281958,0.6683636520093065,-0.047440919079387155,-0.17955329526120778
4.2228125,7.783437500000001,2.1198794426562504,5.4180786691265155,7.196154185298822,5.099580824170406,0.12378694453792813,-0.26785638414369134,-0.1331094636167367
4.309375,7.27,1.7072254674375,6.208587015930034,7.031448330536177,4.615327558358893,0.4771555237648972,-0.019963118671936207,-0.5405330527632909
4.25609375,7.755781249999999,1.5418659225,5.147510204332861,7.7737629250349825,5.249827038262846,0.15134156658233552,-0.19011890902699033,-0.15491096916588815
4.3496875,7.6567187500000005,1.9540942668749999,5.349824754358198,7.116917357318297,5.16555329439483,0.1289557693419649,-0.09630262870501191,-0.4103380572865383
3.77015625,7.636875,1.9902733117812503,5.179977826987867,7.289029829776731,5.078815630772621,0.3201334713845401,0.029992332297460934,-0.3651772954615061
4.4159375,7.51359375,1.83789569165625,6.4103116925851396,7.150976849176686,4.880457715190712,0.6417175975937599,0.057263005103036516,-0.15043622728318945
4.149375,8.0725,1.7080767059374997,5.2958798475206175,7.586053816049554,5.833426579365687,0.18012205810656712,-0.1283497037231139,0.003995712840841827
3.97984375,7.3890625,2.08710551803125,6.089263217999854,7.2297976542289035,4.112891046602747,0.7359865193235112,0.044964233922083506,-0.2878940575094154
4.1559375,7.453437500000001,2.01325763328125,5.591017829616871,7.654226409872767,5.208442437749254,0.6359976974764596,0.09800441492343098,0.028762784275525567
4.50390625,7.932656249999999,2.6957646925,5.128401498392159,7.293042755382416,6.0214330841645305,0.3552226189799325,-0.08879529953058145,-0.25786833967095646
4.012499999999999,7.487968749999999,1.88173616734375,5.494063842002567,7.763783343932482,4.535552283305786,0.4823124763728933,0.03246095644862799,-0.17658429079510005
4.77234375,7.46109375,2.1645711999375,6.061085851094335,7.802916145019819,4.422101157722814,0.24226893947206046,-0.04221036741077214,-0.010648922064554374
3.2859375,8.662656250000001,2.2701289049374997,3.382178809006666,5.619752063644439,3.2566368585927776,0.8448513021589692,-0.07980379723614109,0.4716770661366248
0.8940625,9.5925,1.6189060360625,2.0330155548086073,4.083534391308588,2.279467186657332,0.8411424041468061,-0.06690169347233349,1.660301418311602
1.06828125,9.761875,1.6380596536562497,2.436409085806084,3.938882644148592,2.3190545181561397,-0.15746225912755754,0.3264540534458567,1.2415821220449834
0.9571875000000001,9.88296875,1.77851947353125,1.7594499040449405,3.502276795032545,2.992318675067602,0.0014382823696577813,0.010946634966235824,2.0915640965119002
0.9498437500000001,9.627031250000002,1.62124702165625,1.9094407657966082,3.666119661716382,2.0407367673509578,0.6487864305920763,0.22043952670975261,1.144986421930436
0.895,9.634843750000002,1.54186594753125,1.8708520785994813,3.811968402359329,2.2756405414225545,0.5329842858968712,0.17209338549115924,1.7904495682811354
0.7575000000000001,9.5490625,1.82470095515625,1.9402367767878228,3.1598826712543855,2.2159556239906335,0.5594310806028397,0.6901254283252151,1.077593367025667
1.0945312500000002,9.8440625,1.41013162759375,2.0771817819520364,3.3431986548953008,2.094103501237488,1.1048268375012682,0.5359293647993993,1.194933044834129
0.8614062499999999,9.60859375,1.8127831634375,2.2738677588991267,3.4303848486665367,2.3165000989316753,0.910450947812529,0.6295181978493838,0.8148912105066466
1.07984375,9.428125000000001,1.7082895465937498,1.872619732643533,3.0413025966475282,2.257821471395982,0.44290027706713747,0.5554185054544309,1.4099716561822668
1.02390625,9.3984375,1.6867949195625,2.119144592450203,3.4663995274050206,2.1716129604731624,0.6480758776026346,0.47062404593700297,1.2160843130717147
0.7653125000000001,9.3053125,2.0407111625,2.3552759715888394,3.201618715953502,2.176497335908775,0.2657963689885569,0.8161181384344732,0.9050624468398328
0.7859375000000001,10.042499999999999,1.27137433540625,1.9746025856090006,3.06159170203997,2.1832186827728264,0.4203385946151498,0.41522488987997774,1.5292115485865738
0.6384375,9.61546875,1.9777170710937497,1.8928023361127146,3.2184914603387464,2.0276187851469682,0.8962047190377456,0.6084382724347135,1.4336143112453859
0.9592187499999999,9.307187500000001,1.98537852178125,2.203411633614663,3.1309341002077558,2.317116977334206,0.3243096326282745,0.2592370462583283,1.249694318115006
0.80578125,9.689687499999998,1.883864325375,1.9606964680052947,3.3521760510664933,1.8271787482560062,0.2194440870969438,0.35907609816234226,0.2556302012618924
0.54984375,9.32421875,1.8696055340625,1.817331054895045,3.873956232283534,2.2662948002521337,0.0811981940312864,0.4358278372689949,0.5408277064338833
0.4632812500000001,9.899687499999999,1.21072122275,2.0872844609440366,3.0512548488029885,2.1565858274846508,1.4354726451111355,0.5829888899470244,0.6702317788947363
1.1173437499999999,8.8725,2.84601422109375,3.001276937711003,4.639730595627293,2.56356968834875,0.41952880542829524,0.36346859292418804,1.2897005404341968
0.7689062499999999,9.31625,1.9849528581875,3.013955621971056,3.892059825786341,3.0023727430770317,0.19292398232885444,0.39795106384044476,0.8695650429625645
0.8396875,8.910937500000001,2.4191014575,2.8180478442254575,4.3939805127121065,2.7842584385420635,-0.05580476444928756,0.5347071567818318,0.6737862963700869
0.8240624999999999,9.30140625,2.65298839196875,2.8355074054027347,4.2527957228111655,2.3267416679446877,0.4340271952756754,0.35881724648326974,0.9035523790681316
0.9159375000000001,9.3165625,1.8706696706875001,2.848336531397537,4.162028959365101,2.7043553931561624,-0.010312148424623779,0.5755049210464572,0.6167021372053227
0.7901562499999999,8.534375,2.7472667140625004,3.051598194075678,4.627018773938031,2.8984898327544983,1.216395364661176,0.3146884596603822,1.5755560884845266
0.983125,9.19515625,2.31418218640625,3.0565712382300205,3.775365459208676,3.1764831872714816,0.277843543269838,0.5136160330637031,0.5963837164495256
1.08296875,8.948125000000001,2.6363885515625,2.8200419321392083,4.549578577667936,2.352943222319237,0.7999092466547673,0.38709739260323206,1.3590397444551985
1.0390625,8.81578125,3.0024354043750003,2.8364941602431957,4.553105329294331,2.7583609600053194,0.1891092452139341,0.4160435045073054,1.5741117442662076
1.3737500000000002,8.82734375,2.3375921998124998,2.4112551840276053,3.794168733970056,2.3138480592976562,0.029094265954139147,0.6187497889933609,0.8167648643346487
1.11578125,9.182343750000001,3.5142625281249997,2.037688491808411,3.7695423056832693,2.60791925583395,0.7457776022451736,0.5729080144408568,1.1642442097719647
1.09234375,9.80984375,1.8470468314062503,2.5620882243466827,4.201431114880492,2.366570466480608,0.1494830638282886,0.2665282011425798,0.51628773621345
1.4875,8.81265625,2.5972300188125,2.74968293626738,3.8311773003655074,2.3097495919573574,0.8201770794537141,0.6470365475453133,1.1597971400017244
1.33046875,9.192343750000001,2.7147055605,3.080934025222455,4.40709397668531,2.7079368568932964,0.7712604370081486,0.4890271612224468,0.7377815765079305
1.02078125,9.17890625,1.9600531793124998,2.3217519682663,3.5215528877486615,2.1593322463933937,-0.5455755698330418,0.1762749508600632,0.7926150374453237
1.51421875,9.0084375,2.8538884689062503,3.3664576173848433,4.8255269203055695,2.7002649811810184,0.33841363190747026,0.14849822356041031,1.8402183838531605
1.8173437499999998,9.70875,1.8951436810937499,2.753919503514207,3.7177372570556946,3.134822984000775,0.05698336415831455,-0.08709197160091137,0.8663483134992288
1.4124999999999999,9.55015625,1.5761296259062503,1.7499080332977501,3.1343238366649255,2.0597504011691123,0.2697011697012844,0.2741358348291369,1.2426421870219346
1.5584375,9.25296875,1.9696299503124999,1.5905140862607128,3.030354083935314,2.372430157137627,0.21141002297057482,0.6456354673215324,1.266137916353124
1.35859375,9.7571875,1.0319541393749998,1.845353004159621,2.8256815929689867,2.1461068012888034,0.6762786560406925,0.3565503489091349,1.1223287009838014
1.6071874999999998,9.545468750000001,2.02219601821875,2.0663021535689667,3.309261591393681,2.05131970212645,0.5587876222703985,0.2900044200332125,1.2178603413664602
1.34828125,9.264375000000001,1.984101604125,2.022946918087184,3.3768327778222895,2.3951381004063843,0.5774957781393874,0.19655593429036627,1.5052134389821175
1.765,9.6365625,1.908764076125,2.395679705219377,3.5803457491691706,3.203138149224466,0.014554300826651623,0.27155791279467073,1.4108525172080542
1.10609375,9.381875,1.87875672415625,1.9634119037305793,3.205592220538196,2.3321078625337908,0.6263842053138803,0.7375058367766828,1.2358310782551283
1.38625,9.767812499999998,1.45759002990625,2.064074020596161,3.8138261909588578,2.34487955328502,1.1676558849418943,0.5195218204737432,1.2457167530200448
1.2418749999999998,9.46328125,2.01644991603125,2.154306642373597,3.2533934469870744,2.098899061213407,0.2334643566002911,0.46865175881612886,1.4102540669649275
0.8473437500000001,9.592031250000002,1.82087024215625,1.6821036329061112,3.1410657922946212,1.9232786881269128,0.02569169171234961,0.06819961759903254,1.0863338960657136
1.3871875,9.43828125,1.57378864925,2.364985114085023,3.386764474893174,2.2335436022801756,0.3637405882986053,0.6619583893875861,1.30313631846612
1.2109375,9.35984375,2.10689753375,1.9504949041445225,3.479717792161591,2.244497165363571,0.027456307127698275,0.31644893288047093,1.1520131215897618
0.8618750000000001,9.386875000000002,1.598049861375,1.895304951551333,3.020554002890033,1.9244466486633118,0.08355232125513805,0.43074528679055823,0.873369666063041
1.2725,9.41390625,1.8534313736875,1.8328955916800063,3.4391139925438554,2.3242846172446416,0.573489270201327,0.6336261397440929,1.4463016714558732
1.1221875,9.32734375,2.01687554078125,2.153628818957378,3.225981072764677,1.935051745937109,-0.0027542862216196643,0.15107123639044073,0.8690913126614813
1.35015625,9.8078125,1.3971497328125002,1.631390791038719,2.9867496279138885,2.3573604313341687,0.7471064845266752,0.28164981100456893,2.3017819285386323
0.8825000000000001,9.31328125,1.501643335,2.056164511900738,3.001656342071563,1.91613834121077,0.2037539067503269,0.19161520600619478,0.9627994604726211
1.1528125,9.06125,2.8328194821875,2.450531491298112,3.4769412293710116,2.287723635472084,1.1235635268334514,1.2175340751205288,1.4487043898614413
1.60859375,8.62859375,3.4082792091250003,2.1794314533751544,3.2974184349216187,2.385351220658386,0.9675373804700113,0.8341247069456953,1.0781096864402842
1.0073437500000002,9.6359375,1.6023062163125,2.700302206575393,4.269918295013823,2.6331510923100816,-0.6729969429154558,0.2559751139717034,-0.05611295145761549
1.2857812499999999,9.146718750000002,2.66980098275,2.242109640416462,3.811274005617864,2.431871645752362,-0.01638118436559053,0.19899714966006116,1.3216378762281655
0.9981249999999999,9.130625,2.9632768792187503,2.9560593886752344,3.7128968117057872,2.326294843672816,0.2737848601337849,0.5370338252832266,0.2859735731393224
0.90234375,9.49484375,1.5652759065000001,2.5786229017318405,3.802235769989275,2.441023796897009,0.3583433571110642,0.04271795216458515,0.3714646460742914
1.6350000000000002,8.951718750000001,3.1916305675,3.0452955521591005,4.745865817572009,2.93507540538732,-0.22251791716899955,0.41581268350963896,1.2122420591498266
0.9106249999999999,9.325937499999998,1.8649235650000002,3.0938123099785804,4.139172138978247,2.1317711297707493,0.39886157435172337,0.2623867175460784,0.41255101332430916
0.91640625,8.943125,2.6891673738125,2.0663353485000777,3.8872511475816687,2.5264389288223557,1.0588151552428493,0.5003454874583884,1.4005405280719485
1.1240625,8.568906250000001,2.8145171603124997,3.7677213433445087,5.249177946708507,3.225201004371237,0.24686116195925487,0.2461272550296255,1.127475416804451
0.80015625,9.514375,1.348201598125,3.20988487536328,3.737949753457769,2.7631199717838943,-0.3065096983256444,-0.07894640761262378,0.4567969237496621
1.17,8.5128125,2.8828317354687503,3.2969517171168885,4.669643478344332,2.8435699937301973,1.2762086769586314,0.45574696028548234,1.3152726863222441
1.268125,9.3328125,2.0030423684375003,3.4495529035477914,4.588764971628396,3.205862516916925,0.12111701583511017,0.20456114433414438,0.26615265420550577
0.5501562499999999,9.04796875,2.8309041624375,3.1526360459282228,5.108736138862864,2.9224982734359095,-0.15135136796996423,0.2789886723387318,0.7329387428992931
0.7453125,9.444062500000001,1.7629837553124998,3.204332013438019,4.1798043908888545,2.7988498363978174,0.7340460025297737,0.002336276538516537,0.7518460655485657
0.6315625,8.47890625,2.6431987482812502,3.1673373176208672,4.813114933825177,2.325001148313024,-0.32590680132804617,0.36441389235310906,1.2288950350321968
0.9034375000000001,9.4428125,2.7230054754687503,3.2046778400634515,4.750926379648894,2.606409245306014,0.45605680720667835,0.1897981304541097,0.7083999636289542
0.36124999999999996,9.243593749999999,1.9304714780624999,2.5713660644684566,3.1830833946758195,2.954780016971339,0.4383803184775277,0.31861261343973385,0.8093655073919939
-0.18562499999999998,9.58359375,2.12881780553125,2.0613329084296406,3.730676617245314,2.5147929509536917,0.16632467684070942,0.5621079218570966,1.3337344334059553
-0.5303125000000001,9.14640625,1.52122259775,2.4163311346634075,3.190756359777559,2.628808606206539,0.7207233104485186,0.09255826959613583,1.1372791254995762
0.11203125000000003,9.26890625,2.3656841504687502,2.0573262226791935,3.5153472077749215,2.5756009689146953,0.20264681457590095,0.08892975646792946,1.3382254468369674
-0.273125,9.24125,2.4067580118125,2.1409167684370636,3.687183672872834,2.7658212418850563,0.06671461144893583,-0.10772757223955058,1.3058827980612648
-0.4525,9.954531249999999,1.4175802420312498,2.170319676913979,3.115775851256543,2.64310235849944,0.5317725483611496,0.040599500110900764,0.3224041937776982
-0.2953125,9.34046875,2.18308635821875,1.803282570021612,3.1991216712987707,2.092691833636874,0.11988365513874212,0.4080907071981164,1.0507188100369198
-0.26656250000000004,9.575468749999999,1.6850923790625,1.654148401321281,3.0196093133505593,2.040294212561713,0.2759660026730103,0.04486099213798562,1.4771781957684496
-0.14750000000000008,9.88640625,1.9787811626249998,1.7775465887002795,3.2352996225173545,2.1313362382482723,0.1621764848563918,0.1914325502272072,1.5023467937263804
-0.11265625000000003,9.386875,2.18351201234375,2.0116397557306174,3.543021695442324,2.389519471155138,0.5006276087952563,0.3065067917962963,1.1854687568211204
-0.40625000000000006,9.4253125,1.4429055876874999,1.6996897694873616,3.080776570500326,2.200188004448859,0.0382735829666948,0.47801845534900234,1.3882977270208168
-0.35624999999999996,9.497343749999999,2.2045809656874997,1.8934859551895282,3.088707376368946,2.142315062322314,-0.33629528250024976,0.3515840098992726,1.0860238244282858
-0.36046874999999995,9.490312500000002,1.9011025909375,1.8157328321571535,3.4074637602392412,1.9869591137123361,0.01318300587695321,0.08523942932916029,0.9166017180390935
-0.33718750000000003,10.0628125,1.25583863140625,1.8762491411973385,3.425360596323218,1.93951191847883,0.36510982121353713,0.5120884186848974,1.2016018700040818
-0.24328125000000006,9.509062499999999,2.1590379428125,2.1176542555144446,3.6478755455872873,2.3784026316986226,0.06494433139881817,0.3050486712061961,1.3164232853668991
-0.08875,9.185468749999998,2.0109166261875,2.1603895048115747,3.047170782918712,2.383648801101406,0.5445174401037008,0.5840543843518723,1.3388101738985294
-0.09203125000000012,9.69984375,1.760855555625,2.2554712504315892,3.4272859580265456,2.3865608232209636,-0.16474386364369722,0.21279794451732809,1.1313306431530987
-0.30578124999999995,9.43515625,2.29162350128125,2.359172792452566,3.0474036039858485,2.75038504862009,0.3028363836154657,0.5662014396399827,1.2787283105669742
-0.8651562500000001,9.2815625,1.831936766875,2.0322339864262524,2.9522857769182425,2.4180708786454446,-0.4382807603622657,0.293677593790086,0.8400746748942467
-1.34609375,9.0771875,2.65532936484375,3.5562667474067435,4.019604484877057,2.435786324153266,-1.2101793121849562,0.16637659618527395,0.8017158935535018
-1.5140625,9.16796875,2.25672136078125,3.321855053444348,4.19779413043606,2.7274351693036976,-0.7652601116801705,0.38696880373793974,0.8380835255656309
-1.321875,8.97359375,1.7185047888437501,2.7205651268394586,3.1461630238213876,2.6606375513438807,0.06867943440424293,0.19733696931745695,0.5312611396016189
-1.0825,9.3171875,2.5850994385937502,2.4357705403013643,4.213550858817745,2.286902086657013,-0.47467395418487873,0.4935345214036893,0.6628598317277935
-1.68921875,9.447031250000002,1.2977637621874998,2.8879108499308694,3.6179870437887747,2.3349891879414657,-0.8351956735999649,0.3958453100478308,0.11708356109601198
-1.455625,8.948437499999999,2.6970416481875,2.7754593510579473,4.356528225960869,2.598163284014799,-0.08323740919658036,0.4016986628073814,1.4021051445586419
-1.2915625000000002,9.26546875,2.38994539390625,2.9780731074964812,3.6865235697433754,2.8086745199681844,-0.2089547516305364,0.4785819119598238,1.0412579221557157
-1.41875,9.2375,1.54207873890625,2.8645175750028136,3.1302136508551617,2.512882022264527,-0.3821284726135473,0.261070752113353,0.9640039428315077
-0.89640625,9.036875,2.51061314328125,3.054624244070118,3.941664414860174,2.553512188866573,-0.6396857904677723,0.6701322030113198,0.8056756401692523
-1.45859375,9.4021875,1.6895615871875,2.9486818385442906,4.476774602305073,3.015264978811594,-0.2216818203098408,0.4378494745725723,0.10925372249506848
-1.03765625,8.872343749999999,2.6357501017187497,2.9358350293120927,4.282590389511462,2.656826578268144,-0.010678407782177986,0.47091584833498595,0.9681774669905535
-0.80203125,9.084531250000001,2.1852145653125,3.016032254721994,3.996449177741841,2.933169562488433,-0.08835138168694373,0.34973405061958546,0.40523002625292304
-0.8465624999999999,9.0309375,2.155632841625,2.7748402086595454,4.1801535254214945,2.498897969446881,-0.7829139177432827,0.32870844995524895,0.612494692665712
-1.0359375000000002,9.0265625,2.5844609684375004,3.079691400301944,4.3764823270057605,2.907723883523271,-0.33666118274040957,0.10797012465844293,-0.16842116823309777
-0.9146874999999999,9.068749999999998,1.5793218668125,2.9712218492303384,3.331313320223722,2.4948210173825065,-0.6597579912217827,0.49134304754415864,0.10612443417258095
-0.65796875,9.09578125,2.67767524875,3.4028807555545404,4.555162869168175,2.388411504358839,0.14864653553003856,0.3397581788692681,1.093092159663572
0.09437500000000004,8.61390625,3.21801999078125,3.0451082056923693,4.645099439593402,3.2931242205099553,-0.028849791610631535,0.48407467210337046,0.42990541920115855
4.301562499999999,3.0203125,8.089635015625001,0.06476444698868367,0.10547465261260634,0.04927846893880618,-0.11599098914939444,-0.9016236536487802,0.4503883030745563
4.185,3.01140625,8.141137181250002,0.0875535550391874,0.1006365239907336,0.07446462516319173,-1.172167080829129,-4.288425501780904,1.5238950692074262
4.12625,3.0093750000000004,8.177103593750001,0.02847696437473632,0.024486922530199684,0.03533522117728241,-0.17101338936436902,-0.029830454405154496,0.14465698163757038
4.1075,3.0075,8.167526765625002,0.03526683994916474,0.019843134832984447,0.0371625541719847,-0.784400207752966,-0.41996052556578284,-0.3200616062495209
4.081875,3.0181249999999995,8.145819109375001,0.02732186624299302,0.021713690957550283,0.040781388266093906,-0.3165215401745434,-0.03333851616313374,0.4671043467566457
4.28703125,3.14234375,7.946195857812501,1.1000038063677042,0.8464756755725101,0.8832434446522904,2.512160334668211,1.7923776873081347,-4.26014427415944
4.350625,3.0326562499999996,8.0047207578125,0.14779499103487914,0.1295695058103468,0.07900521703565078,-0.2794549346227148,-1.1011412650765964,1.3424933252953364
4.303749999999999,3.003125,8.030258668750001,0.030998991919093142,0.02505462781603433,0.02937117983283629,0.3277053851261483,0.37096910447261344,0.07553915428500436
4.31796875,3.07140625,7.998336168750001,0.13717210548590963,0.11038097644493586,0.06918858346076903,0.3110273146260803,-0.02996145750964554,-0.3999200987787118
4.3225,3.0571874999999995,8.0021668140625,0.08312265034273165,0.06751084982245442,0.045999516834204786,-0.91497266023864,0.46416621129552865,-0.24375417069592478
4.293906250000001,3.0426562500000003,8.014935899999998,0.0812907049479675,0.05220878121482532,0.04809059701257266,-0.028707273671120425,-0.1271814314211483,0.26003152067347685
4.30796875,3.0265625,8.02174598125,0.04319938105387048,0.047110864922541996,0.033916748021709256,-0.5904867314271082,1.464093374423681,-0.8147514447319559
4.2703125,3.06203125,8.0240870328125,0.06616666338685977,0.05629663865132177,0.042221583867759385,-0.8331775744781532,0.6678732374662247,0.47800380135356824
4.268906250000001,3.0459374999999995,8.0302587390625,0.06015909084201251,0.03802625532115933,0.04886052008123713,0.46698570892165714,0.48483183725922047,-1.3361714790627857
4.25078125,3.01046875,8.05132775625,0.06042310939067531,0.06445516095269252,0.056646335900239854,1.4302721607362394,0.2924012672876599,-0.19921561456809467
4.30046875,3.0418749999999997,8.013446278124999,0.14432417598392006,0.14956055420798625,0.12213819536412762,-1.317496003810667,0.5295244392507639,-0.4250422838155018
4.33171875,3.0484375,8.014510335937501,0.11157333193213116,0.06292899644639183,0.0752132444379427,0.2238975702656132,0.14535503231557065,0.4298361914218661
4.35078125,3.0615625,7.994079817187499,0.05627234799115382,0.06835611599374261,0.045766504755663726,0.1592379849058612,0.04109236329714967,-0.3202557110752027
4.3375,3.0618749999999997,7.98578000625,0.09908960591303216,0.10309090345418448,0.06957018040904357,0.5249574116613318,-0.13919604103906089,0.13585838025785277
4.23984375,3.0790624999999996,8.034727873437499,0.03084701097249947,0.03569483287185969,0.03727896055327053,0.10090118626967216,-0.38293506576180464,-0.09836928591844858
4.2890625,3.03734375,8.039622853125001,0.14244207978596077,0.10611376836177994,0.08658715218767317,1.049721956034248,-2.419084454723595,-0.7928792440218498
4.283906249999999,3.06125,8.02600243125,0.07324226041663043,0.07259691797865797,0.05363645650840013,-1.71774859640338,-0.5889261681650431,1.6853680708602377
4.24984375,3.0540624999999997,8.039835625,0.0816718316553359,0.09310140221151339,0.11613459243265449,0.03840776460900818,0.2100157049991958,-0.27940915726498716
4.2114062500000005,3.0320312499999997,8.070481350000001,0.07447455915235432,0.07062620989007902,0.05219725848288165,-0.2406038813526746,-0.14454089588332522,-1.1153385145832169
4.2078125,3.028125,8.064735284375,0.0690893612920978,0.10249809449448316,0.060199675114019656,0.5679552549560073,-0.3658808649250954,-3.2022697066225465
3.2121874999999998,4.41,6.5741585121875,2.120020245149501,2.7289432478525457,2.8829786627814373,-1.4810302008176095,1.4693172594638324,-1.4741376350709876
-1.54640625,9.751406249999999,0.8729791659374999,0.21093813657311355,0.08652794323764741,0.235649721272189,-0.016457017901487653,0.05984553435173285,0.20055570753198396
-1.58828125,9.737499999999999,0.940655273125,0.16028836014644823,0.10650704202070403,0.1346597838436075,0.5575050099453899,0.5447977174800621,0.172502360459363
-1.59203125,9.745156249999999,0.9319297340624999,0.1382951970367644,0.06319593013745031,0.17546616758450728,0.15478951962509474,-0.08317837106565988,-0.025993331346805145
-1.57109375,9.725312500000001,0.95768070875,0.12747692422920118,0.08507292368168624,0.12783539589880172,-0.7076863393398839,0.10623595265717575,0.2967593685512226
-1.586875,9.755312499999999,0.90809412296875,0.36492668356123265,0.19271877787011313,0.2814614319000949,0.31749076877727533,-0.8259072119455745,0.4635763328603561
-1.63859375,9.7475,0.9014967806249999,0.29578744050574135,0.20707788389878834,0.24962881848609514,-0.3292981043175683,0.11071880491013895,-0.7605549960029349
-1.6553125,9.71015625,1.0253568090625,0.22338286045207228,0.14453040540293774,0.18116644512457603,0.2325579850836638,0.2877839606619468,-0.6939275253412582
-1.6628125,9.713593750000001,0.977472775,0.15485344634120995,0.08511696341468906,0.17506820695230285,-1.2111358258068212,0.7790168815548781,-1.276031031867929
-1.71828125,9.722187499999999,0.92809901140625,0.24414746240425578,0.36754025608598306,0.2659225477540329,0.7439590154526816,2.0606619166208175,-1.1616771074587084
-0.7168749999999999,9.57640625,1.90727432921875,1.0552900593557204,0.8001881950272307,0.8419450811149256,0.9498791355692233,-0.02244638165305599,0.7938862407703684
-1.19875,9.74609375,1.1296375859375,0.3497744809159182,0.15459237921365182,0.366888240330182,0.20980535149520493,-0.464215877911711,-0.45159364812871333
-1.4121875,9.70671875,1.3350069,0.1618010810957393,0.09329145672802808,0.14346879996566983,-0.41743002513129746,0.28296965267519303,-0.3974972450777737
-1.2779687499999999,9.700937499999998,1.4586541093750003,0.24261710888442617,0.09268088310838447,0.15135829094216385,1.3288417166156667,0.562107539282738,0.1838714454603512
-1.14765625,9.68296875,1.56782972078125,0.2888270578320831,0.15771492961491484,0.28401484747381106,0.08339815949409622,0.8404246269117629,-0.2411833060411002
-1.2703125000000002,9.6265625,1.463974549375,0.9280001494308877,0.44915969720551513,1.252560618549115,1.1979701683174035,0.09985635145477086,-0.39190845631930804
-1.6203125,9.71921875,0.85680500359375,0.4272951583434453,0.2076829365846833,0.38370902426219217,-0.511229615878598,0.8345932877234096,-1.261508078996757
-1.6115625,9.7684375,0.68846601671875,0.42228255776642015,0.3551373798880512,0.28622920886432845,0.325287358420388,0.44796448439553777,-0.2539090315204588
-1.16234375,9.786093750000001,0.9608729776562499,0.3108392982490108,0.15555964679484688,0.2178048927746204,-0.4438081295291637,1.5288794774493166,-0.8233721506282164
-0.77875,9.81734375,0.8391411100000001,0.6020758361701622,0.13601748724313908,0.4028997586766958,0.7439214482168918,-0.3244209561979156,0.8175372623505376
-0.81609375,9.860468749999999,0.49820678968750004,1.1032602497647315,0.6130110869906331,0.5350528631981603,-1.7124093845158679,-1.464985985325961,1.428388407081928
-1.0901562500000002,9.78546875,0.96874724078125,0.48345595775203504,0.07917405050543716,0.4408338428913255,-0.32998138649559106,-0.3517061659597745,-0.675312157363707
-1.0028125,9.80265625,0.96044734140625,0.20535387710912595,0.08174354308407183,0.10209562679119838,0.3672301495755547,-0.16088173337521408,-0.79712259251824
-1.13046875,9.8265625,0.86297672625,0.26487868501153033,0.10750317945879562,0.18294806612265166,-0.29488996263553025,0.1151516647619358,-0.4179028701362396
-1.014,9.853999999999997,0.7482110992666667,0.37340415994826126,0.3715875850096896,0.4114447272429361,-0.0162409370554615,0.23166073597686432,-0.3280142542309635
