1622298834286 0.7264308540609543 0
1622298835770 0.7275511647256934 1
1622298837042 0.765734827896002 2
1622298838093 0.7939297315363294 3
1622298839134 0.796853083354419 4
1622298840347 0.7847057050554329 5
1622298841391 0.7904640738446491 6
1622298842455 0.7889547936226649 7
1622298843495 0.8110026377505083 8
1622298844552 0.7968260035731639 9
1622298845724 0.8286439521373647 10
1622298846785 0.7873083665449087 11
1622298847823 0.8111226191799403 12
1622298848858 0.8292156174781541 13
1622298849916 0.8058628408673021 14
1622298851061 0.8313938623195881 15
1622298852113 0.8056834278329049 16
1622298853195 0.8294949529022057 17
1622298854289 0.8198091713723006 18
1622298855333 0.8179308660803348 19
1622298856629 0.8326859740818964 20
1622298857720 0.7972687564448885 21
1622298858874 0.8270631931800674 22
1622298859968 0.8227475849201191 23
1622298861155 0.8311944024009158 24
1622298862367 0.8282512607962829 25
1622298863419 0.8433362912221178 26
1622298864488 0.8121343875553164 27
1622298865549 0.8458496807041702 28
1622298866646 0.8221184093592545 29
1622298867772 0.8290819282990337 30
1622298868814 0.8205864059326152 31
1622298869901 0.8330806377131565 32
1622298871053 0.8318972883197004 33
1622298872204 0.8201530095188292 34
1622298873288 0.8465979279715058 35
1622298874330 0.8285190759024659 36
1622298875381 0.8366580490059116 37
1622298876434 0.8387584008583127 38
1622298877571 0.8408461041276166 39
1622298878650 0.8387243444430867 40
1622298879689 0.8344103427359963 41
1622298880727 0.8447293749599287 42
1622298881795 0.8435385110159376 43
1622298882907 0.8406728359930742 44
1622298883980 0.8454763109181391 45
1622298885030 0.8401028098754418 46
1622298886073 0.8353619486529009 47
1622298887102 0.8312540344589003 48
1622298888200 0.8499133958870383 49
1622298889269 0.8414933205018702 50
1622298890314 0.8431386902764394 51
1622298891358 0.8411016860718623 52
1622298892404 0.8394127940662445 53
1622298893478 0.8442752116868942 54
1622298894610 0.804160778875879 55
1622298895657 0.8325816768598326 56
1622298896698 0.7893964139332682 57
1622298897730 0.8526911808127622 58
1622298898757 0.8327413591397769 59
1622298899920 0.8388050247829368 60
1622298900958 0.8493392423255942 61
1622298902007 0.826894873896654 62
1622298903038 0.8497911380265474 63
1622298904082 0.837427321118554 64
1622298905246 0.8445031704645589 65
1622298906292 0.854660065569547 66
1622298907325 0.8334316409265037 67
1622298908358 0.8497747269596732 68
1622298909398 0.8416425833367854 69
1622298910544 0.8352865485308882 70
1622298911572 0.8543417951020663 71
1622298912586 0.8333981800198714 72
1622298913600 0.8457468542285381 73
1622298914601 0.8510189670278868 74
1622298915744 0.840541318575134 75
1622298916794 0.8588742394452046 76
1622298917842 0.8391533677768269 77
1622298918872 0.8488657024351287 78
1622298919926 0.8456278153762777 79
1622298921086 0.8433561771839151 80
1622298922142 0.8474476372063725 81
1622298923188 0.8617480467839465 82
1622298924244 0.8412649536525619 83
1622298925300 0.8515103646566143 84
1622298926458 0.8523267766208874 85
1622298927500 0.8444977121684328 86
1622298928546 0.8448187883258206 87
1622298929565 0.8477984391026636 88
1622298930595 0.8405838258546688 89
1622298931747 0.8480905670603905 90
1622298932792 0.8533522322623854 91
1622298933844 0.8544467509906756 92
1622298934885 0.8442817810126273 93
1622298935971 0.8487524012195958 94
1622298937087 0.8485702594812989 95
1622298938111 0.8500691828922321 96
1622298939164 0.8404488852278501 97
1622298940210 0.8437098340653093 98
1622298941276 0.8581439519210294 99
