6.619375,8.38625,-1.8850000000000002,4.609519997719394,3.7866626549641307,3.1252004935683724,0.26634685819113446,0.880728625986493,1.4718988949802692
5.62703125,8.239375,-2.12484375,5.922514161994333,4.18815661829581,2.991270628944486,0.19661077878422958,0.9066521366649422,1.3977254010232547
5.737187499999999,8.51609375,-2.0475000000000003,5.829034136531004,4.148392993523027,2.511127734704071,0.26897337916867947,0.6031980285999801,1.0857904971178414
6.412812499999999,8.41015625,-1.70375,5.480878256707017,4.128530872245712,3.7937821250699146,0.10932883602421356,0.8027216701618731,1.3971052535806234
6.11515625,8.48796875,-1.9171874999999998,5.021396093277838,4.0494695561917045,3.836727311765035,0.07531130741760464,0.842510352450833,1.856655519358894
6.50484375,8.565312500000001,-1.79109375,4.806680894919689,3.8272917843226626,2.947114646770793,0.5220184311395178,0.8790706722902784,1.2252905747761778
5.7329687499999995,8.657343749999999,-1.6865625,4.8364949471723255,3.4062553863202827,3.3224779997155363,0.7574940756550395,0.40770689718404113,0.9270602640215604
6.002656249999999,8.4040625,-1.75390625,5.128183231597321,3.8225750968547043,2.62139908802741,0.3866179420183011,0.6097986032387915,1.7708956435368377
6.4196875,8.30578125,-1.5478125,5.329969796100514,4.070775342566627,3.0564933281202737,0.3030141654229337,1.1022400498094822,0.6803508903295629
6.40328125,8.21234375,-1.9184375,4.706745178028915,3.840546731174604,2.7266160453195,0.08468128877282999,0.8481676460377153,1.4125871144656281
6.493124999999999,7.970781250000001,-1.73046875,5.0916984749074645,3.6863249418829636,3.124631193080783,0.3341843538798559,0.4818527304430852,1.470531631876788
6.33265625,8.10546875,-1.8553125000000001,5.270449530811954,4.163830466682504,3.2954305336850527,0.3622082247094067,0.547991021003346,1.210638882514263
7.1934375,8.044375,-1.8228125,5.899876645625207,4.153308122373659,3.9704075155887653,0.0993707006074735,0.681576387882366,1.4296374471806839
6.56875,7.94359375,-1.8057812500000001,5.500203831450249,3.990535038996768,3.5466466577104123,-0.03799651031158946,0.8977631623568475,1.7278937816841986
7.2396875000000005,8.3446875,-1.8417187499999998,5.2320819137647065,4.1388064284698975,3.5671012192533085,0.05301748708161324,0.6737377686692719,1.4588256303771028
6.5203125,7.77703125,-1.5696875000000001,5.329318368923342,4.066441426360822,3.6858682698034326,0.2667498376403793,0.8157472673869886,1.2332291628470013
5.72265625,8.78109375,-1.8640625000000002,5.720713800028449,4.287054684303775,3.3638639049601506,0.36277191543108717,0.7042160779155717,0.7367507291988271
6.39875,8.176718750000001,-1.0971875,5.443266913123037,4.1282990802385475,3.5198856820703353,0.23546516255515895,0.8209670072948672,0.48178359300585066
7.09875,7.49828125,-1.02640625,5.1592833501853725,4.148459636828884,3.2001012519076544,0.21303959236644673,0.7205547129436969,0.631812757663236
6.5153125,7.255156250000001,-1.5065624999999998,5.565552805188695,4.132945375345038,2.8576543149222493,0.006866218745663197,1.0503766155617893,1.5954435488493959
7.3753125,7.2696875,-1.310625,5.019658531946545,4.334551940782778,3.265796167762924,-0.12048229909298523,1.0040351024321457,0.8192367997266904
7.6309375,7.1596875,-1.2475,5.170149513901291,4.149804953530196,3.161177094849322,-0.08755175308770193,1.050939134456638,1.3559002473833994
7.17234375,6.75359375,-1.4359374999999999,5.190588761820371,4.089519519144142,2.8985997259183183,0.11775427118837269,0.7288571888660951,0.40334918895520444
7.45890625,6.825,-1.4871875,5.162860797679029,4.368127816925691,2.9827627025701773,0.07029482788622436,0.9840553140588437,0.8375113128137507
7.977187500000001,6.50875,-1.08046875,5.160014676805072,4.239455116816312,3.7526754746145365,0.02734929146500134,1.0413732245202922,1.0408618064078474
7.75484375,6.46265625,-1.5031249999999998,4.51788667139692,4.044210461491333,2.5106609407434926,-0.11406153529417797,0.9984660985136404,0.8129794452324085
7.9710937500000005,6.289375,-1.42125,4.761078894663576,3.914796001629587,2.603301689681778,0.056958249544065344,0.698599686828601,-0.15195531101455786
7.5248437500000005,6.713125,-1.4793749999999999,5.056239027240102,3.9568397565955333,3.6215288876902525,0.20680106771329101,1.1190828760127054,1.9120417205448985
7.91,6.40015625,-0.996875,5.003704252851082,4.238688436661268,3.0936986738166663,-0.09689217130892462,0.9497670661223805,1.144483581481116
7.680000000000001,6.34875,-1.26125,4.739823968250298,4.0982784114186295,3.0356864442000595,-0.09979796627651029,0.9462110379723866,1.1823734835725446
8.19703125,6.6321875,-1.580625,4.890895137806927,4.42035330486645,3.266208560299694,-0.07346211376926559,0.7431314095543655,1.70820522565814
7.61609375,6.1778125,-1.15109375,5.225806043445445,4.066585433732304,3.028393301936018,-0.0018760455413392952,0.906046391070243,0.7108653045547125
7.760468749999999,6.329062499999999,-1.26140625,5.079823578902464,4.189048862342591,2.98540505375082,-0.07831224693609747,1.0607811612062674,0.7384397610808792
8.036406249999999,6.344375,-1.2600000000000002,5.580735941384518,4.265423438461298,3.4015414704219027,-0.18751143665827025,1.2055809534518813,1.483797501302094
7.800625,6.319062499999999,-1.3151562500000002,4.841163946756502,3.9565664244510987,2.952100942648462,-0.09705161532284763,0.8774269806594743,0.1049100053462193
8.41484375,6.570625,-1.4537499999999999,4.855703152025043,4.455806911702413,3.4636503053137453,-0.03899810606767904,0.6344678305968015,0.6081843612582702
7.819374999999999,6.17875,-1.36453125,5.261111121652441,3.7002274001066473,3.192246431632971,0.02080588045616554,1.071475329081215,1.0529375582233274
7.86890625,6.362031249999999,-1.30484375,5.137798992877294,4.212876904387718,3.3641278551187583,-0.00914845340891126,1.0114800191685551,1.2313349287011053
8.20078125,6.20734375,-1.0607812499999998,5.342041482630815,4.395977650857194,3.7103484104795923,-0.10653799952705496,0.8352396022392423,1.2183870343005727
7.9673437499999995,6.1440625,-1.2326562499999998,4.983410680130219,4.173514226176035,2.8254431301719625,-0.21779617795880735,1.4145691913860354,1.5908720103931557
8.36,6.0771875,-1.06484375,5.032567684592031,3.6278477903357174,3.4643172091461167,0.02452106562094508,1.2045631795045975,1.2173871177198088
7.868125,6.307343749999999,-1.2140625,4.980750719959292,4.2626760382224615,3.489743775851424,0.17950270404473903,1.0565284748951116,1.656107833408181
8.1684375,6.24640625,-1.4337499999999999,5.097556466935286,4.216567534436148,3.1058601365000325,-0.03175847880010084,1.0557509002491539,1.7751975394217383
8.41671875,6.229374999999999,-0.99796875,5.3814162444377445,4.681146986516766,3.846201120784434,-0.21767628938220218,0.9479689908578043,1.414619222430131
8.19296875,6.3134375,-1.0323437500000001,4.399988877715879,4.2705368583579455,2.6787063938281737,-0.006321141260881376,1.0963746392560396,0.5546419990215136
8.11859375,6.1518749999999995,-1.0593750000000002,5.058895280588533,3.6163201578918587,3.4506067740869866,0.06626040993816022,0.966836543017996,1.0336152549111632
7.9684375,6.207656249999999,-1.22328125,4.838330102793085,4.151931682281867,2.9304842041714605,0.12078532559913271,0.7361820925456336,0.15479350329691471
8.300625,6.17828125,-1.07890625,5.089417904768187,4.240698112740216,3.366886134280596,-0.0231870858663378,0.8141093187461439,1.166163323072181
8.10453125,6.2375,-1.1046874999999998,4.71034497465668,4.201159810100063,3.2402208493162545,-0.09799485494772,1.0317774961616495,1.5132654256280862
8.337812499999998,6.04578125,-0.9546874999999999,4.56583113626027,3.5175398916925498,3.627894520564752,0.012879620034004951,1.13002696213058,1.1319684671491805
7.8637500000000005,6.3790625,-1.0490625,5.0674261526439635,4.175219574596497,3.2526987442881565,0.245399575247677,0.6581387799656317,0.8465582930831873
8.21578125,6.1128125,-1.1139062499999999,5.214377001584028,4.176868395083061,3.2949007084752853,-0.23204937158559102,1.0282176973660206,0.6796471960014523
8.045,6.1353125,-1.1581249999999998,4.918306365000049,4.0314707182793414,3.309675151638752,-0.14527327204036833,1.1397721965209828,1.1450652766712694
8.709843750000001,6.3325,-0.9925,5.097362520273199,4.040256798769108,3.4547277389108397,-0.06461172294536907,1.2294456126955484,1.6894979523259694
7.700156249999999,6.148125,-1.11296875,5.093404280349827,3.7127844482780037,3.3748595710078724,0.06726111468761918,1.1687408175158007,1.676445980915271
7.84578125,6.32046875,-0.9353125,5.331420367936526,3.894055738272558,3.4420778466420177,0.11952461990094158,0.7818186611311609,1.3462077707025664
8.436875,5.9028125,-0.84984375,5.26349363392557,4.106956167874665,3.3674839885418812,-0.15570914666332009,1.0906398398463897,1.4578792437205104
7.9515625,6.32234375,-1.1859375,4.750489849330672,4.306018223874109,2.917785289580738,-0.11818456504580906,0.8975705394962645,0.701529699941358
8.43359375,6.03671875,-0.974375,4.982703635824725,3.540045927795067,3.1242683518505574,-0.14247170968562295,0.9674315894229931,1.665189742195645
7.86328125,6.1475,-1.0534375,5.357301983825295,4.292967359531167,2.8742880742183363,-0.009972741358421626,0.948640815067858,1.5742176100011347
8.1375,6.47234375,-0.8626562500000001,5.400461496483425,4.142215116255545,3.8036566461545838,0.05178671455164592,0.9337322079313783,1.494053183269778
8.3515625,5.942500000000001,-0.92796875,5.218835244438528,4.053672331972578,3.2476059353812365,-0.10915138189066022,0.9870732796989117,0.9785010904794821
8.188906249999999,6.102812500000001,-1.3590624999999998,5.34282963336947,4.124873660470555,2.666013948030608,-0.24948257440723198,1.0242934765543847,1.5515444557143432
8.25796875,6.316875,-1.3904687500000001,4.798290444160654,4.221385982041324,2.802130567581289,-0.1334233944825831,0.6544697183146813,0.2747441139501206
8.475,6.31046875,-1.3482812499999999,5.286083734675417,4.224165757019182,2.6712044068918495,-0.22301338668955412,0.920568996320735,0.6526490384913285
7.982968750000001,6.0132812499999995,-1.26375,5.244157069923005,3.589792409861389,3.346433035711308,-0.1257244880940998,1.07490338997121,1.5556239149177713
8.144375,6.23421875,-1.2307812500000002,5.4249236385754775,4.237486653624815,2.7896097983675845,-0.14483716909946784,1.133301681908907,1.0403320473142228
8.36125,6.1704687499999995,-1.34265625,5.590739972266641,4.616739389739629,3.6778242728325043,-0.24069931827013535,1.0211836607252571,1.631231030714388
8.2675,5.77578125,-1.248125,5.559337584191123,4.161030823563848,3.306053101414888,-0.12473309848369608,1.367978066466209,1.4197027866368657
8.12296875,6.2009375,-1.5787499999999999,5.291086750283295,4.008155248501953,3.2793770845238277,-0.18452948801082558,1.213885844263032,1.7521712255024429
8.38953125,6.245468750000001,-1.63328125,5.582611796262878,4.976105068753416,3.6182502049883776,0.022814077233343593,0.8098083237109959,0.9176197201735513
8.517812500000002,6.15078125,-1.183125,5.533201906658002,4.717519311263965,4.2952513295935315,-0.19306179985733973,0.945461912146514,0.9086871290122039
8.344375,5.682499999999999,-1.1090625,5.566464001893392,4.034214994890579,3.525744477566936,-0.05447938509888965,0.9340295570142456,1.0301402902285415
8.00453125,6.032343749999999,-1.183125,5.231402157192031,4.400303520137666,3.9434117822483366,0.13911052533534474,0.9407158378901531,1.0392526699393978
8.11828125,6.19359375,-1.3523437499999997,5.364916866401421,4.691700906650054,3.586115038497223,-0.057891741419205715,0.758829298021407,1.1102741708460333
8.31546875,6.0378125,-1.21703125,5.403522846742987,4.170265080284915,3.31455534333392,-0.03435523222034961,0.7935186503186084,1.4365338090272295
8.337343749999999,5.83,-1.4103125,5.485153895455983,4.373369696241103,3.227971484128035,-0.1184390492497723,1.0436476745391734,1.2681064849229016
8.108125,5.9246875,-1.1731250000000002,5.418702818422044,4.643863547989298,3.6304501593294183,-0.10450616776065162,0.9545785534221713,1.0977377425415924
8.813593749999999,5.96484375,-1.10359375,5.198628835804778,4.630083014977802,2.5883925798574174,-0.2991743215484362,0.8681600349173447,1.2094197229105048
8.149687499999999,5.795625,-1.0209375,5.290852060617812,4.173312486427897,2.941476945531573,-0.16727122704753225,0.9139705675243452,1.0126470210055913
8.0703125,6.01953125,-1.2309375,5.088301217237807,4.256379193959749,3.1911884143832294,0.07774213073895712,0.7153062773071616,0.4413406190521342
8.06859375,6.168125000000001,-0.9204687500000001,5.226723659230602,4.088517409694497,3.482700743356144,0.00824432315916542,0.8538411012826103,0.9205833397605295
8.5103125,5.9809375000000005,-0.8721875,5.230445717369004,4.3516109512562995,3.158443776584245,-0.09418207673409644,0.8850064139993274,0.8102448581006393
8.658281249999998,5.821093749999999,-0.8442187499999998,5.343925744094732,3.989132548714186,3.2631660262157114,-0.09558623708868338,1.178623768987942,0.5320474936798156
8.28828125,6.055625,-1.005,5.236832461841646,4.306769698320889,3.123575675407913,-0.2462451541877983,0.9472313300493923,1.2640802473790371
8.587499999999999,5.79359375,-0.8121875,4.8095481206658075,3.747405505474546,2.834661834301183,-0.18601449326897665,0.7629699293192201,1.487298087652932
7.89484375,5.8571875,-1.0525,5.142141149422674,4.365767210908496,2.8687486383439036,-0.02029065630149502,0.890635697467466,1.5717377148776148
8.234375,6.043125,-0.98828125,5.235907835263623,4.380906325679083,3.1005083024237234,0.02874570061436191,0.9994921655099762,0.9313804154684605
8.435156249999999,5.928750000000001,-0.7028125,5.256328920985247,4.471810141039085,3.4989326357967725,-0.15124090357697553,0.9747948650241953,0.8408711475149081
8.240781250000001,6.18953125,-1.0946875,5.118777718083531,4.161287522242778,3.001694296950266,-0.1619431811582815,1.1260413027371872,0.9332302203523293
8.47125,5.865625,-1.00890625,4.955265980499937,4.021590122000873,3.128722841066453,-0.15638729091026798,0.5512925218622341,1.0984744475855868
7.8890625000000005,5.90828125,-1.065625,5.252305660002448,4.009835390436675,3.584776350677264,0.10556959485376713,1.0270297118802731,1.3106331851670059
8.399375,5.945625,-0.8075000000000001,5.115340859549342,4.522424638330085,3.463875178178336,-0.15212441241218283,0.8182284507800461,0.6645080432367838
8.495468749999999,5.54875,-0.80984375,4.96855107453606,4.336356297342275,3.1678455278131756,-0.14422516989089085,0.855299604679543,0.7744477670176748
8.51578125,6.098750000000001,-0.8434375000000001,4.7904513763995595,4.1418615606391285,3.5352038567236472,-0.15178416105566647,1.0512962425317767,0.8397896520188795
8.1521875,5.75359375,-0.97125,5.08007365496247,3.7527374871500054,3.148277058567114,-0.03469619181361282,0.9404048395474598,1.1908831144398933
8.16765625,5.97703125,-0.9189062500000001,5.113267284167329,4.5159525156962665,3.08951812443477,0.005010038758464707,0.6176968829877437,0.8428610178259753
8.324375,6.35734375,-0.6915625000000001,5.33409167378805,4.570169322009408,3.0171371047060074,-0.12186488362502791,0.7776663946067959,1.3763688694483975
8.26015625,5.88359375,-1.03328125,4.796431450889916,4.260953299727766,3.2125311548525777,-0.17593766704507222,0.8437320619855408,1.3728683448344483
8.622343749999999,5.830937500000001,-0.9375,4.580141490100053,3.775631039454696,3.1163495270909523,0.018388137568495073,0.6290889511456866,0.9807587849260133
7.64921875,6.1656249999999995,-1.0076562500000001,4.855659811204697,4.221729087041825,3.044845922922199,0.2829142878330317,0.927355160931924,1.1908862079186784
1.61015625,7.823281249999999,-1.02390625,6.79727346353565,7.3492903685252795,6.999588072073308,-0.6178196688117863,-0.03360847650169782,-0.5167210390143868
-2.38375,7.722656249999999,-1.60953125,9.666187604867806,8.283817855121871,7.413905100739652,-0.1874729850770365,-0.11053286015849643,0.40019732328660373
-4.76203125,8.100156250000001,-1.404375,10.684113524833188,7.71068201672757,7.11014259592415,0.011119855408299097,-0.10303440164027232,-0.1029236397269696
-5.04078125,7.683125,-1.2442187500000002,11.024497764168146,7.579353714821272,7.41458187557791,0.16721800797332464,0.18966889939400636,0.7052038929042415
-6.30046875,6.918125,-1.869375,10.629199968378309,7.307425563040311,7.5717635154813845,0.2947565970870842,-0.07503046825069447,0.37067310251466845
-6.844374999999999,5.907187499999999,-0.9115625,10.631823231900302,6.581500462648601,7.813578569298049,0.3717885550218755,0.02385293790465329,0.11205663305568221
-6.601406249999999,4.7253125,-0.8434374999999998,10.605950256104396,6.233447824225671,7.131207869890889,0.2960820934448691,-0.18253620832009224,0.39005498018928314
-6.1865625,4.50890625,-0.45062499999999994,10.495861419321129,6.7339826433701875,6.989753633667999,0.2482010132476856,-0.23776483992271755,0.26530339060959085
-6.53375,4.0540625,-0.736875,10.375901692744588,6.644111753733056,7.525697616126694,0.3224497254649363,-0.3005833146169063,0.3169206758726181
-6.2659375,4.20921875,-0.6243750000000001,10.287751624922413,6.690744144125408,6.628574949366945,0.2999207145344089,-0.4012275822034281,0.14008943299379872
-6.695937499999999,3.9140625,-0.574375,10.143975077408943,6.126831032115522,6.58953310063581,0.27769188742221407,-0.05612411521756917,0.19187842050991513
-6.78078125,3.8181249999999993,-0.85609375,10.312983368169874,6.549284759374492,7.197063120031041,0.41148745457551333,-0.1637141186319316,0.09496656723812252
-6.6153125,3.9090625,-1.6857812499999998,9.786750125927593,6.449916113492776,7.467155542082168,0.27181517657244936,-0.4830881660017588,0.4085154719136962
-6.5,3.6603125000000003,-0.2785937499999999,10.224188843130785,7.135255331965616,7.461147881523387,0.37187776969278286,-0.5949325098262485,0.5613226581294388
-6.304843749999999,3.39875,-0.8110937500000001,10.283269785218412,6.3344959596245705,7.3486068231475645,0.27759630127555956,-0.08934051481798289,0.13046288690750873
-6.446250000000001,3.53171875,-0.2784374999999999,10.432679201072943,5.979146457346436,6.727073383618893,0.3418906418483941,0.17863385448645655,-0.18092513169101834
-6.309531249999999,3.09515625,-0.7301562500000003,10.458552933736744,6.097380839392102,6.866661418628847,0.24358880710074712,-0.16612293266925737,0.5402418733030575
-6.50765625,3.6706250000000002,-0.7471875000000001,10.45844526300807,6.007548604412203,7.320483135684676,0.3842331437768427,-0.15809505140615002,0.4179779469596958
-6.87609375,2.9171875,-0.6585937500000001,10.52053447685577,6.4684806631730565,8.285197807533683,0.495047748693564,-0.2730586784052533,0.3189110588193604
-6.89265625,3.4190625000000003,-0.6942187500000002,9.877386300628114,6.690831347530271,6.951218149694947,0.33105205791094106,-0.09044669823062226,0.10152754027009017
-6.21140625,3.4221874999999997,-0.9512499999999998,10.37514847291165,5.917316872100374,7.198664047064566,0.3750331699864278,0.2285791335018094,0.14139725464115285
-6.11328125,3.5246875,-0.6612499999999999,10.309242827235105,6.8466467542399,7.537621993208468,0.3226977340932503,-0.27636413983421904,0.2312320188383954
-6.039999999999999,3.68859375,-0.35765624999999973,10.571908827170239,7.129349739629901,7.64378316472517,0.33280210633592283,-0.1308398398186401,0.5778617361140159
-6.595468749999999,3.5628124999999997,-0.561875,10.488147615535999,6.266003877260511,7.643610664102078,0.3720170160813473,0.053332116968575434,0.38251663307161654
-6.90796875,3.5803125,-0.3117187500000002,10.538146655675439,7.118796634779206,7.687833642086595,0.3853639071230217,-0.263424652533394,0.3558600894485008
-7.25765625,3.8032812500000004,-0.6959375000000001,10.004484579144291,6.194233975714709,6.874813342636566,0.4629387940412805,0.006185458682045724,0.6222422552095785
-6.64671875,3.68203125,-0.3967187499999998,10.484778111428893,6.6047374521265745,6.738459128086957,0.4207240498307806,-0.030530609731097665,-0.1585762537522165
-6.462187500000001,3.5423437499999997,-0.21484375,10.287534852424255,6.289224848448014,5.983348245387856,0.2537136554058434,0.014026861792917171,-0.009310035065112658
-7.02390625,3.8101562500000004,-0.5168749999999998,10.77371477503052,6.417255422926996,7.763930197353335,0.44538283732305367,-0.23898557603048082,0.21036496483979386
-6.53140625,3.25046875,-0.5664062500000002,11.041235900476039,6.322010021960851,8.303232120533602,0.4660906399731962,0.13564155775486367,0.40632205751620254
-6.6565625,3.5451562500000002,-0.3957812500000002,10.64679635188885,6.332994205001765,8.027876393520796,0.3840240360288005,0.1969275774878348,-0.05236054749008032
-6.424999999999999,3.5453125,-0.6115625000000001,10.47521703235785,6.658364093555094,7.989455202552534,0.36050249947225727,-0.2653679095703632,0.3586318831347058
-6.6771875,3.60109375,-0.65015625,10.284120719091339,6.857983740955569,8.011344396422235,0.407782357532468,-0.40050173910048925,0.3115211734284248
-6.4487499999999995,3.6506250000000002,-1.12921875,10.539191219562344,6.389374449770103,7.2687908005491835,0.3442978379338185,-0.24058711175160577,0.10385194028301517
-6.59796875,3.5090624999999998,-0.8964062500000002,10.264506682569964,6.528534655349066,6.9794323657057475,0.3464530274385743,-0.4010602704173971,0.08034914273413236
-6.1401562499999995,3.18578125,-0.5378125000000001,10.327784051435522,6.78067953929755,6.853840499299919,0.3416947188704147,-0.43804710270905506,0.5471418356816076
-6.62125,3.7084375000000005,-0.09281249999999985,10.414223671858599,6.838070867108189,7.1494325536956955,0.36017777579348503,-0.25672364675722337,0.3009371237439038
-6.3549999999999995,3.47109375,-0.8253124999999999,10.613580775355695,6.498886471251128,6.92236027503219,0.29836854696314774,-0.25046576100051815,0.2758673635041047
-6.9159375,3.5250000000000004,-0.09812500000000002,10.584470008984567,6.72516194042939,6.56782257368262,0.42704225826520253,-0.12229081809338081,0.15484621869240886
-6.631875000000001,3.4495312499999997,-0.28578125000000004,10.488439748569613,6.795939373462173,5.9655358635791,0.350153145571141,-0.31138437568874155,0.5862456014009385
-6.645,3.2392187499999996,-0.5503125000000001,10.760842642423501,6.556045469804831,7.10532062276881,0.3625443230108679,-0.46177651118719615,0.3449517098061977
-6.769375,3.55703125,-0.7324999999999999,10.309513791123953,6.361985411333748,6.950508749365042,0.41468693733603723,-0.1988624165422621,0.4582470618527117
-6.27703125,3.47453125,-0.35937500000000006,10.646648193164994,6.36193119502824,7.5405665144851675,0.355076577749133,-0.4232139036118929,0.17713126740413285
-7.493437500000001,3.2484375,-0.6412499999999999,9.90437675013394,6.660590302938153,7.474325115854943,0.5017223900203595,-0.4477463304336047,0.40826330215806655
-6.917656249999999,2.9992187500000003,-0.9467187499999999,9.827356228627103,5.904920433600138,7.4828184560296815,0.3651506655926175,-0.5025684442999375,0.7809952873560583
-5.643125,3.1503125,-0.35953124999999997,10.224722012572029,5.878190880478768,7.172631671344448,0.2591318852892678,-0.20327763742747057,0.36407709423084106
-6.146875,3.0014062499999996,-0.38578124999999996,10.340539890855554,6.070153124918756,7.3713225587168845,0.41617539341184817,-0.229154422989855,0.15602039890841485
-5.963125,3.3773437499999996,-0.47046874999999994,10.093622348264025,6.216667677046598,7.7053859875916295,0.294105653402547,-0.5597710963508381,0.2744327098700603
-6.295781249999999,3.27984375,-0.30296875000000023,10.428168254283607,6.147659994915622,7.871226810289704,0.3401180923539939,-0.4152988553680754,0.23236455714287974
-6.26828125,3.01234375,-0.108125,10.201222131852557,7.130394392622048,7.482845981601853,0.31839922502021833,-0.7216676740509392,0.7124940334489377
-6.32015625,3.33828125,-0.33546875,10.05353365927055,6.62305432624544,6.378209468986844,0.36428881937686397,-0.6160266318062488,0.6932054332619582
-6.746875,2.66875,0.3878125,9.927685385293744,7.330366315028192,7.391360342646254,0.367034611557098,-0.5853736928940565,0.44817309708699893
-6.4978125,3.1289062499999996,-0.9065624999999999,10.114485353434635,6.810324220711591,7.644466793609202,0.3070857303953253,-0.7298425257649055,0.39525204653919105
-6.13796875,3.4998437499999997,-0.3701562500000001,10.193566932704345,6.256095650490482,6.6224840723165155,0.3306234502433721,0.08558032842087661,0.05493546194615602
-6.313281249999999,2.95890625,-0.3709375,10.223906734751566,6.564176242394086,7.165635596099885,0.4470373146807389,-0.3806952968415729,0.10856527783049265
-6.497031250000001,3.4765625,-0.6729687499999999,10.079794870136169,6.5454786920892,6.610764346807669,0.28804673416646437,-0.3155797432427435,0.7265679532414152
-6.243281249999999,3.355,-0.3703125000000001,10.00302377013563,6.870047079533006,6.6321920793462965,0.27351279009786816,-0.20954539988176954,-0.08844311986619793
-6.1196874999999995,3.139375,-0.7651562500000002,10.253875786859512,6.702172426487922,8.257153525918357,0.30929926148639914,-0.29597212244550714,0.20039133605904458
-5.688124999999999,3.16609375,-0.66296875,10.46250311753239,6.373985609782229,7.147643116722004,0.2765974394776568,-0.28410702179649006,0.2214158246591509
-6.5503125,3.4065624999999993,-0.44359374999999995,9.889065610680504,6.637113976239503,7.247724075353651,0.3736968600346121,-0.5033059263856714,0.6009010076472994
-7.043125,3.1434375,-0.8104687500000001,10.463345078624474,6.330886642769222,7.274330387930798,0.42583487488317645,-0.08202443433768704,-0.08799724885606397
-6.439375,3.36796875,-0.24640624999999983,10.448174014361312,6.201288721832216,7.694986266879295,0.347999054890071,-0.10616517203652814,0.3752737243602707
-6.6656249999999995,3.22203125,-0.40718750000000026,10.702286536501207,6.222843295996086,8.126801428904471,0.4782534201692968,-0.17461916863785668,-0.07741579474006643
-6.845625,3.08796875,0.024375000000000258,10.333053135902041,6.427617944193901,7.874327128991721,0.44085789915470236,-0.07652628561272792,0.28731615006041783
-6.536562499999999,3.4410937500000003,-0.3624999999999997,10.697835531479896,6.527611095662098,7.154101096573909,0.3127794383116393,0.12096229843807602,0.04034465026731202
-6.84109375,3.11609375,-0.8490624999999998,10.05042429408883,6.689472516851454,6.98464895296061,0.41055937348199023,-0.06616597444586049,0.32729422489231247
-6.30390625,3.0821875,-0.7809375000000002,10.867938169391236,6.715318186046269,7.879053464477427,0.32564652244561587,-0.22879611909561876,0.43300711862927505
-6.363906249999999,3.4178125,-0.4290625,10.126337815504227,6.764052841295945,7.081660230559904,0.3452428043657509,-0.30062484674882567,0.36285883650352535
-6.402187499999998,3.3381250000000007,-0.7139062499999999,10.148963227337251,7.216636568331192,6.92157691055376,0.33569528744618327,-0.3064911180412343,0.33465060839562727
-6.883593750000001,3.3420312500000002,-0.7375000000000002,10.48187056409594,6.677787381425335,8.318181329172862,0.4768860026550036,-0.2946722260918852,0.24912267648340336
-6.724999999999999,3.39390625,0.10671875000000008,10.59895248361837,6.20420764914513,6.720429918978282,0.44979585180106374,0.18780305853239337,-0.09198193595474796
-6.488906249999999,3.5253124999999996,-0.29390625000000004,10.482187736403644,6.4160672262955405,8.112545573290232,0.39900690220749163,-0.06829019628572475,0.1474934865468426
-6.691406250000001,3.4937500000000004,-0.2735937500000001,10.38065882831918,6.262045766959868,7.224609281647066,0.43105619215414015,0.18661877275833497,0.3157702601953696
-6.10328125,3.3774999999999995,-0.6046874999999999,10.390050387072165,6.332047210420971,7.383496158822306,0.38079143562952894,0.09281927207033237,0.12151524524635934
-6.295156250000001,3.27296875,-0.18734375000000014,10.739357812531713,6.286249298987706,8.559295429930897,0.3555650702117524,0.09819418332498528,0.08135755644892001
-5.94171875,2.82515625,-0.6782812499999997,10.119341868837045,6.384848273497651,7.543780665780152,0.28111169809081865,-0.05106843370192482,0.33638276011739326
-6.24125,2.7731249999999994,-0.37765624999999997,10.357032257722286,7.026488248718203,7.763347526636686,0.40469001367332114,-0.5710972049708638,0.14265377375100635
-6.20078125,3.3459375,-0.12046874999999996,10.096291600243548,7.113315137549702,7.2994981483505725,0.3280741833380878,-0.37026366486650897,0.13502070291434845
-6.050625,3.5525,-0.67109375,10.282520799121926,6.72394903497937,7.092081878137825,0.2798503281695377,-0.1704238582317891,0.12413611788499901
-6.41375,3.26015625,-0.4654687500000001,10.23467596885705,6.628231874948698,6.593569293658287,0.39232030404463947,-0.5978320794659585,0.758517948759561
-6.070625000000001,3.50734375,-0.58734375,10.344905279139823,6.555186696947382,7.48091869403992,0.35724612025113023,-0.6105951900400745,0.4196654266035553
-5.999375,3.39265625,-0.5134374999999999,10.023452011875698,6.113573331680576,7.525473037197977,0.262658559541373,0.008410200266583222,0.007074004728274058
-6.29125,3.4739062499999998,-0.689375,10.584128374008886,5.951904794157156,6.504370856153192,0.4293334510204516,-0.21628317204451566,0.4670642172297071
-6.6009375,3.4790625,-0.2962500000000001,10.347745937937098,6.1980013710948585,6.574344192579211,0.3874985271377698,-0.16337163097604024,-0.0377872380618046
-6.3295312500000005,3.5639062499999996,-0.48781249999999987,10.412964940053023,6.343476131326651,7.441699543104636,0.36479724742466185,-0.16224427947594647,0.11565219234457069
-6.89453125,3.15609375,-0.5499999999999999,10.274293608578326,5.921158463823692,7.02840175644506,0.35131751805416284,-0.43968310844965974,0.4623269305835973
-7.1265624999999995,3.28515625,-0.3785937500000001,9.90882060003075,6.273191719578315,7.210291877584495,0.3509428476256891,-0.1547771939988214,0.40524839079477626
-6.55125,3.40171875,-0.21781250000000013,10.170730446359297,6.357210609488916,7.086780931060573,0.3645749100451871,-0.34961681463700633,0.4939684801879074
-6.10984375,3.99046875,-0.4985937500000001,10.316637577868379,5.487275744189773,7.14878789271027,0.2149274185872121,0.33536038479533553,0.14082112310758604
-6.31078125,3.4887499999999996,-0.8562500000000002,10.461263114564533,5.938967055599821,6.890008957722769,0.36645095132969924,-0.19842341845825928,0.5335072688016079
-6.82375,2.491875,-0.4935937500000001,9.317109513550863,6.21665250431251,6.767430357784329,0.4754965446086392,0.03266935261199007,0.2758404606840609
1.24765625,9.837031249999999,-1.6115625,6.936671739338394,4.941532113021571,3.629555852111075,0.48292506449698736,0.1778599584144539,0.16228426942742583
2.4435937500000002,10.319375,-1.2859374999999997,5.661739012658649,4.366940746606828,4.121593183599487,0.9140910538185956,0.34851397514465227,0.21604416554283032
2.465,9.915937499999998,-1.4285937499999999,5.0455404195190034,4.197228891911156,3.24745567097704,0.9214885687018334,0.3039732830677446,0.5818519284977082
2.8353124999999997,10.35625,-1.0446875,5.434608992590336,4.254502945409722,3.3358019878799388,0.9409069895546415,0.4276071624709274,0.598334818580965
2.0170312499999996,9.9096875,-1.2785937499999998,5.204804174896827,4.506830915659445,4.402388509089235,1.4622231215605335,0.23028348078575592,0.6860904938693784
2.5354687499999997,10.33015625,-1.2153125,5.525137139046725,4.582048017872133,3.7450321129923236,1.0363458842063782,0.18306221320171226,0.8762862613850436
2.9837500000000006,10.15265625,-1.36375,5.802567992923478,4.599612158305952,3.932188679666834,0.8561779703042541,0.2571429689247075,0.8890912960871544
2.37203125,10.35140625,-1.2801562499999999,4.818589063359049,4.223405715173589,4.016168296783134,1.1385352931071253,0.25090858145461525,0.8536046821643823
2.573125,9.915,-1.424375,5.4899199888864505,4.529161415207014,3.992290960009678,1.171753491809128,0.2894489365093421,0.614266461834251
2.12515625,10.064375,-1.1106249999999998,5.323497731809974,4.488512377099455,4.377888287676491,1.2217188934848051,0.2585487378758596,1.0017966396390598
2.461875,10.185312500000002,-1.2179687499999998,5.368891550811489,4.618597585019044,3.837206902360549,1.2127256602660863,0.27729712653135286,0.9430870239193273
2.88015625,10.23859375,-1.27828125,5.072843905353873,4.358270108077393,4.100920077665308,1.3026262461898988,0.2141534198397541,1.2103294775600675
2.34671875,10.3234375,-1.32375,4.930999218809352,4.28830831256263,3.9014686737817086,0.7979177872098041,0.14081545928298,1.2711647683482672
2.42421875,9.967656250000001,-1.3153125,5.482501084327155,4.552330015424622,3.7726963040170287,0.9516288858016377,0.168163217867502,0.8429248666417518
2.3325,10.285625,-1.4996874999999998,5.496927266664532,4.588601323864931,4.118726657274522,1.114961959268992,0.43825977522802667,0.8202771687118889
2.6457812499999998,10.094999999999999,-1.4679687499999998,5.4983104804702,4.454079590667414,3.4494796617060137,0.9627036257599745,0.3754565652720168,0.4391735318842284
2.49921875,10.4096875,-1.43359375,4.983418224687592,4.257340340793035,3.2227028481479545,0.8754849077486149,0.5325266887468952,1.08039116668286
2.46546875,10.149843749999999,-1.3189062500000002,5.703402200027054,4.209580402259344,3.110709885413768,0.8000413570998515,0.26135395694773117,0.6859948780527575
2.19703125,10.23890625,-1.1056249999999999,5.248501178815094,4.291115864924989,3.699244380191041,1.0627991959903398,0.2216638280652968,1.2372188415174683
2.66828125,10.213906249999999,-1.2890625,5.435205422373513,4.717431642717352,4.2905476481556235,1.0402448145296233,0.18663425106052478,0.43142516091884753
1.93859375,9.998750000000001,-1.6659375,5.225228723219773,4.5466356036634386,3.3086731284751822,0.9050793449741547,0.3888353130470544,0.3936172893362084
2.9546875,10.453125,-1.2925,5.176664577925032,4.273654713401049,3.6210262702720066,1.0491964331854087,0.19778081694205776,1.0331685096430148
2.225625,9.833437499999999,-1.5573437500000002,5.4031182764561985,4.297329919100202,3.70908228296919,1.3349981364237538,0.44199431959487256,0.7734068224948192
2.6428125000000002,10.43625,-1.2731249999999998,5.574675009795975,4.292446672644868,3.346940242127875,0.8892352552352456,0.21785384292477888,0.5520606718025299
2.35109375,9.95890625,-1.2168750000000002,4.925967581725537,4.445503738746706,4.370016045093542,0.9945556974922922,0.29424736573760685,0.6828339078629693
2.6682812499999997,10.4684375,-1.4739062500000002,5.300203284629603,4.16074032578263,3.9576514568252392,1.1027566640276454,0.24301426233666318,1.0925667031571495
2.5396875000000003,9.893125000000001,-1.1901562499999998,5.333059326253904,4.006351159019264,3.7282156808701314,0.872339230423997,0.20951844287508956,1.0919383066104347
2.455,10.23859375,-1.21109375,5.4756811790863065,4.326354869859954,3.7102417867587736,0.9872176072637154,0.33037641520180633,1.2432091775087253
2.69609375,10.1215625,-1.3609375,5.474347740024462,4.372641942646774,4.008663554863859,0.9274713382762251,0.22911422853363395,0.9166435330087387
2.2846874999999995,10.14484375,-1.3378125,4.9180363105963085,3.9756096199936355,3.300926701676932,0.9464177208417669,0.3896795372615579,0.7493752532144705
2.505,9.95421875,-1.74,5.334388730210801,4.238306267207272,3.773613155849444,1.2789599265821747,0.47948708222952896,0.8506756559456817
2.42921875,10.10703125,-1.33203125,5.484475335175502,4.571025144759481,3.848192424570715,1.2382553136363794,0.4174601552412459,0.7796558859048304
2.80640625,9.9978125,-1.24390625,5.207615927414476,4.2359065841734225,4.47341054774888,1.2160129433427158,0.37323985264987364,1.0124807198257144
2.4053125,10.415,-1.43703125,4.650133052111923,3.924093844443581,3.314647737546697,1.222771199018303,0.3879904634410884,0.6779219146862672
2.43984375,9.9809375,-1.3165624999999999,5.3595229184215585,4.1187470480831605,3.985255331668694,1.1080782842343664,0.3962270396373908,0.9930108284834267
2.4584375,10.2428125,-1.43359375,5.51523039487869,4.329550521109986,3.4880292462163984,0.9819387438854529,0.3377307927408593,0.4644963362924746
2.6959375000000003,10.17890625,-1.725,5.450419054631832,4.4184984430472465,4.271622203566228,0.9737603134849007,0.1620565045337407,1.0345670449544693
2.6129687500000003,10.39609375,-1.2389062499999999,4.6676682748481,4.124897959793786,3.570440762876614,1.1968331794819838,0.6344767951799699,1.00103849267872
2.2853125,9.94046875,-1.36046875,5.597566426791535,4.408967931134614,3.0480477510651696,0.9559280631129559,0.5013722726573691,0.7260801264267831
2.194375,10.298437499999999,-1.5867187500000002,5.536712662706544,4.392547388315094,3.583978260383067,1.0713551653207576,0.40354668454043424,0.6015708261595992
2.9115625,10.3271875,-1.3117187500000003,5.945752217641915,4.7398261006964955,4.1879009340478,0.8175046954015178,0.30489767780852833,0.5943099250063335
2.3184375,10.33125,-1.16640625,4.903706257372453,4.218364797228898,4.43280045766341,0.9277329136132322,0.33567624087087605,0.9635938562232167
2.4184375000000005,10.0896875,-1.54453125,5.454959675249098,4.3607718528196076,3.4955735087784148,1.1118305099270656,0.39638414193706206,1.2071326686576662
2.1321874999999997,10.04734375,-1.256875,5.845710625308419,4.815742817243871,3.7969106994206485,0.8299536295559634,0.3883217091302446,0.7103702442458781
2.5662499999999997,10.43890625,-1.27359375,5.325365744481781,4.400061120735817,4.327788612266192,1.1095289388803948,0.32388788422670123,1.0152682478589121
2.33484375,10.180625000000001,-1.3984375,5.140505505355085,4.408961001117497,3.556869769698316,1.1543972409978713,0.23142000298420998,1.375274795911683
2.6475,10.075000000000001,-1.160625,5.292305735688368,4.075457412978327,4.0647708557033075,1.1682069240348656,0.3193727017846887,1.214054795554519
1.9187499999999997,10.08,-1.2846875,5.006006860512677,4.406005135040131,4.130468333293908,1.3752215938975108,0.3152886497599482,0.9877601703508999
2.55984375,10.28953125,-0.8857812499999999,5.333554892197692,4.529378899780127,4.629518672567207,1.099331156434012,0.2649182803711623,1.0837969585972704
2.24296875,10.16609375,-1.2399999999999998,4.812280085782979,4.21468178558132,3.6233103820953563,1.2092722862593943,0.3327277854852433,1.3508805402480173
2.5862499999999997,10.217500000000001,-1.3170312499999999,5.171218576167517,4.182684918207443,3.551471385077379,1.2942839429742419,0.44448854133303456,0.7408242260650714
2.378125,10.0828125,-1.1143750000000001,5.656677159284857,4.492139130174371,4.1641002460765755,1.0924611760968423,0.4865952182627278,0.831636366861052
2.49375,10.108593749999999,-1.2698437500000002,5.455197206563664,4.564893504777624,3.981074168875272,0.9189862337156218,0.3909738632623776,1.1445636820060168
2.4103125,10.523906250000001,-1.4387500000000002,4.865399511072421,4.213084758073464,4.176404142620779,0.8922219215650808,0.26482674734838796,1.1959997684991928
2.71171875,10.1025,-1.3284375,5.815643922507501,4.738391406901713,4.029227678301854,0.8548983687253269,0.31462459526233644,0.6610125455173971
2.2193750000000003,10.0146875,-1.41,5.337504354506421,4.418495561539443,4.354029383800711,1.3325300561396045,0.4089558383744661,0.8498959831470232
2.6303124999999996,10.173437499999999,-1.4523437499999998,5.468584417136098,4.629588000955781,4.068392166364489,1.1217236629034324,0.4221638778895659,0.7477130819794712
2.7071875,10.12578125,-1.5196875,5.26918917764809,4.610802805873228,4.092968424914093,1.1947640646327322,0.4162407365181866,0.3425559800630618
2.29828125,10.399375,-1.06171875,4.9574109783634475,4.1813416936881636,3.147545946193389,0.9774533199435691,0.3202508871863111,0.7489017890150437
2.5628124999999997,10.076250000000002,-1.25171875,5.453957126696519,4.138812669413778,3.1550448464955987,0.9539173626030176,0.4334264755605938,0.48710649308030307
2.4003125,9.975937499999999,-1.1598437499999998,5.4598969681069764,4.432123051777077,3.9770880884242352,1.0788318228786131,0.4319112877192305,0.9034725850995169
2.45359375,10.16546875,-1.09421875,5.504943053516625,4.479025399601284,4.071101971782141,1.1484798621652343,0.36299297945470843,0.19338418590757317
2.3431249999999997,10.09328125,-1.2967187500000001,5.130262808509424,4.315730331693402,3.6805549236356243,0.8311029161853039,0.22096121157796123,1.3851322156475827
2.5446875,10.4140625,-1.2526562499999998,5.1666505617608545,4.21622451028094,3.930654860431775,1.089537328404768,0.28253068623921285,0.9675936803598519
2.55484375,10.15796875,-1.33640625,5.544341708046676,4.0738499833110495,3.6377737728535204,1.0081105617805632,0.40224318695777483,1.103551794199618
2.1965624999999998,10.134375,-1.41578125,5.206687772336051,4.118064197456738,3.805504978271404,1.2531879160455202,0.5054829542134643,0.7363605991219851
2.65671875,10.235781249999999,-1.44859375,5.498017555983105,4.629060988974809,4.286059111813665,0.9735953256771224,0.27179485729669867,0.6464788055436177
2.27765625,10.11625,-1.31171875,4.901132121187506,4.1416031391841495,3.0852874433994697,0.8345353008297985,0.36204634102440886,1.063656630048242
2.7990625000000002,10.2846875,-1.0264062500000002,5.085045697542329,4.021947976707773,4.290410953214265,1.1967136858053606,0.45724815223067145,0.945763734534462
2.1790625,10.14453125,-1.4834375,5.380770076958664,4.714954907554624,3.6561315018190674,1.216124087077537,0.3930420060024638,0.48674921783082753
2.2937499999999997,10.17359375,-1.425625,5.559106127562236,4.603628109704447,3.200448637984212,0.9595847630327042,0.26572915331839103,0.5399445835536634
2.3403125,10.10546875,-1.3162500000000001,5.684525312402413,4.94485810264293,3.6166073103808216,0.9637126257562718,0.18702760758952597,0.7642393657389963
2.4681249999999997,10.23375,-1.2209375,5.32684764747172,4.497819784351081,3.688734843560018,0.8334124363670735,0.11288606006456695,1.189769555272642
2.2220312499999997,10.006093749999998,-1.2907812500000002,5.051267223333511,4.681109182524046,3.829149018012806,1.094704251390762,0.4108380891817436,0.6498975760393985
2.4954687499999997,10.46328125,-1.3318750000000001,5.73186131682139,4.388488512107379,3.6475136544466835,0.8338876984428625,0.19836811306759924,0.7831098982041503
2.3043750000000003,9.8165625,-1.33,5.572867830782909,4.561265661370071,3.9835925212049488,1.0141496706137434,0.21028699140706317,1.1930764625125891
2.21640625,10.14421875,-1.09796875,5.5115470738678205,4.725367315315121,3.964206722223683,1.1063560260594563,0.15721588991033839,0.8361983057015433
2.52875,9.997343749999999,-0.9942187499999999,5.400872470027412,4.631780247036331,3.470001713205404,1.0160919442133478,0.17593750060707464,1.322229975473385
2.2775,10.26171875,-1.2840624999999999,4.848611270250482,3.8925917437355846,3.360257950826655,1.1091051669429768,0.36475357987458634,0.8752845549896032
2.8278125000000003,10.1975,-0.9142187500000001,5.180400403428653,3.8473818207970987,3.434101867977774,1.004985154518891,0.2915675991914151,0.8362705969222558
2.2320312500000004,10.05546875,-1.2840625,5.214727096073527,4.4738259387545956,3.958468263873509,1.3726914996292527,0.30909292450323167,0.8798888858008975
2.66984375,10.18671875,-1.04921875,5.297496310813811,4.057960561772187,3.6928881417054105,0.9224312572756005,0.44983045754084844,1.4265853490708185
2.3628125,10.3584375,-1.1485937499999999,4.692359304214006,3.965492252998832,3.610116803506631,1.175655887820151,0.4015902560320686,1.0086217468697034
2.6528125,10.04109375,-1.2415625,5.323948977483138,4.258603834146931,3.8025041990238155,1.20263656300719,0.40956411364918016,0.9078176611301816
2.39078125,10.0425,-1.1814062499999998,5.367631957124896,4.215396630211682,3.029781276752653,1.2331100036379208,0.6531347544260241,1.3631318352764186
2.4240625,10.135,-1.4246875,4.594855043534426,4.123711541196838,3.421238339745384,1.3548671722037466,0.6534632484124313,0.9295775834785553
3.144375,10.302812500000002,-1.1071875,5.102373796516186,3.738490449344996,3.4926147389661732,1.144613765821378,0.4197795249976373,1.030047540866191
2.3521875,10.018125,-1.24328125,5.221861338626654,4.386423968835548,3.459950801080622,1.3355942419033568,0.4907235067768586,1.4168495732537265
3.0075000000000003,10.25046875,-1.05234375,5.514380064884901,4.255389387914276,2.8407507492449837,0.7463156018911421,0.3786927257813581,0.5245180715075016
2.6640625,9.9690625,-1.36671875,4.850913483158997,4.014665972542891,2.8613502356227625,1.1195571172075545,0.5823424660238204,0.4488803847169148
3.1953125,10.14828125,-1.01765625,5.231081379824228,4.291216521383935,3.956878797655538,1.183770749280016,0.26135877388834855,0.992899764951518
2.823125,9.88109375,-1.1260937500000001,5.593569654914025,4.428207918132451,3.5848860761132895,1.3327629254851325,0.471350808841437,1.3232540172776637
2.9779687499999996,9.9615625,-1.0026562500000002,5.4754215533165524,4.734472389674878,3.71440155096833,0.9849394273773452,0.22197305780387105,0.7411121999866387
2.9000000000000004,10.096875,-1.0773437500000003,5.461916158730377,4.3582091631052995,3.5564660488799746,0.9996846748476234,0.44298904681372286,0.43355508297145123
2.92953125,10.467812499999999,-1.02203125,5.304679959033668,4.114291581164824,2.872234093266675,1.0183260533405467,0.3785894681004627,0.4771859120160007
2.85390625,9.878125,-1.0528125,5.454019910003165,4.0268485176841455,3.1761437254702045,1.0065594899443877,0.280153128184487,0.9583216961446782
2.56921875,9.969843749999999,-1.2703125000000002,5.287490633764606,4.531441027762133,3.5247007713199925,1.2870477179038715,0.3263733342323361,0.9663170027427437
3.15796875,9.90015625,-1.1604687500000002,5.465369149153919,4.49786320524379,3.5772809286905938,0.8493893616822652,0.3296566207010082,1.0676555988817225
2.53015625,10.2265625,-1.19046875,4.682702709235975,4.182866921573498,3.163751940777506,1.2351372215654106,0.5525664361310804,0.9069388302309633
2.8846874999999996,9.985312500000001,-1.04640625,5.3670962146531105,3.9876234184466,3.012444692016923,1.1045257911204862,0.3226982134913123,1.1219854225434835
2.5973437500000003,10.09421875,-1.03859375,5.138387162508868,4.380806077612708,3.4865190677753275,1.3487950538603066,0.2744091280549588,1.0232872757638651
2.7776562499999997,9.991562499999999,-1.0728125,4.740489736760954,3.9116022207777914,2.1833929078028422,1.0910440258730671,0.7163872684058475,0.1042362619605655
3.06234375,10.225312500000001,-1.24109375,5.133447532539505,3.8460328459782747,2.739009924445499,1.3187195297766594,0.45074150539123287,0.5956054534579545
2.4423437499999996,10.0821875,-1.0490624999999998,5.371443515884342,4.098314618821223,3.264481543230678,1.2814729166096315,0.4376125305516885,1.2037274640358373
2.7593750000000004,10.2234375,-0.6228125000000002,4.609234235138739,3.9393710708174914,3.457971076345745,1.025203487627919,0.35374619585645745,0.8679923233660883
3.37546875,8.528281250000001,-0.7896875000000001,7.19555351625387,8.05291281825393,7.089884071855036,-0.13065134519118182,-0.4552719032492873,0.11847947410063871
2.85828125,7.05140625,-0.7010937500000001,7.122619680173752,9.095453511780539,7.052670176338245,-0.42485844689627494,-0.01915855156958513,0.4614273348738274
2.235625,7.695,-0.82625,7.365937201699116,8.485685004759487,7.228583129666561,-0.264185141976592,-0.04141279074276809,0.7711390057938247
0.6112500000000001,9.00765625,-0.7275,7.5186726928694005,8.366936741982453,7.261784603318938,-0.38919352668969803,-0.09064653621389161,0.28248361211757533
1.0518749999999994,8.15734375,-1.2289062499999999,6.890580952240167,8.68009400910128,6.861756361618426,-0.5572823356636841,0.013676209328369828,-0.09823325947382541
0.00031250000000015987,8.36421875,-0.7546875000000001,7.601511150905703,8.420541068699116,7.654562358642312,-0.33693139105359116,-0.0838113048803253,0.0993052905124363
-2.0309375,8.36265625,-0.8932812500000001,8.693235825691936,8.470868691098683,7.432278640894624,-0.33937884084499415,-0.15544566845692148,0.5018778185610048
-3.14234375,8.3090625,-0.6203124999999999,9.822459554222453,7.802997364544842,6.390564814814396,0.1088809041991202,0.09912371498473564,0.5144973263626531
-2.5643749999999996,8.54,-1.18640625,9.341116413971886,8.040754201255004,7.092250032427011,0.003941537577736455,-0.04405494810603953,0.16516824555210424
-1.14734375,8.05046875,-0.6887499999999999,8.595336170379605,8.132550228419953,6.942683761521908,0.006289690756481177,-0.0397269332670599,0.253917747623163
-1.09375,7.850468749999999,-1.000625,8.597053546855458,8.190539594115483,7.065178889056879,-0.21823664480878097,0.09332347675369564,0.2783711829638328
-2.6029687499999996,8.23984375,-0.6112500000000001,9.42700056348908,8.237560980841717,7.415377287265969,-0.11278302512093308,-0.00015112752592516104,0.08001337933708917
-3.1806249999999996,8.692187500000001,-0.78109375,9.430618496916042,7.754005511014533,6.874344768136884,0.09823086947114844,0.00503747191367504,0.4401905046119283
-1.4217187500000004,7.370625,-0.09921875000000013,8.787525703142974,9.05966746682101,6.719751507842268,-0.06765023011910297,-0.18519198606701373,0.04642744816747292
-1.1909375000000004,8.459375,-0.62609375,8.365637998448998,8.16155390286525,7.028869623112306,0.03537935532016212,-0.08621407457704286,0.6736504309653771
-1.27484375,8.5715625,-0.9207812499999999,7.6993376322633065,8.419085130439871,7.112095837525564,0.02081346310323304,-0.0955166454100849,0.2090226090727392
-0.41453125000000024,8.21609375,-0.6473437499999999,7.5669197683253815,8.284601042217478,6.897358471316098,-0.15359881771765074,-0.10659265439180317,0.28795952180843354
0.6160937499999994,8.3653125,-0.9035937500000002,7.079309556991483,8.406516068047676,6.83377580642363,-0.10244803119731902,-0.14825588945672605,0.7844159026105332
0.5520312500000002,7.3796875,-1.22671875,7.106876331168528,8.27651326207744,7.61014660968489,-0.4621808203252767,0.01421545164498221,0.33718521221182046
-1.2107812499999993,7.6640625,-1.09078125,8.355318722355745,8.763410030980735,7.025454234577892,-0.370803780756833,-0.1136498114230956,0.2860384458407819
-2.8512500000000003,7.63234375,-1.4309374999999998,9.512969354386673,8.563469241162482,7.2481999314377195,-0.08223103930975803,-0.06153668007644881,0.29189915376681175
-3.6159375,8.100624999999999,-1.0707812499999996,10.513624154928392,8.389662887111436,7.017422582554683,0.03643346297288743,-0.1923867605872593,0.4444015328546401
-4.603750000000001,7.86125,-0.7901562499999999,10.82899385042304,8.651670991057161,7.861549722420252,0.16670721852261494,-0.22080850230713686,0.22122865016171495
-5.060312499999999,7.67796875,-0.7542187499999997,10.827386135505824,8.455585834909574,7.928531903174032,0.13177701335983497,-0.171979505390113,-0.01638860001192744
-5.947968749999999,7.33015625,-1.5890624999999998,11.207867379056706,7.8975667716763205,7.927728969956892,0.3664307064348206,0.017140310941995047,0.6002108498983968
-6.04109375,6.41046875,-1.4112500000000003,11.126276066870304,7.249699439823242,8.731941096485937,0.28916985420465996,0.05123923881108542,0.11480383603833805
-6.485156249999999,5.129375,-1.0401562500000003,11.004025540709451,6.792054382465956,7.925777661408749,0.38383296159587776,0.05935446966080356,0.0599763551777805
-7.402968749999999,4.348125,-1.1715625,10.440589614529603,6.856398670904063,7.403237302599029,0.4893363078051363,-0.24185603788000817,0.16746217872632455
-6.45703125,3.6073437499999996,-0.34906250000000005,10.223403249359944,6.365194724581168,7.474282724522384,0.36313453934316764,-0.24664656824369685,0.20219424159496702
-6.8684375,3.7212500000000004,-0.6396875,10.125923448436382,6.885076819651324,7.775184477061862,0.39826305792206984,-0.2823122122737905,-0.027959040277091975
-7.5096875,3.7435937499999996,0.18937499999999968,10.563869433230598,6.219849115731098,7.899320950839699,0.5295727570033933,-0.049550671072943316,-0.20898984643955534
-6.8228124999999995,3.6398437500000003,-0.23171874999999997,10.667908280906982,6.700935916951149,7.508942284596309,0.3996858563981742,-0.3125910879686267,-0.1351281275878807
-6.65796875,3.07671875,-0.30890625,10.500863235302297,6.502470216840554,7.909525727956825,0.47102907454521636,0.031553966368377324,-0.0840677346516578
-7.8109375000000005,3.2359375,-0.6000000000000001,10.296578727717947,6.5308057788525415,7.6716330155319605,0.6020578874978887,-0.20501146997523767,0.4260376017875994
-7.3575,2.9915624999999997,-0.16734375,10.169539689681141,6.60769513965299,8.233106423570385,0.5464340874684255,-0.023340043079149175,-0.1735587666514577
-6.702031250000001,3.3534374999999996,-0.2756249999999999,10.49930908138833,7.110647653947828,6.936239271707328,0.2946603591794391,-0.30893784224606,0.13559908658660688
-7.00828125,3.27671875,0.02874999999999983,10.298817674053582,6.403921175412642,7.517406363733438,0.4571595681380585,-0.05056499583987047,-0.06993998714995021
-6.02734375,3.5406250000000004,-0.3945312500000001,10.441984551886481,6.622143458456257,7.21045160030032,0.2354901556841086,-0.4032270142276312,0.48198816929934774
-6.8100000000000005,3.7257812500000003,-0.24421874999999998,10.423102195363912,6.335414796179365,6.886930739788839,0.36824918131243695,-0.1807461734084355,-0.2067823972577822
-7.49203125,3.6139062500000003,-0.0782812500000003,10.05343725108599,6.483089448998135,6.8521350583886225,0.3749683711843249,-0.07322286805636703,0.09751283457526308
-6.8618749999999995,4.0803125,-0.2949999999999998,10.657985250945648,6.289026148963267,7.341654701087488,0.36668510550463185,0.23869051656088414,-0.31080496913258465
-7.049375000000001,3.0585937500000004,-0.22968750000000004,10.447023779975567,5.972224739153822,7.142505024663528,0.42771010143333815,0.012808861851977158,-0.13095229534236166
-7.69078125,3.4974999999999996,-0.38,10.589722804547268,6.339339230156406,7.187497608695255,0.5834602029958683,-0.23060703112568984,0.20731773975131212
-6.90140625,2.7993749999999995,-0.3203125,10.78986689954797,6.597150160059646,7.248962203470491,0.4627907179579637,-0.4118808262771745,0.14743148482319654
-6.137499999999999,3.37015625,-0.3081249999999999,10.25176844500499,6.533706234832259,7.740615260389513,0.3993213532668704,-0.3171254867472296,0.22720722765927684
-6.75015625,3.7176562499999997,-0.2582812500000001,10.690792254930686,6.960337802099546,7.705130911178501,0.42085231437493703,-0.4383393595945097,-0.14473407429161084
-7.539062500000001,3.3404687500000003,-0.2212500000000001,10.637028737908615,7.182640624643101,7.480192907773168,0.5074908666738855,-0.39305493052000073,-0.05793962200925457
-7.3256250000000005,3.44921875,0.1887499999999998,10.638557655263941,6.76052958925175,7.073812068997876,0.46310544767959705,-0.4276298969400182,-0.10176725069783463
-6.935468749999999,3.55671875,-0.6553125000000001,10.722477402880056,6.64256822854673,7.320158589630674,0.42115078345649887,-0.19798634027962547,-0.04505651570371016
-6.18359375,3.1553125,-0.04062499999999994,10.749690019831313,6.382320788893625,8.002242825256866,0.4290975484631082,0.21442512423176366,-0.17180169046218946
-6.4703125,3.44046875,-0.08468750000000014,10.677102247442596,6.800806346880746,7.497441015262725,0.4278979797280268,0.05905852641307687,-0.1122560032777159
-6.90046875,3.76953125,-0.3121874999999998,10.463325300437402,6.7494028508286155,7.520632758607732,0.4372316958920451,0.044222043076279964,-0.4022248671847353
-6.819999999999999,3.6371874999999996,0.1007812500000001,10.515631519314473,7.055432186609389,7.831445289801138,0.42398699511236954,-0.43939323818868625,0.2537167395760812
-6.878281250000001,3.2985937499999998,-0.3439062500000002,10.292705176890983,6.753070567153948,6.88739124623474,0.328542225676836,-0.5080590253137259,0.6535633483174871
-7.2659375,3.2493749999999997,-0.4206250000000001,10.7230290611419,6.2036304579959465,6.695454118980654,0.49385641739771974,-0.15107791892422132,0.14652159214498625
-6.624687499999999,2.908125,-0.34250000000000014,10.360413385929334,6.987778812639608,7.154803674804781,0.504242075130786,-0.24025748141549833,-0.16770658751235548
-6.62078125,3.24421875,-0.2615625000000001,9.852196028152731,7.066597440752405,7.230623291500792,0.45878295505846095,-0.3945699224682218,0.08792874938246484
-6.768125,3.7171874999999996,-0.7695312499999998,10.60493235406879,6.7088804181356325,7.645585006575589,0.44387395436160326,-0.2087605640120738,-0.10738792375725045
-7.0492187500000005,3.193125,-0.3387499999999999,10.496812954518548,6.835240000129842,7.326099426877852,0.43717243549759394,-0.2623922617716073,-0.3832050163226002
-6.917187500000001,3.2937499999999993,-0.4162499999999999,10.506254903144304,6.766099896727804,7.652613422060466,0.4522820981374843,-0.1382867118017315,-0.18603021211952933
-7.6870312499999995,3.1471875000000002,-0.4557812499999998,10.053265899647906,6.866408602016322,6.929447309464764,0.5274326877203409,-0.1643212616450031,0.09592969283637463
-7.536875,3.5843749999999996,-0.6682812499999999,10.047081335361778,6.592103200752776,7.992045567837964,0.456709044010459,-0.26910451151795994,-0.3310544886403841
-6.42125,3.3596874999999997,0.24171874999999998,10.583161965476101,6.926288004937692,7.364078259252711,0.41724642279247603,-0.4970705765650814,0.5187164864635037
-6.95671875,3.334375,-0.58921875,10.344190708842255,6.339268953071403,7.494070427821481,0.38325312829014974,-0.13418249553809977,-0.22658973628285697
-6.793906249999999,2.8509375,-0.31796875,10.179535324793118,6.089279698461366,7.098097936174412,0.389759368376904,-0.18577802244583702,0.0683740918350808
-7.04296875,3.3843749999999995,-0.3189062500000001,10.225292734148173,6.309473005677654,7.58867929821856,0.377469829605768,0.14033704291101584,0.1670815702473822
-6.954375,2.83015625,-0.783125,9.88873536451325,6.593911844503681,7.417408340139769,0.4002467833570745,-0.29876313434490975,0.12224394337039637
-7.139687500000001,2.9360937500000004,-0.11562500000000014,10.09985503744206,6.897417002306801,7.612300464338951,0.4411737784540974,-0.3665783201282312,0.17585325500751753
-6.3881250000000005,3.0393749999999997,-0.25749999999999995,10.158835113307775,7.099547713367029,8.226387990789153,0.3565189955466154,-0.4339791124472975,0.3036432645182
-6.261875000000001,3.1115625,-0.1901562500000002,10.233658295515587,6.888863798449912,7.691431005546753,0.26407387727586806,-0.18776481412641693,-0.11779048254015757
-6.948124999999999,3.19921875,-0.5760937500000001,9.783090142402603,6.721091174589766,7.004298371622309,0.3566016636618405,-0.4300471631363228,0.01696711390927989
-6.774375,2.88265625,0.3353125000000001,10.133321715231142,7.113936199941347,7.691953784789905,0.35535213433223223,-0.28046115254878634,0.1855563887097372
-6.16375,3.00921875,0.10687500000000005,10.311241514119432,6.765027093600471,8.067005306145212,0.3169476709690352,-0.251753552017927,0.0045673888071855375
-6.530625,2.84453125,-0.338125,10.120412058526817,6.914282756025634,8.022044018476526,0.341387907269003,-0.23954938452638047,0.04348073851201776
-7.206406250000001,2.8948437499999997,0.027656249999999966,10.237444652962035,6.827849220331826,6.960718520335091,0.33003811822283124,-0.17263625699515164,-0.25815783926107194
-7.206093750000001,3.4528125000000003,-0.24859375,10.281510804775285,7.056541616815121,6.691010496177758,0.39960066551083956,-0.4394435773600452,-0.021507616489909297
-6.8946875,3.16546875,-0.10468749999999982,10.027456988306843,7.220238467687437,7.101110821719638,0.3298427578020341,-0.2615536808302809,0.22969035808819954
-6.640312500000001,3.35625,-0.01296874999999998,10.306682596856456,6.932324758874183,7.782303980764529,0.35750939855130903,-0.07328857438697174,0.1471986281948297
-7.053906250000001,3.2234375,-0.20437500000000006,10.22074630610265,6.3542230590052275,7.815204107019534,0.35462539909725843,-0.04854733473108266,0.1282679443214373
-7.031250000000001,3.27359375,-0.21421874999999968,9.791977344362067,7.559975274262539,6.471019723710356,0.3092724069396164,-0.23797266978858775,0.2641040718767883
-6.593125000000001,3.4076562500000005,-0.05484374999999997,10.497453690508713,6.616178263872274,7.24025789254678,0.4624002946736016,-0.23037551567301068,-0.26151251482749194
-7.434687499999999,3.3340625,-0.22125000000000006,10.55477424094631,6.703386904848455,7.336720678375319,0.589795058808243,0.05712433661317303,-0.19258475719504836
-6.838750000000001,3.3245312499999997,0.05421874999999998,10.318945637152082,7.163990667238019,6.768547851249073,0.4503123200285592,-0.2876584411445566,0.03652883784099135
-6.85953125,3.38328125,-0.14453125,10.575111912777729,7.13614546137468,7.6145028009236055,0.3935443734052526,-0.22601557003813166,-0.010882196293406367
-6.300156250000001,3.34453125,-0.05203125000000003,9.910510439078601,6.7940000942208885,6.972156942906796,0.3689567595396707,-0.053768165318874225,-0.02889747149402777
-6.868125,2.8737499999999994,-0.2579687500000002,10.145991184175896,6.860831195088537,7.286090596919822,0.4405632859319683,-0.34320274087961355,0.16521624189118417
-6.48078125,3.33625,0.12203124999999998,10.383139323063542,7.143920601637451,7.323889672607271,0.3892873047632773,-0.19080912458537436,-0.28169644554164336
-6.818437499999999,3.0728125,-0.035937499999999845,9.975416222323446,7.1897199764555335,7.71225844815212,0.2857061491610531,-0.27110122353919675,-0.0349839662648641
-7.068125,3.4289062500000003,-0.36468750000000016,10.25384422957434,7.09336069794924,7.283756321592846,0.4848858025424914,-0.34380023533418425,-0.16369660271449105
-6.559843750000001,3.0660937499999994,-0.22781250000000008,10.42543276862337,6.438628448956419,8.096174727292127,0.3897678601035031,-0.1851378255590834,0.0664872100281458
-6.9921875,3.5990624999999996,-0.13249999999999995,10.867273328201685,6.42533479642063,7.335046651180891,0.4462668078688492,-0.11505037843812298,0.2977091677432895
-7.24375,3.47859375,0.16046874999999983,10.584211339892075,7.021465495889084,7.16396373125754,0.4526584299140011,-0.08412980034565035,-0.1603513813536204
-7.072031249999998,3.16328125,-0.40484375,9.923821746762858,6.622125568569237,6.558887575312291,0.30144248716923455,-0.33676820846046773,0.22786785226371337
-6.75734375,3.4245312500000002,-0.2534375000000001,10.559651130924541,6.37294818198559,6.9589958010185455,0.43410515530950017,0.027507657026244747,0.13914905680275158
-7.624218750000001,3.38875,-0.2406250000000001,10.342245404874536,7.012771942142422,8.145100305359966,0.5869654829538132,0.01889257581340499,-0.020262820838496547
-3.1771875,5.05265625,0.1253125,9.227017812643679,6.583125977211429,4.893258745697365,-0.4383978961227582,-0.5199799717488891,-0.3500724806529134
2.32421875,10.244843750000001,-1.88296875,4.13252714929357,4.454012935049239,2.5470446598015193,-0.3791449694345531,0.1061776513981811,0.3599493065909351
1.11875,10.13921875,-2.1509375000000004,4.600504897562875,4.854629010248717,3.5888293350469804,0.4661955598598749,0.04871189774124773,0.383607137119808
1.84140625,9.65640625,-2.4798437499999997,4.363639846499816,4.593972058302154,3.3931979257163793,-0.1572777421694794,-0.17072038846741389,0.13655997869164832
1.3326562499999999,10.57078125,-2.23046875,5.223250377574861,4.281499191538922,4.123499511067442,0.4913023005362871,0.08890529534792402,-0.2287892857132124
1.6667187499999998,9.957656250000001,-2.12875,4.134535968025727,4.575571597553243,3.3107757304746572,0.02473926419432114,0.4430321765776648,0.613029306928539
1.62578125,10.07234375,-2.605625,4.8972510799068125,4.373769734946724,3.6107893332864216,0.06977779617658983,0.30325262628062377,-0.47504686932862156
1.64703125,10.21453125,-2.26140625,4.626093681392914,4.3916639534774795,3.6810608470875534,0.7708558974384698,0.4160385686884955,0.3317219832629602
1.8384375,9.845781250000002,-2.2932812499999997,3.829845875958163,4.680969385677334,3.665711499272472,-0.06592957604498693,0.4724030084463981,0.8855343118920549
2.156875,9.80140625,-2.3465625,5.1466047287872225,4.176183540023228,3.3642807639365877,0.861595893837291,0.31264858426997677,0.018165206750747283
2.03296875,9.639375000000001,-2.74046875,4.161572599273433,4.421746641246533,3.139241762396365,0.3228973951318121,0.44523757888464777,-0.3394996501608936
2.27109375,9.88515625,-1.8792187499999997,4.381572604808796,3.918554417841602,3.7972330817515583,0.9016746262144976,0.31640477040082177,0.2820566663381445
1.985,9.6875,-2.54703125,4.306315130131561,4.463934643338766,3.026782883528886,0.39899764906041224,0.2216361756129285,-0.7098969893672739
1.0875,10.767343749999998,-1.6212500000000003,5.039363799131791,4.333589462770549,4.354469507012307,0.09335973289980042,0.12562111955570554,0.4438865929462148
-0.06281250000000005,9.55890625,-1.3118750000000001,3.9393549078299293,3.2197996430229843,3.931873311078957,-0.11504847616244769,0.13875213632838976,0.2958140218978631
0.7723437499999999,10.5396875,-1.1246875,3.193042603745828,3.9519381988264635,1.906766707634615,-0.5676214380806687,0.7564852387441472,-0.14289307798444173
1.0217187499999998,10.059375,-1.1143750000000001,3.367143427060754,4.116028454028835,2.9937893395118835,0.2120434434357968,0.3592621029962247,1.1695744471510527
1.2303125,10.42125,-1.21671875,3.5146656885603997,4.06846926834897,1.626333159564312,-0.5121974308239067,0.46373799427547024,0.24413214743014253
0.81921875,10.150156249999998,-1.4046875,4.25623707952793,4.084611170366885,3.0251632025964734,-0.058306864529665284,0.2240853050025255,-0.08093742608337577
1.305,10.01484375,-1.3009374999999999,4.1599278839902984,4.1091992803447654,1.760789700984689,-0.20034605548537546,0.7543201057771975,0.7740227997666546
0.93390625,10.33890625,-1.25140625,3.7492826885566974,3.934091428298399,3.161095472294524,0.047379694612467015,0.7680184120376501,1.5152654240238093
0.8759374999999998,10.22125,-1.22609375,3.6138210036045986,3.784101817142345,1.814685421419078,-0.18068118929879712,0.8328229209801707,1.1984734282246754
0.7699999999999999,10.235468749999999,-1.47625,4.01189754044143,3.888924549958952,3.1105051338166927,-0.025976372675714364,0.7017820512302203,-0.5395645161083666
1.354375,10.513281249999999,-1.41453125,4.183615689134818,4.199539429615876,2.5471411239413957,-0.15180378390238147,0.2868008222738889,0.19084502222982858
1.0015625,10.249062499999999,-1.3020312500000002,3.9843911151634885,3.694149394122245,2.645796300081213,0.09956377112625224,0.42848047503948,0.6888786023453903
1.39984375,10.0934375,-1.50234375,3.9733375030427425,4.113203670327273,2.644745818474043,-0.1697436086531507,0.3404003778980204,0.9002718816173371
0.946875,10.2446875,-1.23125,3.77328970983875,3.898373045559359,2.0020821193197844,-0.239524287516428,0.6617401752072295,0.7144995177465995
1.019375,10.15484375,-1.3006250000000001,4.148443561671654,4.415329472484012,3.3312403259709438,-0.013749346612281443,0.13104432694283155,0.9334633783228512
1.32625,10.079218749999999,-1.15734375,3.9882528677981286,4.0917005574881005,2.3508012212511584,0.2038709393203789,0.5712314397395377,0.9379685452576371
0.9953124999999999,10.566093749999999,-1.01703125,3.493280589552427,3.704103137563928,2.145449894316676,0.2932416882822566,0.6509857510941279,0.7705326508346876
0.5184375000000001,9.99171875,-1.9996874999999998,4.549491461536525,4.369949425725478,3.284048553591093,-0.001139509268432561,0.17730344984588048,-0.8089916639357331
0.8520312499999999,10.41890625,-1.7015624999999996,4.678458339722973,4.65206241802611,4.845359641821621,-0.15857255195997044,-0.3175670970078442,0.34705251813105226
-0.08468750000000008,10.4303125,-2.44359375,4.192530548766908,4.608745073481907,3.690746184372604,-0.1278166131326091,-0.2538544063996871,-0.552577536227072
1.0784375,10.30734375,-2.18421875,4.6734734201227415,4.260899715064406,4.173875149623961,-0.4322704392509651,0.07754859322468663,0.33197883515802057
-0.5396875000000001,10.2384375,-1.71328125,4.63478221196463,4.095796327772384,3.813910417261847,0.3349169135709086,0.13601667731173836,-0.2342993596626782
1.22671875,10.52265625,-2.45265625,5.091602478188811,4.3767372415803,3.336489192524972,0.054851495928018634,-0.003428771771466918,-0.9988434229902243
1.0940625,10.266562500000001,-2.0215625,4.7955118075231296,4.189673771141824,3.500735288277843,0.6198132331823497,0.14265168812126847,0.199514700324402
1.33828125,9.649999999999999,-2.48703125,4.988882814157739,4.621428688728194,3.5573953250972035,0.05988434441861179,0.44233412499447383,0.04464218875468127
0.92125,10.09234375,-2.1278125,4.4632613146106515,3.9098356511925076,3.7803953450457732,0.36927532917970607,0.06917886875035766,-0.4124481468759291
0.87765625,10.134531249999998,-2.09625,4.566549826656438,4.569606427830895,2.882815193088173,0.13865467953891397,0.3388651521597359,1.7419007692284039
1.51125,10.18828125,-2.55171875,5.073771249031632,4.403060922063019,3.7027348653932046,0.5004855222083373,0.16140278370957095,-0.7287347025379567
0.6871875,10.040468749999999,-2.2628125,4.580854678970263,3.8700086521574386,3.362772511610583,0.0664531133783764,0.23580523824647118,-1.063125751201457
1.15328125,9.70546875,-2.82328125,4.793894246424136,4.370868023662283,3.777491336310176,0.3998973216133398,0.2602015676411994,-0.5484708157724583
-0.5184375000000001,9.5971875,-0.56640625,4.357898439453787,3.9270092264780523,3.302554582813271,-0.47513613114965625,0.022000568691155332,-0.5050196909190392
-0.02328125000000003,10.65921875,-0.8059375,3.840132669700155,4.03150030412357,2.8069577162995794,0.09767130561999021,0.41157055811870297,1.1166907011239948
-0.441875,10.366249999999999,-0.58859375,4.815009370123281,3.477506065774724,3.0424655232164817,-0.6142946221452874,0.5127866975366597,2.5202443533428895
-0.78765625,10.45828125,-1.13234375,4.326917834248293,4.048726479820344,2.683186504761817,0.07617696272145193,0.0705510157128634,0.6078401016342455
-0.5928125000000001,10.476875,-0.93484375,4.183090390470154,3.60098592185182,1.8608062702995003,-0.24147973760410257,0.7327855951162815,1.2930104174409658
-0.7089062499999998,10.13328125,-0.94828125,3.9678198190203817,4.038944809092894,3.087958748655564,0.2626972813726613,-0.08945263594634675,0.9569820613852156
-0.44328125000000007,10.61390625,-0.9425000000000001,4.083823290851165,3.0673775531732215,1.403941994884404,-0.1470441127056697,0.5046642082113548,1.3074860936213855
-0.9607812500000001,10.1075,-1.02640625,3.966720270216749,4.542401622490025,2.560747795559129,-0.43000924008734026,0.1511852611862366,0.9780494986243354
-0.27875000000000005,9.843281249999999,-1.0848437499999999,4.4480011311262055,4.504963947791196,3.04109200791195,0.027083981442158563,-0.2688077653528015,0.9447967399158214
-0.5693750000000002,10.364687499999999,-1.0848437499999999,3.632303795028026,3.9417005248171444,2.604653283181072,-0.20464302703994908,0.4650239709535339,0.7865527786991827
-0.23968749999999983,10.29671875,-0.84765625,4.391267601996461,3.6959682656779456,2.2565417001101347,-0.2440356875388976,0.9602451418051046,1.8811242678143745
-0.90625,10.5040625,-1.00875,3.709958094439882,3.95903346741269,2.969869262694909,0.07938379880927014,0.4066948331154874,0.6765255518766099
-0.36296875000000006,9.80890625,-0.96765625,4.496198630401401,4.934980723489296,3.145696833665943,-0.38203413875403897,-0.020833915366781593,0.3373022484883858
-0.95875,10.3559375,-1.2400000000000002,3.843632518529835,4.178927314047679,2.9613288824445014,-0.022155367771661726,0.2941026044150902,0.9501962243512151
-1.1865625,10.34328125,-0.5449999999999999,4.0843758009754385,2.8942702311460895,2.1442160572106532,-0.17581479293868665,0.7494163156622096,1.0157406974259915
4.65734375,8.1596875,-0.25296875,4.745486422047369,3.944283430148466,3.2409646903388873,-0.28126429312982965,-0.2450295978418687,-0.07027196959719588
6.52578125,7.8882812499999995,-2.1621875,3.4037129564122233,5.194133877115456,2.7356554680448615,0.1257437149851315,0.3060559069633127,0.013393630835998191
7.18203125,7.47234375,-1.831875,4.720635278913575,5.205666606625509,3.3969245626559035,-0.3547558744238814,0.2906282581821836,-0.9265803185746491
6.859375,8.2934375,-1.4521875,4.535521219702869,5.076192661197341,3.09830118207442,0.1462465633820192,0.08271464096748585,-0.8379353066907445
7.6957812500000005,6.3959375000000005,-1.57609375,3.6931938264391753,5.10960392262392,2.6004119969172073,0.29547410599738677,0.5397649286714464,0.2177213847153543
6.9848437500000005,7.8203125,-1.52875,4.2655392362028435,5.196611867586779,2.9126359946790465,0.749097465176814,0.17670637532465205,-0.20014021764614662
7.766406250000001,7.1171875,-2.10984375,3.600083057716993,5.4234581532306265,2.9823457065011656,0.25880468452823524,0.594014500910298,-1.4635421125581691
7.24984375,7.17125,-1.3239062499999998,4.339276110491926,4.832765932931162,2.454622308769913,0.2712852515358489,0.25310831104873177,-0.03303139511836719
6.8217187500000005,7.66390625,-2.0187500000000003,3.9112192610998475,4.6693145967808745,3.1808688376762726,0.2374586574427118,0.5475168863939485,-0.8235205253518295
8.615156250000002,6.6049999999999995,-1.2628125,4.098371624875657,5.364663607813634,3.400956882238255,-0.3026770957205972,0.5404367659208759,-0.8810265481082218
6.92984375,6.53109375,-0.9334374999999999,4.3732476819962915,5.366293272940917,3.059163089571027,0.30001129935889315,0.18276680922529243,-1.4407400346643848
8.0490625,6.4321875,-1.84875,3.808536348926415,5.024186647094607,3.0159443483758115,-0.06909934381200976,0.6349792611789045,-1.3882153955847334
7.442500000000001,7.47046875,-1.7753125,4.580038209447602,5.382435098798075,2.9495502669633806,0.28676196248555896,0.478147490011924,-0.16578052007617708
7.295937500000001,6.80078125,-1.38171875,4.105582220720193,4.65718809499342,2.946592605603706,0.2621531984498661,0.3928064862261084,-0.5110258243297547
3.3534374999999996,9.1753125,0.84046875,3.414964411760941,2.9066894661012124,2.6764070071223167,-0.25132242893074747,0.8550536784054538,0.91726428245022
1.5890625,10.48375,-0.7128125,4.069458547656402,4.215193315555053,2.880191220187255,0.13237572330606515,0.20261306147842598,0.20736888566919068
0.8890625,10.320625,-0.8365625000000001,4.075557752761424,4.391393171235639,2.3755842825700273,0.09976171803204187,0.23732338922851032,0.9202352611552482
0.75359375,10.425625,-0.75625,4.344355305734205,3.9509563221294917,2.7282031059838636,0.2213989746878479,0.7895861175731652,1.217363729071504
0.8485937499999998,10.01015625,-0.6987500000000001,3.134429706495416,4.099250500162919,3.1713106024954416,-0.19757124416149768,0.45111856675037576,1.146340126368981
1.018125,10.52640625,-0.6921875,3.7459285710455026,3.843313335841997,1.9228230131355692,-0.021634347159729984,0.5893717749841976,0.9005336725057204
0.8915624999999999,10.383125,-1.1060937499999999,3.8518008039868508,4.037317671966747,3.499287256529669,0.2677919045152676,0.10804927163709639,1.1686181090455803
1.068125,10.51109375,-0.9835937499999999,3.9193956306266147,3.9748384861791473,1.5187035663555075,-0.10406668764632512,0.47747734727903757,1.432312864386477
0.9559375,10.420468750000001,-0.9934375,3.4250947608925726,3.972648451319779,3.038982261151544,-0.10513525698705574,0.5083408349237466,0.04936446226175718
1.31390625,10.15453125,-0.8337500000000001,4.25399467309386,4.233548648034346,2.2134267127013714,-0.16373729902604317,0.2699899946307982,0.6234768230916404
1.36609375,10.21953125,-0.964375,4.239039402236188,4.164203641486981,3.3905976957425956,0.3673862033185663,0.4262075842165899,0.6899588463672095
1.1228125000000002,10.372187499999999,-0.9962500000000001,3.8263916866734577,4.73216865874873,2.656355292030793,0.2719541976784811,0.1587898079388692,0.3679638557933047
1.2620312500000002,10.3715625,-0.9782812500000001,3.9199936940667954,3.5385251247650835,2.9012914983500773,0.28387427700054774,0.7652830746282389,0.6589876531312276
1.2490625,10.4928125,-1.2618749999999999,3.753460369591472,4.337168023589096,3.338300875351861,-0.4429850895435414,0.220688296588443,-0.1523827747020148
1.0937500000000002,10.18453125,-0.8948437499999999,4.215226676882276,3.621050835775913,2.750769206165057,0.2520711206200525,0.6162555713882949,0.7862587709854563
2.1307812499999996,9.306875,-0.610625,4.693153359112446,3.5790693077076616,2.5528047534770457,0.26218295223243715,-0.058400400898946186,-0.7830096733386813
4.140625,9.17453125,-2.551875,3.896894546863566,4.5786883799046025,2.52274644175252,0.3509988533838586,0.3391060177522182,-1.6801293256331822
1.6990625000000001,10.01484375,-1.7820312500000002,3.8803707614213554,4.794930588714078,3.9061578707885625,0.10588226448320508,-0.756773541624582,1.0790780669638698
0.8014062500000001,9.857499999999998,-2.22625,4.338067638357076,4.430265934455854,3.325106436266364,0.29199999644765456,0.18430328531715334,-1.1039385506694936
0.21156249999999985,10.77796875,-1.89359375,4.742796913066567,4.244861665769974,3.4306255657621594,0.3582664604227367,0.05746239300673014,0.303799542162659
-0.22234375000000006,9.704374999999999,-1.61875,4.876189195400024,4.699732331141317,3.5483347766945554,0.024292869506577802,0.15288873528401983,0.06761680063419268
0.5862499999999999,9.975,-1.70953125,4.864803278396774,4.106079714886207,3.795694283365487,-0.48675207162783424,-0.25879452810294484,0.6856227609441263
-0.5839062500000001,10.18,-1.975,5.418489070184689,4.57900985476118,4.181533062167511,0.029420434138282846,0.3738283696220822,0.03735714188691756
0.22703124999999985,10.24625,-1.7803125,5.567462022683535,4.745880944303176,3.4539284557361274,0.2731319655759884,0.1880086607863269,-0.552820438971091
0.46531250000000013,9.724062499999999,-1.90703125,4.523484196650161,4.3881618869515,3.4094591211838043,0.28289067876831125,0.5563363793388987,0.9876437871176192
1.1778125,10.02890625,-2.50015625,5.1926548089434705,4.561672567842955,4.105711529453322,0.17777717123674008,0.2557890191462779,-0.19645364945853874
-0.6542187500000001,10.26,-1.78640625,6.110079481041833,4.542586336548816,4.4427727009673745,0.08844677483071514,-0.05652312736787669,1.228354851613433
0.18640625000000005,10.39265625,-1.97375,4.700551286547243,4.746950416513315,3.9803366299221477,-0.08027563630348586,0.09551891298363505,-0.6528617916933739
0.3940624999999999,9.77015625,-1.5510937500000002,5.050859060208842,4.628469135479456,3.804832091066692,0.06898651743465695,-0.031195536919142473,0.4510850757022625
0.82875,9.594531250000001,-2.0109375,4.723089395459289,4.2843439293867895,3.1338533183755986,0.17907502684800744,0.1854960715071198,-0.16754265762584947
-1.2064062500000001,9.516874999999999,-0.175,4.264000237155357,3.7916313585810264,2.5237274020781246,0.1922949614434008,0.14035177356968365,0.19066467581384508
-0.4684375000000001,10.33984375,-0.7115624999999999,3.7778582799773934,3.855899899904812,3.0050500301315703,0.06576943500083185,0.09521938989483163,-0.45715277955207945
-0.21187499999999992,10.2034375,-0.89421875,4.369165708047133,4.117931147262391,2.272211756119671,-0.14129418786231795,0.16554450673791318,0.38514083962047446
-1.5970312500000001,10.495625,-1.028125,4.1024911180919625,3.778050040612882,3.316200232853107,-0.05701431449201507,0.5966864458615194,0.43689002368709484
-0.68875,10.1575,-0.5875,4.163612651592365,3.8953778699889954,2.139286534104303,0.07399808291360578,0.28707432191281923,1.1905445073199754
-1.7640625,10.2578125,-0.8403125,4.056567483241682,4.260965804819812,3.5775838428111997,0.10272149064862361,0.6261125436271482,0.8001611195662339
-0.6306249999999999,10.48515625,-0.81109375,4.379176890053084,3.708952847581907,1.593777075444034,0.07526778879003754,0.571844604352543,1.1572204492839702
-1.8404687499999999,10.24046875,-0.6470312500000001,3.9998739939869905,4.424988146060217,3.7932648700062375,-0.22711914223701773,0.5263734702890659,0.7176004705756664
-0.88375,10.64546875,-0.9800000000000002,4.8086586942202505,4.385891417975762,2.227171692977441,0.18795214952798378,0.13820277838184583,-0.18722418638901672
-1.7678125,10.26875,-1.2253125,4.231834512341397,3.861394461525525,4.155204179982465,0.04388702419262378,0.6685563088430384,-0.33831064792650917
-0.7496875,10.4171875,-0.96390625,4.32298542992499,4.405770530207372,2.066314364686782,-0.057267635727666924,0.007894496360209067,-0.21203756774942054
-2.0021875000000002,9.76484375,-0.7890625,4.333193275731392,4.3014790305877275,3.9310708300784594,-0.1282675546911259,0.5477967052912812,1.0608452439814897
-1.2650000000000001,9.97,-1.2071875,4.26727628294677,4.621205876175612,2.434385490189208,-0.03469562156138777,-0.03106848313923424,0.3580922897413962
-1.43765625,10.067656249999999,-0.8429687499999998,4.1246495086656685,3.7398231668537396,2.4520168227447865,-0.0814706595220231,0.7269917199837154,0.7949469081362014
-1.41625,10.524843749999999,-0.8259375,4.336489255434631,4.096104091156124,2.7815557240676934,0.35291996954868443,0.30773278196070064,0.17809841452502428
-7.119999999999999,12.254999999999999,-7.05,1.9199999999999995,0.8050000000000006,1.0699999999999994,-7.529181753371564e-16,3.29878709469885e-15,0.0
