1619491190268 0.42568687839184793 0
1619491190366 0.4486778203654547 1
1619491190453 0.46769425330753794 2
1619491190541 0.48226688863868183 3
1619491190628 0.4902650572839741 4
1619491190728 0.48830831470596353 5
1619491190830 0.49057226113389124 6
1619491190931 0.507027059101806 7
1619491191030 0.5132468567650614 8
1619491191117 0.5287090740532806 9
1619491191205 0.5314973928294331 10
1619491191292 0.5261149131742784 11
1619491191380 0.534192299942684 12
1619491191468 0.5393422128864087 13
1619491191558 0.5321745131010508 14
1619491191649 0.5405308266641401 15
1619491191740 0.5413354843899976 16
1619491191834 0.548482417470913 17
1619491191924 0.5456816341767843 18
1619491192013 0.5393891604924934 19
1619491192116 0.5592182040242275 20
1619491192201 0.556799103678826 21
1619491192289 0.5526419656950132 22
1619491192375 0.5723766637589001 23
1619491192476 0.5651967471951715 24
1619491192572 0.5674371839179833 25
1619491192661 0.5743165646856083 26
1619491192748 0.5667625454732461 27
1619491192842 0.5918935408088538 28
1619491192931 0.5832828683713638 29
1619491193020 0.5872450504034217 30
1619491193111 0.5910907113008468 31
1619491193199 0.5813530124602566 32
1619491193285 0.5855960470228597 33
1619491193374 0.5968930588115532 34
1619491193468 0.5857782902351197 35
1619491193563 0.5958882399343679 36
1619491193655 0.5930306436836359 37
1619491193743 0.6097626677775394 38
1619491193831 0.6042780455924733 39
1619491193920 0.5937864985221649 40
1619491194007 0.585826290574613 41
1619491194095 0.608949366161273 42
1619491194179 0.6024840460226057 43
1619491194268 0.6046622962993818 44
1619491194360 0.6084201422547284 45
1619491194452 0.6021220560002294 46
1619491194541 0.6071915153072511 47
1619491194629 0.5923416812220746 48
1619491194721 0.6020656202028329 49
1619491194813 0.6033106318923306 50
1619491194899 0.5866853292422995 51
1619491194992 0.6133040510579119 52
1619491195079 0.6101574575959277 53
1619491195167 0.5996731411702082 54
1619491195256 0.6127611207769271 55
1619491195343 0.6046178249279085 56
1619491195429 0.6150870137592702 57
1619491195519 0.6164206531212573 58
1619491195607 0.6043637197459504 59
1619491195695 0.615789203882467 60
1619491195781 0.6083276645354528 61
1619491195872 0.612326179970387 62
1619491195962 0.6158720906936551 63
1619491196051 0.61232775152631 64
1619491196139 0.613479851573886 65
1619491196227 0.6087972861617151 66
1619491196313 0.6136093561374182 67
1619491196401 0.6109283142668971 68
1619491196488 0.6146384078806475 69
1619491196582 0.6110584505245595 70
1619491196674 0.6156143397959569 71
1619491196764 0.6109434959811075 72
1619491196858 0.6189716819200531 73
1619491196945 0.6137064042106347 74
1619491197032 0.606716181883539 75
1619491197122 0.6124222354418236 76
1619491197209 0.6138139677642667 77
1619491197297 0.5957528691463218 78
1619491197383 0.6173189565636436 79
1619491197471 0.624579624534208 80
1619491197562 0.6126619480435879 81
1619491197653 0.6196720299643381 82
1619491197744 0.6154820115005154 83
1619491197832 0.6129320135791672 84
1619491197921 0.6085035702679089 85
1619491198041 0.6176530764013071 86
1619491198128 0.625529836431638 87
1619491198216 0.6217831357474547 88
1619491198303 0.6208082785289917 89
1619491198391 0.6213012345762738 90
1619491198485 0.6185101011448153 91
1619491198577 0.6269048674230577 92
1619491198664 0.6135072110453945 93
1619491198753 0.6226134213660971 94
1619491198848 0.6238795904266717 95
1619491198938 0.6205282890350112 96
1619491199024 0.6214020733516568 97
1619491199114 0.6214277925721264 98
1619491199200 0.6233671774013811 99
