1621395904423 0.4863042339488427 0
1621395908868 0.5033794274322234 1
1621395913523 0.5367850030977375 2
1621395917828 0.5403008872115262 3
1621395922437 0.5596339412037025 4
1621395926894 0.5688030377113581 5
1621395931317 0.5701253706040689 6
1621395936001 0.5882316415166511 7
1621395940508 0.5864190795654305 8
1621395944957 0.5976733412123825 9
1621395949376 0.6189652885660952 10
1621395954037 0.6011248667013263 11
1621395958750 0.6236064462550245 12
1621395963167 0.6090521445041094 13
1621395967847 0.5989779666648626 14
1621395972518 0.6142448291057706 15
1621395977212 0.6224561931782958 16
1621395981650 0.6189447623829666 17
1621395986233 0.6212348494732475 18
1621395991290 0.6253653253411736 19
1621395995860 0.6148898217943226 20
1621396000369 0.6232726730548431 21
1621396005072 0.574402878621724 22
1621396009509 0.6274493376097329 23
1621396013812 0.6123538304721826 24
1621396018349 0.6271636241214006 25
1621396022936 0.6281743393062491 26
1621396027330 0.606126460767225 27
1621396031722 0.6094053612684804 28
1621396036093 0.6058325176463121 29
1621396040298 0.6257261424188894 30
1621396044665 0.6148055860640116 31
1621396049051 0.6417242938027709 32
1621396053494 0.6135424556996779 33
1621396058025 0.6296100086662979 34
1621396062673 0.634634808184325 35
1621396067293 0.6033278804821932 36
1621396072019 0.6062395942937834 37
1621396077470 0.5811057943779683 38
1621396082607 0.6293029532758732 39
1621396087474 0.6276470315371796 40
1621396092081 0.6268748242551918 41
1621396096779 0.6359160271403456 42
1621396101401 0.6349268246766244 43
1621396106036 0.6237159317048165 44
1621396110778 0.6413452844562337 45
1621396115563 0.6324974304579091 46
1621396120461 0.640841277197468 47
1621396125136 0.6220233660865628 48
1621396129858 0.6162121678720301 49
