1622291477504 0.744377313635068 0
1622291478053 0.7322082676187595 1
1622291478784 0.7721997032183833 2
1622291479408 0.7902439869922946 3
1622291480396 0.7840884649071265 4
1622291480901 0.7901697902415397 5
1622291481355 0.7863030868347105 6
1622291481814 0.7966917804600528 7
1622291482250 0.803839050437917 8
1622291482709 0.7895343239055561 9
1622291483142 0.836156685160115 10
1622291483596 0.788914193936202 11
1622291484057 0.8102498851082057 12
1622291484492 0.8123105907576091 13
1622291485005 0.8086966566287289 14
1622291485488 0.8224708787947824 15
1622291485953 0.7989675516220179 16
1622291486400 0.827896302407317 17
1622291486851 0.8163884647256444 18
1622291487269 0.8151192941905289 19
1622291487706 0.8261808737342776 20
1622291488133 0.7979268432564933 21
1622291488582 0.817783593077502 22
1622291489019 0.8202983225748227 23
1622291489459 0.8354516730523764 24
1622291489898 0.8243492304058394 25
1622291490352 0.8345732360509674 26
1622291490809 0.8228581533175726 27
1622291491251 0.8424203684089793 28
1622291491707 0.8110701989273295 29
1622291492167 0.8378047100010446 30
1622291492610 0.829531741591596 31
1622291493052 0.8216628552578726 32
1622291493480 0.8421823504554665 33
1622291493929 0.8195447650702957 34
1622291494367 0.8448376699124119 35
1622291494870 0.8249798517010277 36
1622291495497 0.8300488403906873 37
1622291496100 0.8376887645095712 38
1622291496544 0.8365168655512221 39
1622291497051 0.8393329371541752 40
1622291497489 0.839192971871475 41
1622291497951 0.8403006787630722 42
1622291498510 0.8394184651459135 43
1622291499160 0.8322338039110072 44
1622291499619 0.8501625836256106 45
1622291500086 0.8457906755140738 46
1622291500555 0.8310494867243174 47
1622291501023 0.8342077021351411 48
1622291501471 0.8562439886455261 49
1622291501910 0.8421464815853695 50
1622291502348 0.8450051898759928 51
1622291502803 0.8341274133958391 52
1622291503266 0.820273375763567 53
1622291503734 0.8380067543880282 54
1622291504198 0.8248000328917456 55
1622291504636 0.8320886878467483 56
1622291505053 0.8166194199517252 57
1622291505540 0.8482609750809588 58
1622291505987 0.8352546659166061 59
1622291506432 0.8428691027191085 60
1622291506955 0.8526776886543822 61
1622291507414 0.8287340328825413 62
1622291507831 0.83627263866729 63
1622291508288 0.8402803444193928 64
1622291508734 0.8419443301235925 65
1622291509185 0.8606365764623689 66
1622291509594 0.829306489093296 67
1622291510038 0.850203443081116 68
1622291510462 0.8374538240584177 69
1622291510885 0.8461397669796835 70
1622291511327 0.846672457406664 71
1622291511780 0.837730955750291 72
1622291512208 0.8468884589395839 73
1622291512704 0.8481304971089525 74
1622291513137 0.8478659926569145 75
1622291513571 0.8480554944681755 76
1622291513978 0.845476120523155 77
1622291514409 0.8601746009207704 78
1622291514910 0.846192389026305 79
1622291515455 0.8487558428036883 80
1622291515886 0.8511844041487293 81
1622291516323 0.8621043620302601 82
1622291516823 0.8406538052190565 83
1622291517322 0.8574942160950755 84
1622291517853 0.8514683456435321 85
1622291518287 0.8485196752914888 86
1622291518745 0.8418049159342326 87
1622291519161 0.8547859360043977 88
1622291519590 0.8426680425437676 89
1622291520016 0.8493382327567149 90
1622291520424 0.8490611990352962 91
1622291520845 0.8508752978516491 92
1622291521237 0.8503881719235544 93
1622291521640 0.8413777357203953 94
1622291522063 0.8533957155916291 95
1622291522478 0.8520135830423897 96
1622291522901 0.8435425567468858 97
1622291523368 0.8461447471086232 98
1622291523838 0.8618568618694756 99
