1622298632120 0.7008938765705408 0
1622298632650 0.7322083621620854 1
1622298633241 0.7713838457825463 2
1622298633903 0.7827791939119008 3
1622298634579 0.7765576587326862 4
1622298635209 0.7771180790834729 5
1622298635662 0.7799344625776454 6
1622298636116 0.7775115191367905 7
1622298636557 0.7985138485547053 8
1622298637007 0.7808885627316563 9
1622298637451 0.8189523850293312 10
1622298637907 0.786107829285256 11
1622298638356 0.7979388529544877 12
1622298638820 0.805095740588336 13
1622298639297 0.797605161516541 14
1622298639767 0.8149718667266534 15
1622298640237 0.7950910026872363 16
1622298640713 0.8123492984271926 17
1622298641200 0.8084211287289345 18
1622298641651 0.8049374975371549 19
1622298642101 0.817853647901769 20
1622298642547 0.7972592737659181 21
1622298642991 0.8112818349192674 22
1622298643428 0.8192212828415502 23
1622298643870 0.8210842096705723 24
1622298644301 0.8289895341486752 25
1622298644747 0.8221288335328881 26
1622298645196 0.8083640884429479 27
1622298645635 0.8381707571228475 28
1622298646090 0.8109772794603913 29
1622298646539 0.8246763708939271 30
1622298646971 0.8162163083167229 31
1622298647413 0.8286916290939881 32
1622298647882 0.8303181962697325 33
1622298648347 0.8134322396304897 34
1622298648792 0.8348275519363155 35
1622298649239 0.8161503965838558 36
1622298649690 0.8273722034739915 37
1622298650143 0.8232934744192202 38
1622298650573 0.8303094414942982 39
1622298651010 0.8331130581395245 40
1622298651532 0.8219344133676735 41
1622298652014 0.8360424369102081 42
1622298652499 0.8206149146633406 43
1622298652990 0.8226273410566578 44
1622298653434 0.8371109283208958 45
1622298653895 0.8383137739054155 46
1622298654391 0.8213226406407279 47
1622298654860 0.8292602226172785 48
1622298655308 0.8448088215694365 49
1622298655744 0.8373486320186959 50
1622298656180 0.8411416192770892 51
1622298656622 0.827462142556143 52
1622298657066 0.8284356273873676 53
1622298657561 0.830985736692989 54
1622298658030 0.8437165532793317 55
1622298658474 0.8305731213969261 56
1622298658922 0.8111395066202713 57
1622298659365 0.8414153213408616 58
1622298659827 0.818966561109313 59
1622298660283 0.8364656078241325 60
1622298660730 0.8405752346758623 61
1622298661197 0.8178250961328118 62
1622298661684 0.8355409065655854 63
1622298662131 0.8287398921799914 64
1622298662599 0.8295778830060297 65
1622298663066 0.8516867823825985 66
1622298663521 0.8278973516113207 67
1622298663984 0.8396168559332013 68
1622298664427 0.830591250153795 69
1622298664877 0.8318186633500347 70
1622298665315 0.8390621815055346 71
1622298665766 0.8248598528787556 72
1622298666216 0.8395924259821389 73
1622298666654 0.8430920467647413 74
1622298667091 0.8391947102455163 75
1622298667516 0.8541322196983304 76
1622298667980 0.828504716340416 77
1622298668414 0.8484184279510896 78
1622298668860 0.8267335424441523 79
1622298669291 0.8470782958986927 80
1622298669755 0.8544375277871917 81
1622298670221 0.8563341469598849 82
1622298670691 0.8399757086786906 83
1622298671144 0.8453577363654701 84
1622298671658 0.8492747189528225 85
1622298672102 0.8422491615971835 86
1622298672593 0.8320733821769268 87
1622298673088 0.8437893068224621 88
1622298673648 0.8333491067405965 89
1622298674174 0.8392753519253046 90
1622298675155 0.8490767890267619 91
1622298676029 0.8406889758286448 92
1622298676493 0.8385818802849977 93
1622298676990 0.834551066395958 94
1622298677464 0.8386721212248738 95
1622298678078 0.8476286786428547 96
1622298678698 0.8415114096066407 97
1622298679160 0.8391505747534276 98
1622298679654 0.8567409791561991 99
