1622173545198 0.744472955770898 0
1622173545643 0.7316639381835714 1
1622173546113 0.8038961969804852 2
1622173546669 0.8250490064299789 3
1622173547280 0.8325186111258318 4
1622173547811 0.813926999897056 5
1622173548382 0.8434897059858151 6
1622173549001 0.8280125620643612 7
1622173549572 0.8389823763952415 8
1622173550088 0.8571339009659908 9
1622173550473 0.8660301341982485 10
1622173550843 0.8537116516407505 11
1622173551221 0.8541846188446598 12
1622173551576 0.8636946891000682 13
1622173551954 0.8576239589177048 14
1622173552322 0.8692459698927686 15
1622173552718 0.8547412181327708 16
1622173553084 0.8619935355938385 17
1622173553491 0.862057458950842 18
1622173553870 0.8751429474044534 19
1622173554244 0.8604048799711252 20
1622173554611 0.8603015297884273 21
1622173554980 0.8392728371931376 22
1622173555361 0.8728367683775429 23
1622173555737 0.8385134756793916 24
1622173556105 0.8585242112537715 25
1622173556475 0.8717409303301764 26
1622173556829 0.8596703343859602 27
1622173557208 0.8772757948415676 28
1622173557567 0.8634510489883618 29
1622173557942 0.8733616976709685 30
1622173558306 0.874765365140529 31
1622173558695 0.8756360619733254 32
1622173559047 0.8758999822048489 33
1622173559437 0.8650435205529933 34
1622173559797 0.8778950058863351 35
1622173560203 0.8636677294082007 36
1622173560675 0.8807553389374463 37
1622173561048 0.8787995383885363 38
1622173561420 0.8705179913583996 39
1622173561780 0.8814225483281827 40
1622173562124 0.8806113512114404 41
1622173562495 0.8824194045525032 42
1622173562866 0.8827802489363021 43
1622173563247 0.8773849828332565 44
1622173563620 0.8748495096402314 45
1622173563982 0.8738775312373559 46
1622173564347 0.8805638112997998 47
1622173564711 0.8841183280434481 48
1622173565063 0.8863866825736695 49
1622173565439 0.8790601422310763 50
1622173565796 0.8792011715704033 51
1622173566147 0.8839743952624406 52
1622173566513 0.8840888607371624 53
1622173566878 0.8797652853636366 54
1622173567240 0.8777504036763814 55
1622173567603 0.8762127343390143 56
1622173567960 0.8847495161790857 57
1622173568310 0.879083129581239 58
1622173568670 0.8864881140775822 59
1622173569034 0.8845158905387203 60
1622173569393 0.8848068245264917 61
1622173569782 0.8704856331401672 62
1622173570138 0.8888484536006651 63
1622173570500 0.8796718954041483 64
1622173570863 0.8793973746605949 65
1622173571218 0.8893361068662237 66
1622173571579 0.8878261748581723 67
1622173571943 0.889448388100447 68
1622173572297 0.8855819616652245 69
1622173572664 0.8811672008095812 70
1622173573010 0.8868894235422967 71
1622173573373 0.890948254571731 72
1622173573744 0.8884427121395342 73
1622173574101 0.8845225009614781 74
1622173574467 0.8871626234286161 75
1622173574834 0.8764714952705627 76
1622173575195 0.8883030481737068 77
1622173575560 0.8894280223665597 78
1622173575921 0.8937911835588817 79
1622173576275 0.8891089142561514 80
1622173576655 0.8869810510321017 81
1622173577017 0.8873624712949911 82
1622173577394 0.8821565824547386 83
1622173577743 0.8880903529061335 84
1622173578106 0.8923751628845444 85
1622173578467 0.8932025048512534 86
1622173578842 0.8853994262889686 87
1622173579206 0.8961010420388985 88
1622173579575 0.8843732827441423 89
1622173579940 0.8962116308160136 90
1622173580294 0.8897556152286614 91
1622173580661 0.8867951021423557 92
1622173581025 0.8944779375837592 93
1622173581386 0.8927722862150681 94
1622173581748 0.8950148305126322 95
1622173582121 0.8985976429388323 96
1622173582516 0.8865583695994803 97
1622173582888 0.8909260814289206 98
1622173583266 0.8969437821402889 99
