3.801953125,9.93125,-0.510234375,5.606423361114707,4.042969399154537,3.3179647057825012,0.5544507212785309,0.2487200999567005,1.1280791785549158
3.8596093750000002,9.889609375,-0.55640625,5.775624073739747,4.533943579122055,3.409247702567377,0.4932827707695363,0.13821963085318117,0.7907462457510773
3.5596875,9.97484375,-0.70453125,5.832811411733089,4.826394549825567,3.1200868526009717,0.604889314148964,0.2240616436824522,0.24597414545955248
3.4540624999999996,10.36171875,-0.654921875,5.629745142641339,4.623368987642933,3.4900040284928733,0.5188859075263291,0.19156264024942152,0.4853422138293555
3.2757812499999996,10.05375,-0.5096874999999998,5.840690055733863,5.01869411550455,3.663907139563413,0.47256856432940497,0.05425196940499851,0.22064783085091597
3.1814843749999997,10.177265625,-0.634609375,5.649972772313231,4.78690396336122,3.344081970049794,0.45975357601696515,0.04319349224371416,0.6205469119684996
2.889453125,10.1590625,-0.530234375,5.697075361067092,4.799272965366082,3.1768809548546764,0.5281406591926462,0.02336686837052536,0.07178559494456377
2.8730468750000004,10.313906250000002,-0.6165625,6.179161497347575,4.837530884005904,3.455506121915247,0.4658153840545916,-0.08619920426738285,-0.13126369974186733
2.5941406250000005,10.285546875,-0.581484375,5.678443273598373,5.152202321670583,3.815466896774346,0.6193175058977698,-0.08560520065780927,0.5262945786563791
2.328359375,10.337265624999999,-0.61578125,5.822405508215621,5.099370781473275,3.3616515215215923,0.6038143677679962,-0.04326324603034078,0.6535075780888211
2.328203125,10.221406250000001,-0.5196093749999999,5.619137560826415,5.055649954255233,3.42711166708383,0.49830690253473126,0.02912970720984483,0.20089437870903834
2.4757031250000003,10.426015625,-0.31070312499999997,5.462315169011693,4.534919262622639,3.307415008260263,0.8337857353138962,0.19538986903873282,0.6562669265322305
2.4103906250000002,10.290078125,-0.52625,5.405170615129749,4.386610931305224,2.8986163186078975,0.6663372985626506,0.2515722171199483,0.5312417389642343
2.199453125,10.376015624999999,-0.46429687499999994,5.800696524528561,4.917697209416808,3.364719222032536,0.6541791801711059,0.016896022837619887,0.49931978103702285
2.173125,10.478671875,-0.4225,6.0086754663049495,4.660284053020157,3.143355840101467,0.5419041894441599,0.0058284526349644565,0.7563424388859046
1.9985937500000002,10.422968749999999,-0.5396875000000001,5.675639657559396,4.644313115146678,3.0524188506565983,0.6579137222845169,0.11175527471530698,0.5465199403660917
1.6242187499999998,10.4059375,-0.50515625,5.929365033639642,4.911665234021324,3.1274352971861688,0.42191389045779226,-0.18068543024503583,0.5622505319311736
1.9167187500000002,10.32046875,-0.70171875,5.764240803947944,5.1610916449694475,2.8102841575005253,0.7707487561285178,-0.01826114485754202,0.20998723216003018
2.052578125,10.378125,-0.47437500000000005,5.592978752151798,5.078748577098004,3.121468191712836,0.7011632930915328,-0.037914893532378285,0.13056257113618194
2.0483593749999995,10.434296875,-0.436015625,5.747491134364594,4.92860633882594,3.1034752042679283,0.7295752119846423,-0.008159121479387039,0.2826788925284533
1.731875,10.696875,-0.46515625000000005,5.451516095030354,4.884817798226972,3.36918248252984,0.5215438304627876,-0.21265262179972436,0.49482236803710394
1.516875,10.310781250000002,-0.17906249999999999,5.844992347888491,4.98682570776726,3.235204407544251,0.948892513568722,0.09134132444253698,0.7715515720086273
1.49609375,10.569765624999999,-0.40289062500000006,5.654012158742757,4.633488235262755,2.8348002443800357,0.635678970907138,-0.10459206552813476,0.7431360514770907
1.7966406249999998,10.521484375,-0.36632812500000006,6.016702569377151,5.218616778216318,3.1496646327163127,0.7040075929425663,-0.19586348714123755,0.4362332754249493
1.5603125,10.462187499999999,-0.34351562499999994,5.705143367159475,5.029556848256489,2.7342399509060757,0.5146790396639018,-0.10283675392954643,1.1307788623479937
1.7499218749999998,10.64875,-0.38687499999999997,5.581661168518426,5.047732473596437,3.0143829048206534,0.6191149009155368,-0.15432609836200326,0.5904097113814172
1.52875,10.49171875,-0.5353125,6.230429735379414,4.996151348377913,2.9836929030722565,0.70334093496126,-0.18112784212199695,0.6299344235261168
1.2242187500000001,10.73265625,-0.8362499999999999,6.003170725928793,4.769520004081746,3.2360720789253135,0.8820048508106137,-0.14761469455256898,-0.05711194165686589
1.537109375,10.573203125,-0.7740625,5.939010091171517,5.014048846365603,3.2511049654069537,0.818448377237027,-0.0797398101593903,0.6570569475046449
1.72765625,10.568359375,-0.5685156250000001,5.898187153213769,5.381383241286538,2.9770363539736726,0.45158995528226636,-0.33300373604511746,0.3306489282575863
1.6342187499999996,10.352421875000001,-0.465078125,5.772856827615634,5.22045986152288,3.264923428489018,0.6297094516474813,-0.15694405593780447,0.6125066424846075
1.7503125000000002,10.364765625,-0.6594531250000001,6.427139349262917,5.603137509027274,2.8481856364495863,0.5892507125532301,-0.22386001275783607,-0.12114091238099695
1.550078125,10.575624999999999,-0.864453125,6.0096607766284516,4.8767824866273255,2.849266574651753,0.8125353792691046,-0.16936923727691996,-0.2973395661497901
1.3828125,10.491718749999999,-0.7135156250000001,5.791739394589828,5.232961504578305,3.2093120343978487,0.7244821815758037,-0.20197613747946222,0.6516962671587209
2.112109375,10.297890625,-0.568359375,5.779242442291819,5.289548901540386,2.95269733076379,0.5644621674130436,-0.1801811364823435,0.5154274066036788
1.951328125,10.488359375,-0.6857812500000001,6.213412705980023,5.175776025351136,3.2098382964953918,0.6263446856296805,-0.13706826931519084,0.2584702042166041
2.09265625,10.478046875,-0.5223437500000001,5.639522570159281,5.452071718993866,3.224700200303268,0.3393456741323702,-0.38523622337841673,0.22773460641832174
1.7864062500000002,10.494374999999998,-0.7333593749999999,6.729167126023914,5.622637385771467,3.305826834295712,0.43731267061118834,-0.3273494689984655,0.328609399223932
1.5862500000000002,10.37890625,-1.0228125,6.436557212516642,5.293753133761617,3.2269010718247544,0.7670422661212553,-0.1376362340840942,0.015403991838361152
1.879609375,10.2559375,-0.655859375,6.039017847809535,5.403043187278235,3.650292695315625,0.8193923096068423,-0.19440816634715627,0.6321654343118793
1.574921875,10.557031250000001,-0.8126562500000001,5.857684322229773,5.1235885799431085,3.53036061463074,0.5676883754627222,-0.263464294439471,-0.13570876087797004
1.8000000000000003,10.30140625,-0.332109375,4.9124386128480015,3.8255519892508243,2.9287464394834712,1.0889815221711805,-0.0071336328285818715,0.586066792382965
1.77578125,10.42359375,-0.8417968749999999,6.21638266616112,5.44578416850695,3.263781221986277,0.730625966683381,-0.17501138452909293,-0.13302184073744183
2.140859375,10.40953125,-0.5918749999999999,6.15666509099891,5.6558322855945296,3.2160964183113356,0.7658500257217785,-0.16056813238014367,0.005799019567044002
1.9729687500000002,10.5209375,-0.746328125,5.84250486191697,5.565101840586006,3.3130631292784,0.557427573783035,-0.42415087183809963,0.18417313628840695
1.89265625,10.362421875,-0.822890625,6.169279927133793,5.805376380198917,3.4870528728479453,0.7583284411316958,-0.2511134121935376,0.03259696510344814
1.85296875,10.431328125,-0.844453125,6.360022523468249,5.631265867221506,3.1822321196650214,0.6482644690217948,-0.2535756335841322,0.04842809414217836
1.95,10.37796875,-0.54296875,5.949809870911843,5.678384090040355,3.0110461635490475,0.3572062013500428,-0.32774535463721166,0.41682899264350504
1.6703125,10.6509375,-0.759765625,6.6238108528885205,5.121740798653691,3.3759682557480244,0.5070968094091293,-0.18784834383566765,0.23314244084533128
1.176796875,10.694453124999999,-0.55296875,6.105938571074904,4.862761048357994,3.1567488119144733,0.7088203071979658,-0.043887897062936665,0.21763023447743693
1.49453125,10.402109375,-0.38296874999999997,5.9895670830848395,4.8021625422081575,3.423460045994905,0.7387618281788909,-0.024262954905125787,0.4255409605413992
1.731171875,10.596171875000001,-0.285859375,6.184794941666133,5.137518570692372,3.4586044257727147,0.692377138792054,-0.04160829810971472,0.19042328600845526
1.993203125,10.77296875,-0.6171875,5.501845419606065,4.464400743551528,3.614523641137757,0.8813837144655159,0.07708586064237286,0.49188985281376196
1.296015625,8.390546875000002,-0.12546875,6.589572650673627,7.014209719004539,5.0812493633725,-0.9641576684582392,-0.22240033067204962,0.2921034916484294
-5.52015625,5.758828125,1.281171875,10.082254753431195,6.9241121521433335,7.037250175527299,-0.03989080266850846,-0.2482567600924774,0.23928732653546445
-6.9090625,1.03921875,1.4587499999999998,9.786091408657173,7.159162901635109,6.441132349012866,0.14309506420696189,-0.24012553742388543,0.07971705644951438
-6.177031250000001,-1.4017968749999998,1.4072656250000002,9.48036229853709,7.8220151489235965,5.868735185663377,0.13332610881915155,-0.2733753593844489,0.03133419772241241
-6.5440625,-2.310078125,1.278359375,9.10309068715641,7.969176997980813,5.980251063049077,0.23243231455841404,-0.2843874644060573,-0.33996898361577865
-6.874140624999999,-2.9498437500000003,1.6945312500000003,9.136547704082467,7.894999701588717,6.218063889208073,0.44916790782763333,-0.31681427463443057,-0.2221476766806339
-6.728359375,-3.705859375,1.12328125,8.339979183253373,8.445110042887222,5.5661926099353085,0.4218275402842148,-0.3148901376473144,-0.5516527020401996
0.8419531249999997,-6.5234375,0.6118750000000001,6.847504570392979,9.303039022738416,4.505726347868343,0.2522047635534947,0.3469041741733529,0.003401010933558393
3.937421875,-6.45734375,0.7686718750000001,6.976918670482084,9.614769927400028,4.9905730462376745,0.3284595649406373,0.4664579150511527,0.07863718786034958
3.123046875,-6.601484375,0.5904687499999999,6.589567222914016,9.530118710718186,4.581544645943488,0.32145040815538845,0.5476801958999713,0.6000967409345596
4.402578125,-6.82234375,0.9474218750000001,7.403125527236552,8.764259139073646,5.026389926878085,0.24699219454078108,0.49821315908924174,0.17198124950090135
2.5960937499999996,-7.122890625,0.380546875,6.044258411187507,9.446619199509268,4.959978784700367,0.1497103234396774,0.43372427772268235,0.2787493073680814
2.131328125,-7.226015625,0.6334375000000001,5.605921028683332,9.435048716408721,4.485943921973808,0.12824952801887088,0.35381897659173617,-0.042827134086417765
3.09546875,-6.82625,0.42585937500000004,6.0721890177903255,9.417710957950451,5.203787912326425,0.08155861460821688,0.36939650907449256,0.17301600552149543
3.24125,-7.3878125,0.6094531249999999,6.598739936533338,8.826987996471036,5.397097789060129,0.3221840922080344,0.5379930458129972,0.27220174283438936
3.9698437500000003,-6.625234375,0.2804687499999998,6.73084747918759,8.904659328552011,5.236963107830094,0.35929794228778816,0.4028467371219258,-0.05175187314463562
4.80203125,-6.067109374999999,0.93109375,7.251269324161353,8.964906158211424,5.493253281636569,0.13727480437908174,0.3946431625206065,-0.24635047066636626
4.7309375,-6.408828124999999,1.0367187500000001,6.949369737328253,8.366584635946678,5.575870603179242,0.2383381654009395,0.44884693138575493,0.05926560062822215
5.4467187500000005,-6.420624999999999,0.83171875,7.331685527278052,8.75045987630793,5.120310371051587,0.21093627088696573,0.5594955193843619,0.026635581811056446
5.955234375,-5.733671875,0.9131250000000002,7.784151463555187,8.46330764896822,6.183456475497746,0.09723054756752965,0.3868697569984506,-0.03220232573804801
5.816953125,-6.215625,0.413671875,7.84193639975502,9.078086058436272,5.486248842431774,0.33655391872311574,0.5854389291192827,-0.15466822691978527
6.42125,-5.720000000000001,0.461328125,8.359078522779887,9.023366368767256,5.362622575972878,0.1461679824262458,0.26801935002578375,-0.1291895713401787
7.673125,-4.96078125,0.6270312499999999,9.026200296740319,8.637134001776772,6.37444475025264,0.002473241279443719,0.5159321522909792,-0.09324628012506468
7.968828125,-3.1609374999999997,0.19539062500000004,9.158398435750597,8.510521561343568,5.836027103039543,-0.13982173880386792,0.24067417930252763,0.12992355678796094
7.947109375,-2.0278124999999996,1.0740625,9.158588622191582,6.919499274864024,5.599451206019546,-0.1993556427163432,0.2517930676531279,0.03305295722630843
8.140703125,0.24859374999999995,0.90875,9.587470516870717,7.0335615905073965,5.898394246530152,-0.43194462998346567,0.40306662913242003,-0.1134987152695894
8.38328125,0.38890625000000006,0.69625,9.224311213223372,7.184052894516502,6.1780756510421595,-0.5094034792021668,0.35217197761665964,0.2963047505648099
8.27171875,1.35875,1.011484375,9.43166335321604,7.8567438190067005,5.490243205257929,-0.5618605925566288,0.14789487238940993,0.28986982167004743
8.7059375,1.9740624999999996,1.00296875,9.769447306966436,7.895126803674134,5.918868842441387,-0.668187553360247,0.18644301426221088,0.23193587716055603
7.807343749999999,2.833828125,1.0280468749999998,10.266675725098944,8.736088326688838,5.817423997488299,-0.2566325853696821,0.16674532309017429,0.24778758213750948
7.528046874999999,3.25171875,1.148671875,10.041319483342454,9.063563395315246,5.7339914886869146,-0.26759219761266206,0.1840930833670054,0.3498098725907947
8.38265625,2.541953125,1.28484375,9.693112848529926,7.889380427451369,5.92694258560735,-0.44218405842019104,0.4095404311548249,-0.26077724557796905
7.900234375,3.446953125,1.1378125,10.133628458075535,8.403230643496746,6.0627418685644,-0.3015369063728099,0.24071392111526224,0.23029256542908158
8.16703125,3.1103125,1.026796875,9.41983059157772,8.168927497832488,5.986232894837974,-0.4306689606759291,0.3505003709399146,0.16308734385351964
8.101015625,3.2625,1.1591406249999998,9.628709337172655,8.012324296045437,5.045548165732304,-0.32385836210960717,0.3676875319438755,0.2005219511472684
8.327656249999999,3.2308593750000005,1.19,9.239447315415351,8.289575911512276,4.928047439148694,-0.2716726553646499,0.2497912135104107,0.5186972660892547
7.6815625,3.4949218749999997,0.6678906249999998,9.514933364642854,8.76015794271978,4.713336572353719,-0.15118561040795836,0.2740922313726853,0.29603401834598786
8.24234375,2.9621874999999998,0.3827343749999999,9.409092301828903,8.557746119881317,5.327891485329197,-0.14736816589645774,0.31048302585583254,0.30556884547176877
7.897578125000001,4.319921875,1.1715625,9.287638436560258,8.372928614746842,5.562656519918676,-0.29691513304321804,0.27345653688740923,-0.1395760764192989
-3.6656250000000004,8.295781250000001,0.27585937499999996,7.022475608492706,5.099018074801112,3.373418269941427,0.6767242977920559,-0.010940356472844146,0.45151281406064536
-7.802109375000001,6.34171875,-0.15289062500000003,4.549231159689196,5.365756894036333,3.485539805831675,-0.842101058679358,0.055180745017597836,0.2801755986511774
-8.1009375,6.717968750000001,-0.30062500000000003,4.814446106105431,5.415210112407776,3.4472284496933185,-0.6546238998458687,0.09763528993130927,0.4519553770921368
-7.9185156249999995,6.36828125,-0.2817968750000001,4.976424590293805,5.329580499054165,3.594767558895879,-0.5735239173183672,0.3676028417760298,0.42031271643072227
-7.921171875000001,6.59578125,-0.3260937500000001,4.834667067954006,5.361530595562095,3.4819236857965365,-0.6417066632327068,0.34551331430703547,0.2189131116714392
-8.01984375,6.49015625,-0.27304687500000013,4.833614554666719,5.403214897224239,3.824430014433881,-0.6621125328820406,0.07082423419625192,0.6082926662976976
-8.270703124999999,6.3490625,0.00039062500000000555,4.6961142819745385,5.020261826697264,3.4840046108841634,-0.5918838421729057,0.42024026813916965,0.9577533978426449
-8.084921875,6.306953125,-0.2686718750000001,4.365065505682186,5.023187881993141,3.221991661586663,-0.896316206653749,0.330088918803089,1.0518044215737745
-7.94375,6.570546875000001,-0.00367187500000013,4.630716399759328,5.146039634483758,3.3796696563545945,-0.7941639149551349,0.4333197102147157,1.1244469678971827
-8.33609375,6.1415625,-0.21874999999999997,4.745266923863286,5.007764976373567,2.8144854103370296,-0.5495534759099499,0.4758071904575385,1.0303379953607292
-8.265234374999999,6.181640625,-0.11875000000000008,4.517843609795315,5.162427931903709,3.160794006258554,-0.5063787104035713,0.681086613949038,1.1756745368556525
-8.1696875,6.21296875,-0.14078125000000008,4.7656088831694685,4.975335472259478,3.1513061799273707,-0.5229495687293425,0.5572238700019453,1.106505033527351
-8.290703125,6.25046875,0.08203124999999997,4.226558363416414,4.6783173155819,3.434281302037362,-0.7722430149655607,0.4977356081880662,1.0922967063698312
-8.1721875,6.05453125,-0.12406249999999999,4.532140936118795,4.933548238111536,2.842553989565326,-0.5904486560697539,0.4615651291991863,1.1366910584942629
-8.240546875,6.260937500000001,-0.03632812500000006,4.386151557137274,4.94825923265887,2.7260691340433727,-0.6092347826820089,0.7287787051864573,1.265668924667367
-8.257187499999999,6.1403125,0.06687500000000005,4.241828714109488,4.575735073716981,2.75756112522914,-0.44352652326601205,0.8738743163902216,1.0190657626021673
-8.32484375,6.2003125,0.04914062500000006,4.154969536661603,4.69239243641703,2.81751470363947,-0.5299167484954155,0.8661531497896434,1.5225755612738763
-8.063203125000001,5.9275,-0.274921875,4.584732464521811,5.113614028991629,2.9414197241972255,-0.3375044869321301,0.6359066485221784,1.458339003673015
-8.33796875,6.1828125,-0.07859375000000003,5.050010575387287,5.22982177897524,3.23433163844726,-0.45427403591853144,0.5371158468200549,1.2855294656146525
-8.327734375,6.16171875,-0.09539062500000009,4.910074976331152,5.126262970810065,3.2048951577878655,-0.554311200983735,0.4099321822996356,1.215422494923095
-8.302109375,5.957890625,-0.12398437500000001,4.815753389324158,5.2534462873705206,2.679552008919748,-0.5121143012544518,0.42674114514877726,1.0030853213519297
-8.31875,6.077500000000001,-0.16718750000000004,4.649743104462869,5.076584266266049,3.0247143298737735,-0.4796698171158271,0.6893596182762486,1.216056624052115
-8.167578125,5.9925,-0.008359374999999981,4.41027967262525,4.896131285259822,2.835181811118929,-0.6849288396701037,0.5711920796813605,1.2078549606433888
-8.306953125,6.11390625,0.08601562500000003,4.524781168498951,4.977705488346105,3.0141873748998846,-0.6869722623255412,0.28577952527079115,1.238334120611557
-0.6950781249999999,9.4315625,0.32648437499999994,6.697072587623377,4.8739563686592176,2.848899071857559,0.317430240556336,0.0008115301070847006,0.7965450889848777
-0.14421875000000006,10.526953125,-0.10351562499999999,5.696817863039719,5.257400076112026,2.9558801538849404,0.7974830068107768,-0.16837157396503333,0.05449184305692096
-0.83671875,10.555859375,0.11351562500000001,5.692510308150388,4.820545794977433,2.8520216486083796,1.0651817283491702,-0.028065313279427778,0.9113122034608352
-0.77453125,10.577109375,0.127265625,5.6433133634216555,4.689758148139103,3.2719467434454614,0.9357420323032813,0.13909550179832939,0.061871138597201614
-0.926796875,10.53078125,0.066796875,5.467083165065283,4.89607824714316,3.3020859727209158,1.1775439724660628,-0.0431361264447873,1.03816023928275
-1.47515625,10.417578124999999,-0.0012499999999999872,5.451031866819891,5.194285283200325,3.2607900212218515,0.5544436059994502,-0.1189806027638711,1.2773541356151459
-1.4739062499999998,10.394921875000001,0.0010937499999999628,5.666577896200752,5.18095385101976,3.3130587345700557,0.7546443137982157,-0.1461759660545683,0.8098095795758398
-1.6676562499999998,10.716874999999998,-0.10429687500000004,5.6792788775808445,5.305776591072696,3.2363114815504446,0.40946426884419285,-0.12887470560814468,1.0377887527376712
-1.755078125,10.441796875000001,-0.05859375,5.272815749805456,5.584645304537275,2.778116699755598,0.37204400779222735,-0.13301039058396336,1.2382680958243901
-1.6922656249999999,10.56609375,-0.17804687500000005,5.26383032692861,5.387220589386604,2.633002402971318,0.5125820133294108,-0.06336887643718522,0.6959343611161476
-1.7449218750000002,10.526484374999999,0.22656249999999997,5.738464923775041,5.612372853493508,3.162739723498244,0.240648485636413,-0.23523883012297034,1.501924327702888
-1.6409375,10.43671875,0.07125000000000009,5.584194833061768,5.423921423508865,3.483736544645706,0.7782160337597924,-0.08689558132176141,0.09856054547491985
-1.3955468750000002,10.8234375,0.12578124999999996,5.552536977673155,5.436274062590456,3.114806276423694,0.6183024042861718,-0.17649792917759086,0.8348764880106642
-1.257578125,10.444218750000001,-0.14093749999999994,6.082473893554454,5.704711266983495,3.6187507421199587,0.7587927704672475,-0.061242778108036425,0.06527586489920764
-1.1169531249999998,10.69796875,0.005781250000000057,5.798559163516635,5.227468818560608,2.61540168084148,0.31084300631580486,-0.1373950747745167,0.7090168824582774
-0.76734375,10.48734375,-0.20796874999999998,5.706365070632613,5.5209023951557,3.32600345745813,0.7807059337377796,-0.08995806418388842,0.8603041495670795
-1.1248437500000001,10.738828125000001,-0.2614062499999999,6.032585212873991,5.367500527057168,3.29176380683076,0.8250155656884458,-0.09768441234075848,0.47531129340757633
-0.7128906249999998,10.473828125,-0.393359375,5.948351025749667,5.05788016383435,2.870744480243689,0.7704908908423674,0.01770542079239108,0.3016880308051469
-0.62203125,10.731562499999999,-0.044453125000000024,5.7609607976034205,5.198992906909352,3.0169018174159623,0.8084303482773889,-0.10177332834563299,1.1178830248899527
-0.3375,10.204374999999999,-0.14874999999999994,6.11776153915793,5.27811397275343,4.0698865540086,1.0717840180923417,0.06220275513034909,0.1440208007002926
0.99609375,10.686171875,-0.26398437500000005,6.106458317118928,5.214484352667,3.5502824139082034,1.025789695815113,0.018121910587401188,0.6471383723958448
1.4334374999999997,10.5315625,-0.29890625000000004,5.7236098800139885,5.065034155471585,3.2771553581133346,0.8792331094493462,0.004532387742129318,0.9641743162110932
1.9074218749999998,10.755781249999998,-0.06078125000000009,5.792283153862688,5.091959134473532,2.839878301027781,0.5296846546229464,-0.12583213431509507,0.3512005210563361
2.564921875,9.236796875,0.5923437500000001,6.2907341329447775,6.748888558217585,4.5178926372630785,0.564814458781366,-0.3492202323162089,0.2565602828866705
6.098750000000001,5.75671875,0.19812499999999988,10.30093609217143,10.285821104603095,6.185298693020006,-0.25800264435931103,0.11413194994427878,-0.17039448728389583
7.535312500000001,5.917578125,0.872578125,9.796013533695415,10.00498194230112,6.236171357252901,-0.3027233325913598,-0.006788579117006007,0.659521852717928
8.764609375,5.29859375,1.674453125,9.300046194638611,9.185376857944423,5.0471595985690545,-0.3769330680809842,0.08518164756076033,0.7791508811533432
6.318046875,6.958828125,1.30171875,7.739390021445665,9.355009238127934,4.945623872010329,-0.20337634700052643,-0.2078734497317858,0.5042563658111862
4.308125,7.448203125,1.42375,6.8674948523369865,9.37508945237272,5.203781527648908,0.024163930087938667,-0.16455410088057632,0.47733309732263424
2.9025,8.01265625,1.2193749999999999,6.876837481720795,9.207608138481781,5.298139524576056,-0.07361917265788219,-0.2548417978107372,0.3674086221234154
2.533359375,7.853359375,1.28015625,6.45746095581302,8.776831742340148,5.135622373489501,-0.18225126664583033,-0.27005236997181276,0.24293931986001963
1.9532812499999999,7.335078125,0.916796875,6.922726737593969,9.0827277699982,5.521161694674431,-0.24193170730978736,-0.11637827028550395,0.20248030089689673
-0.35664062500000004,6.987031249999999,0.8795312500000001,7.045478966745242,9.06132512723848,5.582768110917149,-0.5310698297877695,-0.23780417459030292,0.01569656802735903
-0.49148437500000014,7.840859374999999,1.3692968750000003,7.2820265776692175,8.783116618986943,5.95278101809274,-0.45866590158299064,-0.2587792462602343,-0.00560385629802725
1.6632031250000001,7.787890624999999,1.0565624999999998,6.577117759417132,9.16277546075899,5.41603182077005,-0.25587070942817425,-0.2894295655776118,0.3921332269750239
1.1139062499999999,7.622265624999999,1.040390625,7.225198660155368,8.947708960856593,5.607398210503879,-0.2928228654320665,-0.12181826711797589,0.09882853760086514
-0.91,8.045546875,1.32171875,7.595923351541931,9.002032826724625,5.996694676728042,-0.31278670833536704,-0.337239801867051,0.12060254752052456
-0.06539062500000015,7.835000000000001,0.9609375,7.343651265543055,8.91328125958673,5.648575931913613,-0.5426694796789069,-0.23491570122989472,-0.0415420498914805
-1.455546875,7.7953906250000005,1.07515625,8.092623648324919,8.501609305591037,6.016568917421784,-0.36778784520009206,-0.1782767938641095,0.16906506635915836
-3.954140625,7.6284374999999995,1.594296875,9.41218347138296,7.8907300673697955,6.087883674201999,-0.18724242622290707,-0.3815249727544308,0.2303560550262736
-5.977265625,6.580390625,1.4978906250000001,9.734262917881525,7.755823961137985,6.129495117404623,0.09010706277735885,-0.3084518113984782,0.32244710790591075
-6.661328125,5.011171875,1.411171875,9.588695441369174,6.63752749771773,7.0195222884437785,-0.005665296198134643,-0.26244084034983656,0.1341367210281731
-7.163828125,2.9948437500000002,1.371015625,9.193256710176703,5.620759649556805,6.540087900766768,0.15263291276347252,-0.6284146508981098,0.24133966699794165
-7.247421875,1.4583593750000001,1.208203125,9.307541905466849,5.660226057950301,6.500331053299535,0.21551645340203415,-0.31285432402250957,0.2755228795574434
-7.434374999999999,0.841796875,1.568359375,9.326358542961717,6.017989104758352,6.7498870103209585,0.2520140978488168,-0.2692941301868524,0.13829079636209743
-7.320078125,-0.5384375000000001,1.5096875,9.236048134897656,6.928494654944445,6.250224863142425,0.2769155239047805,-0.29139129410559633,0.1252810952188801
-7.206640625,-0.921640625,1.61140625,9.263506125968158,6.9498981306994425,6.203498601391068,0.2970048340817958,-0.34226979545309627,0.39852552981581485
-7.66484375,-0.8636718750000001,1.2810937500000001,9.288456880751825,6.989348131162447,6.037082702242114,0.23809907777989853,-0.40438982645497096,0.33523055653683087
-6.83890625,-1.726640625,1.4704687500000002,9.591398183591949,7.436976901493617,6.14208177495818,0.19957630709074145,-0.4736989310435006,0.3428979321043568
-7.3146875,-1.5478125,1.619609375,9.010430148713422,6.87650744127015,6.3028011384750275,0.3484964434842149,-0.4394033051266156,0.11140476704856479
-7.311875000000001,-2.0990625,1.4557031249999999,9.27912414626914,7.121850777437965,5.730798330565754,0.3092661962681861,-0.4547962648825375,0.4973956330236602
-7.286093749999999,-1.7165625,1.7962500000000001,9.078852594282548,7.306355798795576,5.696455723737348,0.32275295513289676,-0.4677739360662705,0.2571036587547662
-6.972031250000001,-2.1565625,1.4461718749999999,9.47223099045433,7.789960128819258,5.962191438700118,0.32727662359133824,-0.4633876251414903,0.15942668377613572
-6.721640625,-2.761953125,1.9864843749999999,9.370340823689371,7.1920306436397174,6.07362492022934,0.3776427020213615,-0.45276711460842534,0.29867040586230353
-6.908671875000001,-1.9810156250000004,1.18390625,8.390787207100058,7.10912264275669,5.479250666488159,0.131509366453271,-0.541313556391154,-0.07344131681437212
-6.6939062499999995,-2.42953125,1.306015625,9.581841080461047,8.051709820297392,5.1010036297777575,0.19023212464054298,-0.4786951461480717,0.07061417288698542
-7.18453125,-2.276015625,1.89453125,9.000738672757556,7.9022222289686255,5.065697116910311,0.1914171701598834,-0.44885980058733294,0.254626710651686
-7.05,-2.6849218749999997,1.69625,9.426781247461935,7.74644252989051,5.36903520779106,0.2002094909180131,-0.36015875981143786,0.3867270441905642
-6.750390625,-1.7314843749999997,1.8761718750000003,9.066819953333258,7.239061585618736,5.205452538128552,0.20197420273858996,-0.579301095809847,0.3610879131797969
-7.235390625000001,-1.8749999999999996,1.564453125,8.727898327914465,6.8797312129544705,5.316261581311414,0.23088965108962545,-0.5115077572118975,0.10331547051215463
-6.781874999999999,-1.684140625,1.6052343749999998,8.747210515179967,6.537883297480509,5.465535335863117,0.15354604446770603,-0.6460431100583633,0.3529816964911481
-7.464375,-2.011796875,1.6498437499999998,8.549608612204128,7.034081033794695,5.106711115100005,0.24979351896256938,-0.36768819147014237,0.28009939910971365
-6.895234374999999,-2.0250781250000003,1.88828125,8.944811516743568,7.206065803813929,5.101711433028964,0.28902990402278456,-0.7141092763945036,0.33400630358503136
-7.457265625,-2.39546875,1.8103125,8.779891595540537,7.171637916492538,5.35944842333087,0.3598011828709293,-0.5877086570553792,0.21896216972945357
-6.789375,-2.241953125,1.665703125,9.147949714792654,7.585135345961385,5.095893978794617,0.14873252916444624,-0.4880573055539109,0.3622178330090173
-7.2103125,-2.508046875,1.6496875,8.633019907010741,7.883830174258749,5.247824242230655,0.17662248247611279,-0.18283343696193963,0.2529522868128304
-6.9828125,-2.5474218750000004,1.030390625,9.147549871541765,8.376455400228755,5.446684255458738,0.19491416291846614,-0.2948650834306686,0.3332299834081568
-7.137890624999999,-2.546875,1.535078125,9.219485025980958,7.918899441170788,5.6944471302222555,0.25846246134341955,-0.5126534623191514,0.21314291677388109
-7.20671875,-2.591015625,1.34984375,8.967131135201406,7.832176305935398,5.2185136150618545,0.2773302867546711,-0.2936014394255514,0.24055898796345845
-6.714375,-2.8360937500000003,1.8250000000000002,9.00282028293773,8.22214950932607,4.63845593247365,0.12276326202087277,-0.4129026534936403,0.10839612336063478
-5.890546875,-0.772578125,1.096484375,8.269246140500217,7.8954158224580855,4.799046713580819,-0.0996340005694318,-0.07644268415392749,0.3549289009134423
-3.0349999999999997,8.964765625000002,0.2192187500000001,6.264875298040656,6.20527031099922,4.907806697206853,-0.23569552762287663,-0.18260457859130086,-0.005286195696432822
-6.709921874999999,6.9662500000000005,0.81375,7.565539316542243,5.512126121107898,4.2914835721461175,0.21368014698491739,0.012690525479813145,0.6618992645692823
-7.348437499999999,6.3627343750000005,0.9915624999999999,7.537990804657017,5.093789680036206,3.818964690671249,0.3098259030428638,0.02881262328336922,0.42875179371976424
-8.606874999999999,5.453749999999999,0.6579687499999999,5.779497403267433,4.715229481425055,3.5649851769009415,0.33105395683946426,-0.14298501126687285,0.12106554567466664
-7.743984375,5.8911718749999995,0.96921875,7.1826296912068255,4.600589741593895,3.4829205169151414,0.34992409513774475,-0.07979589491608081,0.5223338523036948
-7.549921875000001,5.975625,0.772421875,7.726337009712072,5.180985781863814,3.8256969843116804,0.29897231563694915,0.08516257028230852,-0.008734308022211174
-4.685703125,6.91125,1.3015625000000002,6.798302830899432,5.138499142502604,3.504088111919241,-0.3475553016591061,0.025593538087732563,0.09944670137419366
-4.571015625,8.987187500000001,1.187265625,5.213617212382959,4.967886078589539,4.645599516418022,-0.03664633935418628,0.1402167960092413,0.9759398278110517
-8.81890625,5.657578125,0.8143750000000002,4.835772177606275,5.048477918221638,3.5502891057454744,-0.08280675307093473,0.2665525078132226,0.38010802777442254
-8.8240625,5.870078125000001,1.07234375,5.306593987304262,4.951346801643618,3.7614615436470884,0.4258911068853267,0.4057810219142845,0.5711870173969129
-9.042343749999999,5.550703125,0.8393750000000001,5.055264811989174,4.512222149270272,3.666830790597652,0.39687326102470005,0.3569976146013757,0.576677967899559
-9.096796875,5.468046875000001,1.0053125,4.859169960882232,4.715427482376623,3.5735239386135014,0.4597982515501806,0.65862774426815,0.6874728761236931
-5.2640625,6.089375,0.535078125,7.073689635444415,6.679502197722147,4.721077074555814,-0.026799287583112705,0.4511920726694858,0.32988734285304516
-5.35234375,6.7359375,0.899609375,8.001143715546919,6.745035956805104,5.25833288135718,-0.024400296222364663,0.08894499526227673,0.38830932037837784
-5.798828125,7.611406250000001,0.41593750000000007,7.585690437129569,6.641961628349033,5.046598550865102,0.05379255717030394,0.05757540567671067,0.31546205421807744
-5.860468749999999,6.590546874999999,0.32664062499999996,7.626413276749001,6.497958730992198,5.2778171205858975,0.1516241744946499,0.16400136818765582,0.6718506632561964
-6.4471875,7.186640625,0.28679687499999995,7.928064760068736,6.275195873106242,4.755653368228201,0.2960545574488904,0.234015260261475,0.5701795864186487
-5.723515624999999,6.224765625,1.115234375,8.070122907002771,5.8132816631459,4.374815168389215,0.18594512705192326,0.23818016326619434,-0.05219769909479847
-1.9686718749999998,10.468984375,0.6407812499999999,5.929815075517446,4.153302308074367,4.29538244247802,0.4507962407708097,0.16872842627893003,0.9555990044916557
-6.075703125,8.751875000000002,0.6964062500000001,5.530406811945685,4.045644214383539,3.733141843335307,0.4543354359617485,0.5969286551512395,0.8188527902349501
-7.192031250000001,7.8863281249999995,0.487109375,5.757564773758385,4.257373359664851,4.014923752456217,0.39882459488596694,0.22530283455949235,1.0819918800020993
-7.2173437499999995,7.701874999999999,0.512890625,5.3587070625138615,3.816854429287944,3.6335864153804174,0.2687947833851854,0.2280952670903202,0.8875777653022411
-7.1978125,7.92078125,0.6107031250000001,5.790914885822771,4.2216154360207225,3.210424228099027,0.3194954297819072,0.6680789355451039,0.8520763643641167
-6.006328125,6.5221875,1.7509375,7.18844601068854,5.780119340449966,5.662158438580975,0.2855174438811387,0.25364574318331246,0.42937651589671894
-5.714140625000001,2.3146875,0.84328125,8.595468512476478,5.171428407833154,4.942913505302155,0.15899999662268943,0.47995253984183145,0.11635975455303046
-7.757968750000001,0.66578125,0.72390625,7.884501050258249,5.3330453614373505,4.474968441644135,0.2937901406658446,0.42683368593274096,0.04083023227555913
-7.621249999999998,0.7188281249999999,0.696796875,8.013855189607558,4.996926027114969,5.014849501354974,0.44295458300599233,0.42197827375889707,-0.0877820459344299
-7.9290625,0.5509374999999999,0.682265625,7.738459092163875,4.639384293318861,4.778520170847179,0.3689862115463443,0.27983127290420934,0.016822817846459222
-7.968046875,0.23859374999999994,0.947265625,7.7880887677306765,4.940407962401581,4.415635874870499,0.35186090277506393,0.4536894479575793,-0.1660011439095611
-3.9618750000000005,1.98171875,0.807421875,8.693640972537052,6.786396677059074,3.757680727126971,-0.18950249447604273,0.07138876467437409,0.3366471174745667
6.232421875,8.934453125000001,0.5546875,5.145645268406236,4.29394701305544,4.457884857456925,0.42167040835986064,0.022804570601133375,0.9227984895636683
6.913281250000001,8.818593750000002,0.507109375,5.818638171505291,5.090599905459173,4.2598830222245665,0.2845632309423822,-0.33908289692883004,0.8485676167162963
6.548593749999999,9.0728125,0.398203125,5.193420226349967,4.2989108245396,4.223793916905776,0.6495983264075109,-0.08579751561436554,0.8370877203710526
6.36078125,9.249765625000002,0.21593750000000006,4.944186075801399,4.102600254877187,4.142213409952914,0.507626240402216,0.05071589064662761,0.865920617814682
7.011796875,8.737187500000001,0.201953125,5.344891461946654,4.337454779573356,3.682449519891988,0.4375242195284352,-0.12488989621392356,1.1433695827914547
2.7659375,7.726640625,0.475,8.444102364733254,5.901849587913064,5.59416911837674,-0.5953939563178028,-0.14190427517505452,0.5053755088021368
-5.697890625,6.2066406249999995,0.3874999999999999,7.940829975939991,6.397801536141115,5.5852280056413095,0.08644906938558669,0.1537786132612334,0.4198036305616092
-5.580546875,6.961953125,0.25593750000000004,7.905107358991257,7.072067309426059,5.040945384656904,-0.020454868653647217,0.028475417754753155,0.2712546037788475
-5.524453124999999,7.261171875,0.39117187499999995,8.485036259552915,6.545344913215727,5.377372531772277,0.0534397548636824,0.10196039462370525,0.5566736766017674
-6.157265625,7.17265625,0.07976562499999994,7.927735304262079,6.74114505809925,5.048759975362104,0.20181171401772915,-0.019148746779499334,0.757973729632733
-5.876171875000001,6.774062499999999,0.26015625,7.660090375720706,6.445854219658846,4.551070441455058,0.14995593492811746,-0.02054643040321265,0.7730463503485727
-1.2815624999999997,8.415156249999999,1.067265625,7.118926845641396,4.401979842989508,3.23952318898065,-0.01374249836255674,-0.024223569157784064,-0.05042623528638227
4.8184375,9.91546875,0.15515625000000005,5.523171280713079,4.447745541875506,4.2108637371786255,0.641772610694505,-0.10932056634839103,0.9022934640635455
2.0428125,10.453515625000001,0.042265625000000015,4.7222381044208,4.496704451221012,3.9116475139247093,0.6407386888646652,0.10598791815217067,1.0795550082319034
1.8737499999999998,10.892578125,-0.07328125,4.937437657834273,4.129614132642598,4.0745998862953945,0.4172613724214339,-0.14647531189895185,1.1540630463995236
2.0532031250000005,10.787499999999998,0.05367187500000009,5.0347503248661925,4.246660268669958,4.340208425131676,0.5776890484138331,-0.16255185341707157,1.219051668720101
1.9324218750000002,10.866171875,0.02742187500000004,4.944190205763881,4.7564888443797475,3.965226240017268,0.3735768915834435,-0.1102779481506896,0.7997925992823046
0.9588461538461538,10.640384615384615,0.6907692307692308,4.961284981598926,3.996771274579242,3.6632204443179006,1.2312745540318468,0.16831674282654518,0.3914531806377023
