-0.6351562500000001,8.84796875,-0.51438095021875,3.4591152193279044,5.153855710681415,2.765387384653075,-0.08543006882877777,-0.46424659721473094,1.0043601014491335
-1.0328125000000001,7.182968750000001,-1.008118535625,5.933625701444586,8.021837320653132,4.479862862201701,-0.7055990136954623,0.27038838423757705,0.2568004727978169
-3.50078125,2.1448437499999997,0.50331440875,8.056781364301035,6.594922998078593,5.462660744668406,-0.49237460573952574,0.5798701035153981,0.6191690462029218
-4.355625,-1.7804687499999998,0.73230645740625,8.128329870543826,7.171181568805341,6.060273542167918,-0.4772151112144469,-0.7069484724276106,-0.15621514920740243
-2.12671875,4.13578125,-0.14641874484375,7.211733073325609,9.069433004033296,4.675013192158499,-0.7051692876029514,0.06526257754775497,0.1550628940549081
3.7404687500000002,7.96984375,1.6348673618750003,6.51723686409919,8.613470281372424,6.101541893232456,0.30696513589136515,0.17154691734001087,-0.18963495393537422
1.5896875000000001,7.615625,0.15897500296874995,5.328839862234908,8.19538491984208,6.541981529680112,0.3092002208917433,0.2687181744066063,0.26171311155342347
2.61734375,8.48234375,0.2583609261874999,4.9606083429188335,8.44040537796236,6.219773653590174,0.2407736684230168,0.04673568086054299,0.1671043235555208
0.6575000000000001,8.255937499999998,0.023835580562500014,5.084695480065645,7.654683149621135,6.3082642381491585,0.2802000582078522,-0.07999216551039172,0.26574377297517154
-2.528125,7.79828125,-0.032135491249999815,4.3854660082339025,8.315426093015224,6.921996763628029,-0.27612168466168013,-0.14330608866236,-0.00901245522907496
-2.7953125,9.10484375,0.5665213170624999,4.971222173906911,8.545367164469058,6.632284128304813,0.14994603258476868,-0.43233488716493496,-0.5781937387517186
-1.70984375,6.621875,0.94448599021875,5.754693327023251,8.37850297543511,6.942422510746663,-0.13356639379202911,-0.16152891954864082,-0.10053046357030415
-3.3028125,5.612031249999999,0.8391410872187501,7.156346280738778,8.396863287056865,5.510836124682865,-0.40412406029643794,0.07044377279709586,0.2533288704156854
-7.2471875,7.74359375,0.44776890718750006,7.85462174231476,8.049389993810768,5.728486484236761,0.17713440135097225,-0.31562787494079975,0.47770869649675035
-7.766875,3.6807812500000003,-0.5165091290624999,8.690769146593125,7.1442142903995,5.956801475636728,0.06824714940952029,0.47618405465924896,0.4920757943171125
-2.7574999999999994,3.1303125,0.72634761103125,8.748444147389865,9.049307806531047,5.684729141704139,-0.48634809648537924,0.1903436433738123,-0.16138585605395564
2.34890625,7.204062500000001,0.5433241668750002,3.7216025266289434,7.150115103695447,5.970902339977901,0.3825312871993358,0.3856566204511009,0.13561717500370393
-1.13328125,7.6509375,-0.23601510887499985,4.583584178445776,8.279627618202024,6.717132330033822,-0.09784338649185349,-0.05736921365850408,0.5882868597399555
-2.99390625,8.81671875,-0.52523467296875,4.453998069567491,8.022530978182536,7.576607610198445,0.01683390812892246,-0.4335483910360043,0.2255873154795882
-1.8553125000000001,6.9825,0.2547430128125,4.480858932988602,8.578194011562108,6.778747551755127,-0.131403628618717,-0.14815441187159828,0.21085270604451561
-2.8478125,9.600000000000001,-0.48033009062499976,4.157826756833881,8.067519561488526,6.443919995557697,-0.5182455622961183,-0.4172954233440319,0.291231806435144
-2.726875,7.591093750000001,-0.24197398343750004,4.946987364485077,8.810542533874457,7.353091286916679,-0.49262298401208043,-0.2556114352204538,0.04792935646015023
-2.0270312500000003,7.787656250000001,0.3830722714062502,5.127251541910484,7.9766067625485935,6.725575399498998,-0.24900480267875616,-0.2066249466026591,0.2827896779880951
-1.9356250000000002,8.0159375,-1.4454593868749999,4.479185150155661,7.65233210342401,6.430051869218501,-0.12676241261884735,-0.06165451066410193,0.1082422965326805
-1.9020312500000003,7.45828125,-0.08406302546875,5.777304783506184,7.8048017180706415,6.641432586869259,-0.4553058965084882,0.010107782689126684,0.26992316903921104
-4.00828125,7.359999999999999,0.31220394078124997,6.863815118678419,7.735945118406671,6.222469237214434,-0.4937068994994976,0.05039274855900008,-0.014024754330581568
-0.1939062500000001,8.76109375,-0.6593099529687501,6.529333239597358,8.255031631751082,5.29577870930767,-0.544007603657307,-0.09494751307075179,-0.5197298078865422
1.5468750000000002,6.215781249999999,1.295422785625,5.515328320632871,8.120897003388754,6.164128178270201,-0.26565203374120683,0.24991309740918405,0.28890403619583854
2.09203125,6.69921875,-0.4518124632812498,5.662883038834851,8.21264731692214,6.84857943446414,0.32211695699992404,0.21339674079829712,-0.12198269599290364
3.00109375,7.7496875,-0.536514004375,6.293995183205253,7.598208458402793,6.489677472535756,0.002704836387508835,0.08301575723246503,0.5920476612340447
1.1584375,8.555,1.2905279146875,4.9683366868192165,8.47805015171531,6.491629186614512,0.54104832012133,-0.05013623693756576,0.31645747670197094
1.69421875,10.16625,0.41988983234375,4.087929948598489,7.838807606230682,6.479361727713215,-0.09419145481753657,-0.37349602709219903,0.47288543631743074
2.18671875,6.582031250000001,1.320748085,4.172213536709074,7.923606576965028,6.1457263118544585,0.08767806921568018,0.2824619487859766,0.3704781573588746
1.62453125,8.36859375,-0.18302338774999988,5.870405365498488,8.572820398501356,5.401585732023396,-0.10639942544617674,-0.1623050378021889,0.24312442318607322
0.0618749999999999,7.58625,1.0108852057812499,5.112213584581047,8.32606140005585,6.256622518003732,-0.27754180496889785,0.016413098888189245,0.14302714899296112
0.5665625,8.716875,0.5031016071875001,4.464849948049066,8.48177160794695,5.653904516884683,0.30779474274147534,-0.23356798114631994,0.25649838233134065
-2.1725,7.287968749999999,0.72443218125,5.3458848074944525,8.541892936376774,5.383997474440146,-0.506890657061716,-0.027687413618414064,0.32154553747165204
-3.6448437499999997,8.05109375,0.3611520085937501,7.382994394253997,8.887633634225194,6.14392854636047,-0.09663536155222317,-0.44917698317798627,0.40936397882002945
-0.3806250000000002,6.74828125,1.3479888087500003,6.4543633194432894,8.485922635954115,5.781410841272979,-0.22684650686628025,0.16800297116070817,0.053601144833528284
-1.2096875,7.4781249999999995,0.2494226249999998,6.506109140826316,9.246358721646862,5.941770315426579,-0.3765362655988636,-0.17776895613886395,-0.529173084617771
2.84390625,7.8825,-0.08533994453125004,4.777071087885435,8.4851379261035,4.188499332136518,0.22187802294156944,0.0958904668555858,-0.1211827134614293
2.32109375,7.628124999999999,0.1732337748437499,4.5439200852579855,8.212265764353647,5.8013275856379725,-0.14137912639945743,0.14475971265721296,0.33333238621409045
-1.310625,8.680625000000001,0.6603740398437501,5.128973116947972,7.495057720549923,5.766795480400066,-0.5092968048643789,-0.05942828154374034,-0.35256366406223416
-0.8735937500000002,8.65828125,0.4971427209375001,5.947381347909426,8.140660974908515,6.249656984726745,-0.4611636514601566,-0.2883416847415823,0.2437236726306502
0.2164062499999999,7.7504687500000005,-0.58801592953125,5.519202095634924,7.492539086836547,5.623111402766045,-0.7505917530298503,-0.07250377604560433,0.3376469971680444
-2.1771875,9.3534375,-2.3899453540625,5.356123384953315,8.22626039331322,7.900192856396915,0.28946000674130634,-0.39051894760219535,0.1970063702496584
-3.62125,10.39859375,-3.6104562892812506,4.374187960353327,7.771471640555664,9.29760860803267,-0.35565215261538113,-0.6278035365941874,0.3296592487337765
-3.005,9.51125,-2.85197309375,4.136933873655706,7.425566161074857,9.391484907112835,0.21698259400974482,-0.573184114792044,0.05031683353359818
-3.370625,8.783125,-2.5001850920312503,4.484405923238328,8.076493258795862,9.076475970732654,-0.5050377970718334,-0.2687049159517717,-0.025505914361914673
-3.60546875,9.47390625,-2.95625388765625,5.205881268361144,7.903037710507962,9.22151030360659,-0.25458499085429653,-0.5822343178308231,0.1642050545993726
-3.91734375,8.5334375,-3.4421171832812503,4.3597635551524965,8.084554954268896,9.105907243109428,-0.6793071607835462,-0.4853798194338217,0.08913372415601582
-4.1778125,9.61078125,-3.97075694328125,4.794316123269694,7.13760251780305,8.884679966811865,-0.6753589796746813,-0.6447770258412944,0.2668194472828159
-3.85734375,8.98875,-2.9679588753125,4.4187393006191185,6.873617247308727,8.671275522620821,-0.8170918751756308,-0.5833504756113866,0.26671381366452973
-4.379687499999999,9.8978125,-3.3610336084375,4.427635856452487,7.124356433380053,8.636662358237434,-0.9666094933524282,-0.6670510533577276,0.13848965365373114
-3.8665625,8.69828125,-3.4321147945312496,4.291701738074741,7.328627419810509,8.2056226632282,-0.9689772523446278,-0.5860062141863883,0.1368264780696751
-4.5600000000000005,9.439375000000002,-3.1226775396875,4.975575971684083,6.93457796007623,7.815001769347748,-0.371383106360609,-0.4985984606991833,0.07566769940953005
-4.6146875,9.309843749999999,-2.5874403993750006,5.547312121860798,7.520418350270544,8.06638861817284,-0.28360844154107717,-0.5268252143423142,0.29819788713320045
-3.255,8.324375,-0.08491439265625,6.621287167160173,8.076689814483098,6.164701224084704,-0.40774619326262046,-0.37527031378682935,0.17185876576739698
0.9734375000000001,7.970000000000001,-0.628876978125,6.777626155859717,8.456305155030773,6.087411020434479,0.10322458709584911,-0.03704533753762246,0.1328389454877421
1.3848437500000004,10.2771875,-2.096043860625,5.397159551614713,8.651423016755322,7.937368714959606,0.07046676566856454,-0.5808773925242074,0.30287053206007725
1.4029687499999999,9.571093750000001,-1.0221644409374997,4.041785140754446,7.905073552232828,8.256234579245255,-0.7249055997052418,-0.5259409096890619,0.17587120217833796
2.0178125,10.0540625,-2.41931432,3.897606825328044,8.447490699674889,8.17065521260292,-0.5634103157926942,-0.695699397628184,0.5687130792196298
-0.08296875000000001,9.466406249999999,-3.3061265706250005,3.6722518124474304,8.30971708438145,7.69988050301788,0.5036463335061859,-0.6332694297686137,0.5416497026961598
0.3946875000000001,8.28015625,0.31113984928125016,4.6465652532105635,8.559594487362466,6.6854562030614355,0.034553322733030994,-0.18735235080408838,0.10035688482170282
-1.03375,9.845156249999999,-2.470177754375,4.708914916145757,8.613633269450583,8.634543905245359,-0.5178975080245426,-0.6108811267913447,0.5948421281930503
-0.04156250000000011,8.7046875,-1.4135366911875002,4.571402006889544,8.192727714402801,7.22141050629894,0.06507325338773207,-0.2642381356479078,0.5549638899125503
-1.8359375000000002,9.508906249999999,-0.84275904390625,5.643503100565619,6.8313132698779775,7.312988700353352,0.16230272560896453,-0.47780930568645086,-0.11908769504139242
-1.47109375,7.46609375,0.81785932390625,6.722437503704362,8.229197754259582,5.670306758964406,-0.3869047087908725,-0.09576155816238477,-0.026171944162874446
-1.055625,7.84734375,0.7761469909375,6.598787501077376,7.277556948031114,5.786573987398756,0.03657225491220706,-0.22248326486481512,-0.2650526960515053
-1.49171875,10.0165625,2.2120295509375003,6.4212366299956924,6.67797317182345,4.77942288670269,0.16403959649827307,-0.38932578266970863,0.6622789094377451
-3.24109375,8.528125,-0.7638035543750001,6.827292910898941,7.399150473829749,5.884080018153439,-0.4891883036283881,-0.17847824997653047,0.6916234339906466
1.1948437500000002,7.08328125,-0.029156026562500048,5.395369540224834,7.891863898718632,5.398830993376971,-0.7519025511881388,-0.04138334363610667,-0.1515403299774472
2.70390625,7.255000000000001,-0.33476263781249993,5.656301689594619,7.3304324991776575,6.030455495273753,0.18247883697219489,0.29940535918922057,0.6520731097563163
3.82296875,5.638906250000001,0.40116180140625013,7.371753878760701,7.9806494717667515,4.461735303725207,-0.2018420805990505,0.32060100003708236,0.3959195690319572
6.352812500000001,6.35,0.3875414575,6.919608114976148,7.1212630551047615,6.024939288102417,-0.32590230060221204,0.1695056198186344,0.123425244101933
3.82046875,7.754687500000001,0.13556504687500015,6.362819350946045,7.478124967352696,7.44397548765187,0.09795868029318425,0.14044154462646583,0.8107599778189326
1.5342187499999997,7.37890625,-0.5458780076875,4.748219338830973,6.971784903538759,6.459998781742425,-0.009523779327686334,0.0024972380407107778,0.3901396770275277
2.1109375000000004,7.234218749999999,0.8570178592187498,5.095002367133282,8.069239006229054,6.85082477877084,0.17513607755293553,-0.12449092322712445,0.2852372637920824
2.8912500000000003,7.49140625,0.42691272328124996,6.206052866959803,8.426695650429112,7.0136055763025364,0.2624679071188774,0.11776931838868376,-0.07220458589354942
1.18046875,7.8428125,0.7591215348437501,4.138368651144245,7.745245410239997,7.2486668371036735,1.1965097179382438,-0.04238463612735571,0.5078656031004783
-1.578125,8.977812499999999,0.3777518288437501,4.571505453280681,7.488580362114287,6.588431522260226,-1.0526293801520703,-0.25127312376026095,0.7562815277399064
-1.6803125000000003,9.2034375,0.24686878734374973,3.926324206856045,6.5971196884393235,5.405158843038173,-0.6093983065198941,-0.20633304848505357,0.7469085299520768
1.90484375,8.304375,0.1264138340625,5.6006721115046485,6.42839668847334,5.783472420874575,0.3381650977995303,-0.010998713005275513,0.625608473903444
-0.95390625,9.568281250000002,0.1474828198437501,2.9613466199874234,6.0931687042456355,4.570733180453168,0.3361831492303888,-0.14180954627506376,0.8366272728722498
5.1303125000000005,6.6140625,0.1425880340625001,6.306181483460792,7.374641457121408,4.757234195469697,0.0940295487736807,0.20932417783218588,0.6365991513132963
7.067031249999999,5.1621875,0.47649935296875023,7.757212909545762,7.490954017336093,5.092817507696417,-0.19303353955446778,0.36529937773291205,0.5741272602801367
6.9359375000000005,4.76765625,0.027666345781250268,8.020023519048666,8.206589338411906,6.748941165817809,0.15133525031373765,0.24132184643956817,1.0602324301864292
5.7071875,4.940625,1.47780773015625,8.357956252269076,7.446284282068137,6.77079166828036,0.1690224150034442,0.10193643805930389,0.587284339918486
5.09171875,3.6168750000000003,-0.1891952132812501,8.553486963420148,7.980109036496619,5.789437534577646,0.1684341345116364,0.3615731154754767,0.5768065473381722
6.355625,5.135625000000001,-0.9859854870312501,7.756081661146626,7.602246147315608,6.231210251414698,-0.02182866500842006,0.16628643673232377,0.30852281977320917
5.3475,5.0296875,0.05022504421874985,8.163885027975345,7.7044984766916365,6.775897034091736,0.5056012669295342,0.22714143984555718,0.9088000983149356
6.60546875,4.57234375,1.2022084576562502,9.003320555787928,7.918020929773799,7.075269145852318,0.19456172080738182,0.1009527320339192,0.5978074675200953
8.52578125,4.96328125,-0.16174162328124986,8.24075235580153,7.560127945074636,6.7692359651224825,-0.40998447192285725,-0.4638532101353681,0.7721648984210557
7.478750000000001,4.745625,1.1690088674999999,9.387644389701817,6.110313227190158,7.306023416511116,-0.4624266070159946,-0.04651273477360167,0.41474653257170313
6.576250000000001,3.4945312499999996,0.6503715621875001,9.18597529865501,5.728645926855092,6.454090557119068,0.04736034942878587,-0.1933955538523431,0.6184339991885107
6.711874999999999,2.0921875,-0.4309562832812499,9.391940506858793,5.746111040507636,6.50336181205981,0.17705427429019382,-0.1318940153141859,0.6174469166695908
5.30953125,2.12375,0.024686878750000002,8.939116187732065,6.354046569903309,6.267567650195359,0.3834758486142152,-0.23118408122285164,0.4099335439036592
6.8925,2.67671875,0.3081603953125,8.519314086239573,5.470097135417107,7.949283831768338,0.000601686029140539,0.07272332753653249,0.33876065608313527
5.74703125,2.0025,-1.0413181229687498,9.301550220206492,5.928650773995716,6.15139673076679,0.14462186462511079,-0.1869312665599698,0.2856910243001275
6.188437500000001,2.1171875,-1.5680425309375,9.092367544187475,6.972366319252291,7.6314589966414506,0.10211203487909454,-0.238765011682733,0.1558715568247904
5.349843750000002,2.434375,-3.16290002765625,9.23309375497108,7.852330441300532,5.812007276898142,0.35605051007531824,-0.25552290331789174,-0.18439983252332282
5.78796875,2.92890625,-1.6214598562500002,8.996842185540626,6.805356143598287,6.371633986049416,0.2629410939066511,-0.47028246851368427,0.4318250401085941
7.2228125,-0.38484375000000015,0.7195374609375002,9.095260350305743,5.421910120113201,7.95464111747856,-0.08847395098710499,0.06729051891125212,0.4956714744906573
7.42890625,1.9498437499999999,-0.34029588984375014,9.063358772619063,5.357885978917985,7.671008516523945,-0.36127616633176646,0.05113242829986533,0.46262065075409325
6.5734375,3.27875,-0.010640919843749819,7.937852594284789,7.2994061188222705,6.713587824931277,0.12313363770535414,-0.13981062199743963,0.524215815745602
7.589218750000001,2.4896875,-0.6118515387500001,8.114692751555564,6.502358458847355,7.111758727236174,0.2366501844698565,0.1312395870999812,0.7428050563018576
7.05296875,1.16828125,-0.75656774328125,8.483746165404963,6.334872619745281,5.6167565716749905,0.22558764912401216,-0.5616669793427613,0.4995265838871584
6.6015625,2.33609375,-0.4726686106249999,8.973836313617145,6.058730172545311,5.36552551498432,0.13019308869869778,-0.4487103749060064,0.5687701103801738
5.249999999999999,2.1121875,-0.25431739218750016,8.92977113368534,7.22570530051176,6.360382625974751,0.3455250824048549,-0.33101309526089745,0.491074003134517
6.15609375,1.1981249999999999,-1.30606362578125,9.506872451217117,9.090734787924186,7.271078693020015,0.1908725472498387,-0.1428287431951124,0.2610314281224111
6.0209375000000005,1.46796875,-1.526755852875,9.112372207394392,7.822108926723243,6.888669533910782,0.17045615782358736,-0.09337504501280283,0.18980058796709617
4.20265625,2.4593750000000005,0.55715729765625,8.463130929616765,7.651835742772776,7.7812317713384695,0.46775330225845807,0.08499075834216921,0.33575714182999383
6.979843750000001,4.96546875,0.33157033874999986,8.468824721476171,6.552725084289241,6.483003951114178,-0.11397929189875564,0.09408507935601312,0.7558088557136278
7.6421874999999995,2.17734375,0.8921327800937503,8.081337387143526,6.618415653072564,6.0336882179231655,-0.04194340377404223,0.28105749575721073,1.0598522603585774
8.74109375,2.9228125,-0.05490701406250004,8.279536731678347,7.16652405911288,6.212014891608968,-0.08871145493345006,-0.12892645079930592,0.8855531378660921
8.0671875,3.48203125,-0.7455012531249999,8.668849308866992,6.16857007835069,5.346545569204651,-0.01341086219218597,0.19339371725753776,1.0536350703781048
7.88953125,1.8620312500000002,0.011066496250000224,7.9935816889410365,6.176624325756217,5.860848428698033,0.015716300004664098,0.10294457158641424,1.0259876404984043
8.3434375,2.1148437500000004,0.38754142609375003,7.7091796375226425,6.515376761982836,6.099156042276568,0.060599699690198176,-0.08808667650902065,0.7743204849519498
6.76359375,2.4884375,0.19302585765625005,8.117623067897458,5.638052417155569,4.717812483101753,0.04465754059907279,0.07738911742400977,0.76009271744415
7.649374999999999,2.8509374999999997,-0.28666574593750005,8.859943720722779,6.965781928189666,5.471630603173402,-0.021913010083970993,0.21142048843902533,0.7775471516528664
8.040000000000001,2.4440625,0.1853644209999999,8.011568003518413,7.170487631332597,5.873721882956491,-0.15338466306648615,0.06378534147778,0.9021429862288483
7.5275,2.2318749999999996,0.42967938765624997,7.99354251098973,5.933030390059956,5.370243058543361,-0.06405397576618047,0.01571414638892357,1.0142929807535315
7.44984375,1.96875,0.1621672799999999,7.6822110855590235,6.540039779122143,5.3310405393059455,0.22817656869872388,0.029225561239733116,0.8867409705146665
8.5628125,2.3520312499999996,0.13237278000000008,7.846966067522132,6.629835306138715,5.611842306157733,-0.1853687513494974,0.3114172218442007,1.2311170019059414
7.96640625,2.03046875,0.09427827703124991,7.273204324605555,6.253530610205201,5.211033185399448,0.13328598267165048,0.0999243878709044,0.8352306856894082
8.260312500000001,1.8664062499999998,0.08385026468750012,7.677017847272713,6.197601947322927,5.194001195122184,-0.1200472870827218,-0.0274348242581637,1.2161223137491366
7.875624999999999,1.56,0.4986323976562502,7.690039595761195,5.709847852613938,5.59804766297825,0.0865593248089608,0.37494360882426614,1.1512719777990463
8.0703125,1.7878124999999998,0.58588778125,7.311461244330284,6.252856714322163,5.582140523110143,0.11714790272543468,0.5776284651495783,1.2278636658481554
7.2054687500000005,2.27953125,-0.28347348859375,8.565699754268381,5.3896861659816,4.723207219184074,0.004392514314650506,-0.1165605384682263,0.9203039365493313
8.694375,3.2842187499999995,-0.2400586375,7.467973469046004,7.402241173431762,5.473933531054871,-0.15361650787465705,0.22122755556454027,0.8921902838799652
7.81828125,3.13921875,0.32518576818749995,7.792849999095224,7.344433756400043,5.55563363938192,0.06121148714915187,0.22036184070511575,1.1505852620523498
7.6587499999999995,2.58234375,-0.16323134953124996,7.7600802387926375,6.67320007150512,4.6513845760106385,0.1545990033310782,0.24767816899613707,1.1640912247328277
6.46109375,2.76640625,0.46841223906249985,8.265683032345901,5.778921116649797,5.999047377444113,0.15950739981983775,0.02024354522843895,1.2132429309407489
8.848906249999999,2.64421875,0.12960616796875002,8.48488050836374,6.297696951239273,5.690942458589784,-0.2490731173122066,0.1683097108531243,0.7259787500924368
8.6303125,2.56578125,-0.18132088640625,8.705102844156626,6.536105445113966,6.399130332424812,-0.38369722037125875,-0.3167985946513868,1.0269346789818037
8.16359375,1.29515625,-0.010640935843750032,8.809982152221474,7.1653399675511515,5.503645717918533,-0.24746416039479122,0.05078943872999,0.9056546644319218
7.563124999999999,1.3753124999999997,0.05107628328125009,8.797589136199473,6.203241080462998,6.645313131845844,-0.17658870889984044,0.09029353349310226,0.49917925914429273
5.092968750000001,1.2801562499999999,0.27772743890625,9.082373154854595,5.841491540102231,6.137561120780905,0.3079489005814596,-0.5529557107711893,0.8469846120349119
9.276875,1.61390625,-0.20771028437500003,8.922748468626413,5.062441548177217,5.788140080847479,-0.30295570223794344,0.059646256095754996,0.6983498605243508
6.595000000000001,1.8912499999999999,-0.8908558415624999,8.800285329181095,6.630825151329208,6.293482616231385,0.20054162444898804,-0.33819228876216156,0.8269438759102251
7.359375,2.463125,-0.61036182890625,8.854912809247475,6.111976172595489,6.202464649578672,0.05521543637015473,-0.07540777213195887,0.8503930956097745
7.35390625,1.696875,-0.36072640346875007,9.169754395768239,5.286764391797218,4.669960368518629,0.07854037203873884,-0.3296858432227362,0.20979296861482258
7.9156249999999995,1.6390625,-0.46947633390625,8.39536663043223,6.683708438890325,6.791563533656346,0.02026463811987722,-0.1441277457608016,0.5387553314936867
5.89921875,1.8279687500000001,-0.7723162659375,8.576148848821855,6.775025410396882,5.816569523298638,0.3322747845726161,0.025230669104808676,0.7546054469462204
6.48046875,1.3631250000000001,0.6782507581250001,8.952643539356039,6.998081182322408,6.6893091907439075,0.4002412541222657,-0.42150700832632704,0.48226170483758946
8.0003125,1.5014062499999998,-0.9381014401562502,8.703503240209873,5.00826874627959,5.922531990362777,0.06861979080519603,-0.18830847330519648,1.445229964280499
8.098906249999999,-0.024062500000000125,-0.11747547421875004,8.648440090051555,6.379060402684218,5.876256003211774,-0.02356333541602031,-0.19462821002182457,0.909260918513525
6.37375,0.7215625,0.1736594431250001,9.039233322716036,6.186616406291386,6.244898304037663,0.3782507526874184,-0.3401800503598452,1.0786011159288587
7.498906249999999,2.33671875,-1.18688558834375,8.297316041420318,5.421061085792932,5.8215923569213395,0.05189559499742136,-0.4887043654532001,1.0456772346663477
8.3115625,1.8876562500000003,-0.2468688318750003,8.373311251147527,6.17997642142233,5.8628677074066875,-0.09802440357248457,-0.26536212915564994,0.9228699542247474
7.150468750000001,0.57796875,-0.2707044256250001,8.4723422140972,6.441146098445792,4.906282759390248,0.34802733984340295,-0.37010681346637064,0.8401334907076904
7.79546875,0.83890625,0.37221854290625,8.22264402611918,5.117305845482654,4.682217409939405,0.01803071143563405,-0.14308596419660535,1.0382175688088935
8.400625,2.05359375,-0.6718661953125,8.608349303692027,6.7889255793874295,5.108801602907009,-0.1877372041763732,-0.05636881094931167,1.2954101509019176
9.587187499999999,1.64296875,-0.30858603828125,8.000957651421718,5.388037873291486,4.809802047987975,-0.5335852523028042,0.1206182029645885,0.7463757495489202
8.3934375,1.384375,0.99726481484375,8.035376900531409,5.320958523553346,5.041598565876043,0.003611033995699574,0.2576422275604489,0.7455015978523809
8.862031250000001,1.6232812499999998,0.30518095634375,8.329087618792554,6.113428624421687,6.904993632590451,-0.11528694353547736,0.17159242395970042,1.1330961933568127
8.276093750000001,1.9039062500000001,-0.05214033984374972,7.978179346110925,4.685181632414151,5.589044188325331,-0.17124570605068856,-0.03304269566494772,0.5295968966388668
8.481250000000001,1.1984375,-0.02234586828125007,8.223200886060123,5.290672576203686,6.250209539210633,-0.20606700884484236,-0.21388018303663725,1.3241930081524822
8.8725,1.1092187500000001,-0.48416079734375,7.714903798816937,5.830536613567266,5.246353857833008,-0.2642048073903431,-0.0617993355198697,0.606448279767005
6.229687500000001,1.6425,-0.2492098178125,7.790616344509833,5.133846937239169,5.788085255005036,0.024207971352526378,-0.21352050953361137,1.1942376000342418
7.66421875,1.3106250000000002,0.10172700328124984,8.069663446491957,4.9520074449030265,5.430435824905753,-0.18471481882548335,-0.12760437823824275,1.205767275465511
7.546093750000001,1.4317187499999997,-0.4184000326562501,8.018470010152244,5.236818736924016,5.367766899891507,0.07365829358821928,0.20920984230801007,0.9436857888126331
8.87578125,1.72859375,-0.30028611859375004,7.94449156740999,5.632179547915793,6.312455103058934,-0.29486435654653215,-0.0958030856878127,1.0909219797758003
8.679375,1.5412500000000002,-0.36945192468749993,7.928277491635558,5.657689319633944,5.108518784304847,-0.30830311284709466,0.029316600900525517,1.1680475495872922
6.946562500000001,1.7110937500000003,-0.43414859734375,8.136393976055594,5.168419160266603,4.377717954518868,0.05969647916594349,-0.28638760147843445,1.0132618659146455
7.922968750000001,1.1101562500000002,-0.2636814625,7.665207042149836,5.622269473983432,4.885197010792658,-0.015384315858797933,0.3055663322395741,0.8345386730641712
7.725312499999999,2.3159375,-0.632494928125,7.756592552618949,4.907894698452051,3.8434275951494414,-0.16849221096313707,0.0640685464706796,0.22082368843138406
8.71796875,1.8284375,-0.4805429162499999,8.12613726265582,4.100600268081949,5.29881606727821,-0.16831266284197158,-0.06776753105302126,0.5013318798724303
7.5717187500000005,1.59171875,-0.29305036812500007,7.129736924206841,3.5484875980336237,4.61535315979055,0.32859845179151037,-0.7600156323304915,0.6723752836854756
8.177031249999999,1.14453125,0.5214039276562501,7.441451404062479,5.068957279882465,4.338889498035788,-0.11104141658091612,0.4022619989751882,0.917203512259324
7.12515625,2.8046875,-1.336496615375,7.524934175830771,6.02297942486472,4.899193326728545,0.23341160100892056,0.027733080308957634,0.370895429918448
6.421875000000001,1.9376562499999999,0.13577783124999998,9.010868069136015,5.4631972501764885,5.918528817224537,0.2523691459979476,-0.38263452036800033,0.6300079968055233
7.7885937499999995,1.67140625,-0.68655065053125,7.094788551109958,5.485195662869369,4.573637460594853,0.32472032764555103,0.2815068603493812,0.884788606164286
8.09234375,2.8217187499999996,-1.095161093375,7.7536766968539474,6.388638488238197,4.8183999096677805,0.05911368374021084,0.02140606089447699,0.9038833596440456
6.7475000000000005,1.5596875000000001,-0.061291570468750056,7.747950737130433,7.0573507708164644,5.066106289968284,0.007504562592012866,0.02174629498396242,0.8627589731080147
8.733281250000001,2.3137499999999998,-0.27261976587500003,8.095701223235602,6.669415852419161,4.720185970365026,-0.21978923961173502,-0.06061836227893147,1.2838455836205134
8.1634375,1.5603125,-0.6346230778124999,7.1148873890310975,5.238206685244841,4.6885095316931125,0.199206167521275,-0.2830420092603356,1.130891327597521
7.590625,2.3471875000000004,-0.6316436120312501,8.399154138029317,5.001333406187169,5.118153429551598,-0.2094520335915601,-0.18798758775329283,1.1910635761427135
8.24109375,1.5915625,-0.43585108812500006,8.295883602197595,5.929769498774278,5.27782048518963,-0.25270097210945336,-0.17405189258076664,0.9708102506413943
7.45640625,0.018593749999999742,0.32688833140625007,7.978621702553702,5.519423901999279,4.919532846414006,0.24066949474491448,-0.011490533550755107,0.5981822080716303
7.17265625,1.5870312500000001,1.18199083046875,8.313532500197251,5.803054335780723,5.567785440975336,-0.051990323420353333,-0.478569617846501,0.4451976818879098
7.824843749999999,3.08390625,-0.5141681246875001,8.505649775330863,5.447182648278919,4.486011796025855,-0.026131973851449577,-0.044639155510116296,0.4247178438663775
8.664375,2.1262499999999998,-0.6293026617187498,8.00011540444105,4.9206905320798215,5.367520420155748,-0.28185522743607405,-0.19988937464458406,1.136138929723752
8.278125,1.9201562500000002,-0.60440294,7.921593880613611,4.310391691956305,4.789403034794723,-0.2526350036275059,0.044010395987793265,1.2818714257017096
6.003281250000001,2.4270312499999998,2.40462987515625,6.68346935886583,3.2357604784692326,5.100324610969373,-0.09492678778211865,-0.23892569260827906,-0.3528320979287935
1.4835937499999998,5.60171875,2.0522033314062496,5.550042332943141,4.925954715423035,4.070480614225531,1.2621381576024941,0.8267750696213964,0.05984587071087927
2.7059375,9.565156250000001,0.007022982499999886,4.4225334646663494,4.465166917438355,4.332667027381954,0.6746502809854384,0.3067581082257209,1.337714814057657
5.960000000000001,7.64390625,-0.06086591515624995,4.218924255660441,3.9027588868274883,2.8281035827130374,0.36184822173381137,0.1550710187593656,0.6442578862961876
6.24421875,7.3703125,0.0276663319374999,4.812041473184582,4.804244532425858,3.4298269253415787,-0.0029532058888912596,0.8239383274006028,1.3617778534899088
6.365,8.280937499999999,-0.5335345618749999,4.820069047741951,3.1268348207242656,2.928663317420066,0.45271919842783936,0.796872882083767,1.545710264419483
6.13515625,7.43921875,-0.36838783703125,4.623583226306836,3.7071393556418184,3.348171422635508,0.06751977981870733,0.716367736951955,2.0984774114744886
5.248125,8.254375,0.27347103937500006,4.490772092232582,3.7950213582238246,3.9909385813295732,0.686103696672268,0.21727935435722134,1.5302769094187814
6.886093750000001,7.1753125,-0.0651222757812499,4.6246478302364755,3.4953567274805803,3.194284207027341,0.026548520846884773,0.23359430631495748,1.908763149087869
6.553749999999999,7.3825,-0.33433697865625,3.980306403092606,2.967020285572716,3.419307487586706,0.2976041258193972,0.4904715368421601,1.783444580928691
6.20125,7.147656250000001,0.14514181421875,4.788578370717138,3.1980217235559762,3.1726368426661695,0.44762714002411985,0.04885172512014425,2.2464462753215413
6.74578125,6.785,0.05937622156249997,4.634208334726487,3.435921000983579,3.3649404401137284,0.4479838559825639,0.3343161037771407,1.6899104330084693
7.092656250000001,6.67015625,0.2726197495,4.514358080816799,3.378731960822867,3.250560294750416,-0.03953996757569096,0.2919279846131664,1.6287279622100928
6.866875,7.44921875,0.030220132812500054,3.9210875703527712,3.4304948188487967,3.089926841224171,0.0004991526329718333,0.23740494524591568,1.5545190241906255
7.72609375,6.90671875,0.22473573499999996,3.9095254735979066,3.4129661104233713,3.5870800883120797,-0.40158096683446304,0.31238080926713535,1.4482533229598429
7.932968750000001,6.27109375,0.01234345421875005,4.659084097118599,2.9392963216067445,3.3676083226853786,0.19183092532547297,0.6482607677898566,1.0117605351735413
7.3109375,6.18,-0.29624254484375,4.152014465424434,3.0743119148843694,3.417228239042673,-0.16180882486223105,0.5065315221402273,2.109304518150854
5.74265625,7.5090625,-0.32114226337499996,4.466396842739787,3.7898184812855815,3.0592141436555504,0.47940030977313625,0.3570709513223145,1.5944425398148445
4.8403125,8.93078125,-0.16706203968750002,3.923670542660756,3.872218882907891,3.9653435003388156,0.8707870782017811,0.4651552992082622,1.8866641195692468
1.8109374999999999,9.88625,-0.2132435771875,3.41448876057511,4.287551566745291,3.5436357263913196,0.4342682930538277,0.23316583140503516,1.4128672797269273
1.6885937500000001,9.8575,-0.4171231301562499,3.608696036653813,3.8735775615056425,3.6749971637021615,0.3362670803034286,-0.13854588954841784,1.908838778717252
0.8834374999999999,9.795937499999999,-0.5426857293125,3.660905036134337,4.755587082169114,4.322142019580532,1.0012501701781196,0.3467002951691767,1.6225521811973498
0.524375,9.90390625,-0.33454980234375004,3.4086305328349975,4.526832714902434,4.12584197306912,0.5285245014284304,0.04632477130218123,1.7544813604718128
-0.6578125,9.793906250000001,-0.5509856323437501,2.9843144463752056,4.776609878220215,4.055979480989882,0.1728016124132059,0.1547346230882414,1.0401514027826082
-0.9784375,10.213281250000001,-0.59014413984375,3.194430318318706,4.9745549595816545,4.249945487996695,-0.1689315081500298,-0.09078188568112858,1.4820455188469581
-0.43671874999999993,9.9325,-0.6378153457812499,3.568045269597688,4.892437723160102,4.36619693347605,0.4504984362721311,0.03168808761494229,1.7152907570595648
0.5098437500000002,9.696562499999999,-0.43074349140625007,3.877791934604787,4.491253381139139,4.156941399342905,0.3248717237238437,0.06585142525772154,1.763181681580803
0.06250000000000006,9.9725,-0.11853958562499994,3.2700511272761474,4.549747245726953,4.443520846808329,-0.013724639409669774,0.18651500957353997,1.684557051698309
0.35296875000000005,10.04625,-0.5880159699375,3.3138476879638628,4.553663875111996,3.7395239086489016,0.626325382627412,0.16898784058648983,1.7758562003309926
0.82859375,10.159218749999999,-0.23388691031249992,4.299000925792054,3.9703118205184382,4.469994422495568,0.9749007956735917,0.18975207525055884,1.3164847335098266
-0.22609375,9.485,-0.3803056360312499,3.4070279465702855,4.727235251708973,4.394885203750542,1.2081705931840918,0.249572787887568,1.7115984277596126
1.18703125,10.2446875,-0.9019224004687499,4.448643641496073,4.136346504143934,3.3383994456718518,1.1550910337766382,0.12814042890639263,1.1370069970332417
0.14328125000000003,10.050625,-0.4192513321875,3.9222287408944467,4.184969337925309,3.5798052032292476,0.7062056054673047,0.43954241994337534,2.2863228620816605
-0.4231250000000001,9.861875000000001,-0.33561384906250014,3.39801222913853,4.348032556153989,3.9750036335840044,0.7543936208113546,0.1990331022463888,1.8280288991705835
-0.5193749999999999,9.86640625,-0.38009282218749985,3.1367687768426604,4.214254221978182,3.8982540695377668,0.330896453998591,0.09899139217253447,2.118094401250079
-0.9762500000000002,9.9825,-0.4252102328749998,3.5480159508519686,4.767892943953335,4.142155285984058,-0.14704152812415353,0.08090513676012302,1.413738116061112
-1.766875,9.973125,0.04086103468749991,3.2869053050513943,4.275396134789735,4.138967561534077,-0.3097175716098379,-0.3492749750297084,1.3415402300847568
0.25359375000000006,10.110624999999999,-0.3234832768749999,3.8658098145745527,4.508636460658034,3.942346618261959,0.7449361209063368,0.06849585434968271,1.3234552749732804
0.499375,10.14765625,-0.6346230821875,4.111651080694347,4.707050809087994,3.353452067707832,0.771569178190426,0.2696756399311439,1.0596537985341645
0.63,10.427968749999998,-0.61206438203125,3.886919972806232,4.536619811216655,3.365999403070962,1.1586691257416715,0.1568660466662362,1.5185020233995172
1.1690625,10.1665625,-0.489481251875,4.352635235819072,4.463388643574941,3.1721449449170898,1.2148911839837542,0.29205614995415347,1.3340149142452777
1.29953125,9.75328125,-0.7904058025,4.502555326453351,4.781625656709069,2.856375776638792,1.00774670359673,0.2588485980794458,1.6033647416035168
2.10203125,10.1234375,-0.11300630421875009,4.208869793248947,4.390593004776661,3.8190405133803527,0.8326379169335645,0.2574952339645304,1.4900446975110786
2.10921875,10.03109375,-0.43968185578124996,4.386161229041682,4.566507526678451,3.2882434994656813,0.7953458139279366,0.33044198899417815,1.4956997316487113
2.3724999999999996,9.9375,-0.5648188030625001,4.606217944257523,4.455127663715149,2.749254987271338,0.950148221456041,0.48710997493999747,1.663233669257621
2.6215625,9.68671875,-0.6101490009375001,3.8657733778111916,4.413895336989589,3.559216877891308,0.42476337791754587,0.18129657604637903,1.5994506157002968
2.89546875,9.6675,-0.46777381718750016,4.526805209557115,4.818071125979773,3.526246786240574,0.7520163968437891,0.3192068260225374,1.505454943994459
3.2240624999999996,9.85984375,-0.55013436390625,4.046616147609475,4.623637803514235,3.6875005149939475,0.46762944604663126,0.21929270487632316,1.773070841324033
3.4384375,9.665,-0.5437498062499999,4.561443103184972,4.647981080533784,3.593355267812879,0.41817700444528366,0.3941355093272692,2.071855139741284
3.4384375,10.03203125,-0.6884660135312499,4.630555183624718,4.843917635708047,3.4977767204547527,0.4804426417731893,0.4059659146106672,1.915484934356244
4.228125,8.92484375,0.02617661828124991,4.094523734132579,4.898160685459996,4.0868628296434055,0.468935598990947,0.4652693679406384,1.8330933363125002
4.87640625,8.694374999999999,-0.4730942801875,4.431016872283487,4.649060346927645,3.7979102445552604,0.33020416030331773,0.7720567254847329,1.8343629447586733
3.021875,9.445,-0.8263720296874999,4.237672148051923,4.460067264066765,3.7322844391311945,0.9348796664167561,0.5440791329746185,1.5035143082479212
3.5603125,9.549375,-0.6218539865624999,4.503220711595619,4.604906647737281,4.512691742280352,0.5718362465882926,0.5370178717955899,1.7418092319588696
2.09296875,9.94828125,-1.1087813968749998,4.920659787977974,4.997360414098471,4.471454040097339,0.4827113501665047,0.34106400140171084,1.616212359282537
2.3285937499999996,9.6215625,-0.9902418144062501,5.0187012348775,5.101812857562863,3.717635875778997,0.34965954897882,0.25998632024143087,1.5802764176599222
2.00734375,9.834531250000001,-0.39030805890625,3.814847737044814,4.66227711588162,4.146869822224121,0.39335304216121425,0.08275993254167854,1.2753413557133546
2.8931250000000004,9.838124999999998,-0.12918045937500006,4.8856175642773145,4.001666010473013,3.873838305307501,0.8493930563581845,0.4948031138014269,1.3603812524133545
3.8571875,9.54265625,-0.89468659515625,3.99580227737106,3.987698757659101,2.9998814362887734,0.5423885676148346,0.6605708677516883,1.6503129484819286
4.08015625,9.57,-0.39179780296875005,4.2695562899540205,3.789569978902619,3.4878328753610726,0.6488224518307587,0.5557540078386499,1.9155596471109293
3.8581250000000002,9.491249999999999,-0.49054533875,4.535047503541171,4.4577904069729435,3.429125862693434,0.8477542810220892,0.5500377265697783,1.3868758186071348
3.841875,9.259062499999999,-0.5424729290624999,4.724784345277041,4.453349413205048,3.3771617972085726,0.7757867096020297,0.5612655332611458,1.397705623220437
4.170625,9.6528125,-0.10747304687500006,4.621836375768294,4.476663960455793,4.146111169923432,0.805063234223175,0.4804048146466251,1.4335083363988061
5.0015625,8.71703125,-0.17259534806249996,5.190111456760226,4.238687399894387,3.7488909959199814,0.6096451332446691,0.36285223715711723,1.6040163561182685
4.966875,9.120156249999999,-0.61163872515625,4.3874942574748745,3.963323846607281,3.4619325789299586,0.20862648684244103,0.747212997260581,2.1422108443156533
5.49578125,8.256406250000001,-0.20536933962500004,4.8291474418005125,3.950081236185015,3.7832639921552342,0.46230659508215405,0.44429776760175427,1.7184207739399433
5.8725000000000005,7.985781250000001,-0.54800618,4.7997578063898185,4.382221826841771,3.6184017796735963,0.14671457095071938,0.8084678094245579,1.3989361067558157
5.54671875,8.4025,-0.439469039375,4.645974754655737,4.40800053879307,3.3631402632038467,0.588762079288475,0.22112468902931026,1.2581264176850608
5.434531249999999,7.510625,-0.6382409635937499,4.749406518742467,3.2780910389089257,3.206057826117509,0.17130976826583608,0.4377840319089852,1.0774374601916956
6.39484375,7.9003125,-0.5514112792187499,5.5456367962197035,4.701506397139512,3.57057827025242,0.272014476916694,0.7394293462993657,1.2476910078759185
3.3181249999999993,9.486093749999998,-0.13215996171875,3.8708311748738153,4.353854835511967,3.7837048041633907,1.0771261357702306,0.29843567328912984,1.482749223354565
3.0348437500000003,9.77625,-0.3671109410937498,4.290466172292462,4.2800005476051055,4.3881718583973415,0.7065773601443911,0.25598667157588295,1.6195286977644763
2.3221874999999996,9.56328125,-0.19728220515625003,4.182657449498315,3.9905372659453313,3.5267858304658164,0.6665844266967331,0.38797626713175626,1.457127303506832
-0.36953125,9.88234375,-0.027453504062500023,3.7266105703136514,4.232314948032098,4.264887057293909,0.2568265674095073,0.17196362777526247,1.5154993420606346
3.1018749999999997,9.842500000000001,-0.25346616546875,3.9191827412580547,3.5695552944309465,4.0379770169615465,0.6519543796370503,0.0045087901390904895,1.3566083021518067
3.7053125,9.685312500000002,-0.35498031281250003,3.8633987501089955,3.7807447880468934,3.8026573280387144,0.6335309402451335,0.3945735420402752,1.5834082749105682
4.31703125,9.424531250000001,-0.27900432224999994,4.291304317922866,3.63730151077326,3.6450910549095488,0.7084736810856305,0.31110232098322976,1.4289488352318342
4.7807812499999995,9.16796875,-0.14131108187500002,4.340721895854241,3.6942269910663907,3.7824995431145427,0.8103567441931644,0.7578881472841856,1.3770084777101255
4.9415625,9.15765625,-0.39307473375,4.257570176590605,3.5300631820600517,3.424748890637616,0.6350250430226483,0.727907229940965,1.5471223433501649
5.2565625,9.06296875,-0.17940549593750005,3.720710709473897,3.287626746457608,3.854301678109597,0.2974067953652969,0.44080350288697506,1.7793903253637653
2.1409375,9.74078125,0.025750961249999968,4.342499179170187,3.5556707809003405,3.461087996347432,1.051201009088584,0.4417689773294609,1.5628609845382833
1.2887499999999998,9.752656250000001,-0.47054045365625,3.0092838122217715,3.7710257400123823,3.8454973266436303,0.8166412932853283,0.23179855734192042,1.4777206183543568
1.645,10.1165625,0.26410701421874994,3.8160716876127996,3.7306614773514024,4.418228243374314,1.1231585528468226,0.3015423322568789,1.167567349385425
0.9321875,9.979062500000001,0.0012769374999999084,3.0926386735025724,3.910045443609799,4.05460058182532,0.3949263690120756,0.12732350722170493,1.994621492359316
0.7909374999999998,10.08171875,-0.3177371840625,3.449802403195544,4.304755566045352,3.326189626317619,0.6971611752766528,0.14111960064425166,1.3493268076444869
2.3925,9.92875,0.16025189865625006,3.9891489537243405,4.259039467708653,3.9649775780390715,0.7415759417102419,0.5236622502286721,1.7372432241306937
1.9435937500000002,10.09,-0.22941774374999996,4.146037403046545,4.118295688145765,3.8905858216481706,0.7402385889953945,0.4011358381207753,1.7187668544079642
2.63359375,9.831875,-0.19919758531249995,4.0901491290001815,4.037079651106106,3.435495209391668,0.319582182102384,0.273998318577798,1.8557046558905121
2.7964062499999995,9.82921875,-0.30603220468750003,3.9773555784542243,3.9038551877789263,3.4253946712218597,0.9462901546124113,0.4785418687582178,1.667653307702251
3.2053125,9.740781250000001,-0.32369608390625004,3.7630124106018767,3.6356981382051563,3.51569885118353,0.5182624535268792,0.6319297187983994,2.0740258299196435
3.33265625,9.640156249999999,-0.46968920578125006,3.7467211674790986,3.689161698555098,3.4304598276984257,1.224570902105359,0.6221162422384127,1.5275697342132544
4.526718750000001,9.21484375,-0.3852004554062499,4.332597753761412,4.4215936720356765,3.758047189892209,0.7086633226861198,0.6174895837455818,1.393526084057511
3.1224999999999996,9.621875,-0.3824338143125,4.044634949535001,4.004657786175368,3.4725921468987235,0.54870200150677,0.3815137239925212,1.567952589664173
4.99234375,9.02125,-0.48118134406249996,4.468150743801728,4.035543062897483,3.710048900077496,0.41765974646669873,0.7087875541310941,1.0262009276000668
5.3653125,9.111093749999998,-0.6165335371875,4.365633175994491,3.630294029580929,3.681154289991622,0.14796304734451626,0.6907741669427023,1.9879990275520616
4.16640625,9.09984375,-0.42308205765625007,4.036356404290996,3.577330749048225,2.9640581285258585,0.7255064123694003,0.5387621614272404,1.3877949691820686
2.26890625,9.89765625,-0.72932704671875,3.414335182903245,3.829389124826039,3.5740373107111494,0.4321345351685217,0.13935118417514353,1.5102061532769966
1.76828125,9.909374999999999,-0.28240939734375003,3.665659709847388,4.216237168302443,4.472083744543572,0.6472889964310087,0.4340270648976499,1.8226772357477365
1.681875,9.97265625,-0.29730663203125,3.974793184478282,4.130447630927662,3.810622862612282,1.3157676050585618,0.6013846747612377,1.8693798325339648
-0.221875,10.150468749999998,0.05682239156250003,2.674042980091195,4.433310145114307,4.856026211948061,0.158830454894035,0.43221875366662704,1.943898500267804
0.348125,10.0546875,-0.15599558365625005,3.3886556492767155,4.257380712050985,4.179130687846984,0.8107318701576967,0.1511623214126738,1.791937294740081
1.3243749999999999,10.3328125,-0.09151171687499997,3.2696869474576613,3.6234149417150325,3.783137777770279,0.40243734024099886,0.14213738410488186,1.8382136772185584
2.45421875,10.275468749999998,-0.26644804499999997,3.725562795021504,3.3325234103113868,3.7450746615115222,-0.03956820398700069,0.2812671844045226,1.515582120676265
0.36374999999999996,9.8125,-0.25644563078125,3.054061588688087,4.4683414148876315,4.370990143442232,0.5890151049021323,0.4186344998255529,1.9829814117961848
-0.2115625,9.9684375,-0.3724313831250001,2.8813073306389496,4.351717052910695,4.521970337238868,-0.5985998378491184,-0.013550383063880256,2.0120334755309304
-0.1762499999999999,9.916718750000001,-0.007874256000000024,3.383960558650174,4.075730783663028,4.097817918787106,0.06431696478918074,0.0962474608298408,1.6349107984444375
1.2228124999999999,10.03328125,0.03703031806250007,3.4745487426202195,4.202112212435365,4.631880455088795,0.716851057440969,0.28605794051594147,1.7249316380281876
1.0221875,10.173125,-0.11407039031249999,3.300787059906129,3.6108494823759965,4.125932424326236,0.7909860938592319,-0.17531863644073228,0.9982590674601064
1.7503125000000002,10.199375,-0.29475283840625,3.6843600906186884,3.8790917409072705,3.4213426520281267,0.8004574705803418,0.3611109024476047,1.3842818983908538
2.0453125,9.8421875,-0.233035649375,4.1014528556773335,3.946406778937487,2.9282114976127054,0.8700667948661724,0.5621961923174977,1.3876763076273753
2.24390625,10.01671875,-0.18515162515625008,3.7609143740200914,3.9671794351778993,3.5456674056647253,0.9602954236433008,0.3244200143075295,1.4619919705168962
2.45,10.053593750000001,-0.25495588328125,3.842904988416966,3.7394557454876955,3.047471427339202,0.9024912368726058,0.22182576712200405,1.3674330615596033
2.41671875,9.70234375,-0.15940061931250007,3.6224866522733303,4.04724356128167,3.2537932909088187,0.41765002251851546,0.5265931106529057,2.1099716980530867
2.1559375000000003,10.03484375,-0.14301361906250004,3.889395726985588,3.851829107785798,3.687004057411392,0.5681547850570837,0.3783720141984876,1.88862557205626
0.9924999999999999,10.1021875,0.12705231084374993,3.7919561244824553,3.902248738207721,3.6644708668188906,0.6160862570302275,0.1725597081924146,1.6883412358196757
1.0534375,10.11296875,-0.06384538743750018,3.9308249844776544,4.2010663377318185,3.571794864076662,0.8774619321275358,0.07649636451151307,1.9104654331907813
0.28406249999999994,10.238125,-0.29879635412499994,3.561009652625748,4.43544842539906,3.86696676912669,0.7119969201391674,-0.032674589262517005,1.5383349466696585
-0.8290624999999999,9.835,-0.14599310531249987,2.7867329206606346,4.180536747835139,4.639808858453859,-0.05990597614193278,0.12575859268997444,2.0289087876103755
0.57921875,10.243749999999999,0.12471130906249994,3.505675445210015,4.098688242901623,4.190786639293494,0.6555015980947754,0.20894324041708537,2.005369569465156
1.7404687500000002,9.965,-0.18153371453125003,3.9293536482191875,4.118636758686058,3.3126473702612396,0.9955142369068078,0.5740479064055598,1.6477423384846672
0.2415624999999999,9.82078125,-0.14556747359374989,3.493641196315636,4.182848649801763,3.971439350050086,0.4068612592817973,0.08742868967677397,1.477139921989699
0.6753125,10.078593750000001,-0.34795732559375003,3.5503723258756605,3.7459527606419356,3.652623511774169,0.4924334699721013,0.018667827676412684,1.1841428102743867
2.1646875,10.35234375,-0.469263565,4.0769722868010465,4.244803345778923,3.526707624231159,0.9244700523215894,0.39178263826395643,1.5320979366905656
1.45828125,10.0228125,-0.40690788859375,3.7563065947015613,3.834994894369972,3.5065811909185536,0.8078682126534342,0.10239245455759349,1.5819160486996229
0.16828125000000005,9.94359375,-0.2547430704687499,3.2803479973012677,4.39939390967221,4.547777314190218,0.019365373900885666,0.09639488766521637,1.6697323406703424
1.903125,10.137968749999999,-0.37647490943750006,4.434416490292156,4.336802962612371,3.9398198045041917,1.2137019665309252,0.4262464106979927,1.865223340725707
1.45234375,10.10890625,-0.43180756853124996,4.434111643760894,4.410520489830076,3.144921485986735,1.0356753064778654,0.3793960879830895,1.3291338930127583
1.41640625,10.21640625,-0.28581447984374997,4.0135175373306815,4.19693726394152,3.678477032545327,0.40879079940018376,0.22030810003783416,1.199273134263357
2.43015625,10.1309375,-0.499696496,4.216242585298661,4.356815680183607,3.2858055458601085,0.9178567442477494,0.5007726409096758,1.0928520086392368
1.34125,9.914375,-0.12237032031250003,3.4492927264150834,3.934538122114844,4.093471437746819,0.5404429139076402,0.22284328928361893,1.7405272511319503
1.38,9.8490625,-0.45734573640625,3.737571487610638,4.242010033120354,3.62896073601302,0.6599027048569445,0.1806528509940591,1.2318246529816435
2.2465625,10.157499999999999,-0.24623033046874998,4.330096786862131,3.9908481241460443,3.8040767585249284,0.6739620656482647,0.21993356530847438,1.2332718831941898
1.9657812499999998,10.060625,-0.664417601,3.5683788356406945,3.7823285135449303,3.865599683678686,0.1856953711388185,0.12275849860802558,0.9569749670802136
2.82609375,9.6646875,-0.33454977459374996,4.255177954999172,4.076962322286502,3.7616933591128494,0.4589315950091151,0.4041298263121751,1.3524676030235803
4.6109375,9.7903125,-0.43499983228125,5.535850973074849,4.359474942850773,2.8600975639010766,0.7448765208601683,0.8099936474578008,0.9866698628237413
5.21921875,9.325,-0.51118868603125,4.72173177469331,3.989451325057119,3.4825591309871724,0.08201940473817432,0.8291433109410744,1.7345983666667728
5.88609375,8.836718750000001,-0.8299899653125,5.054932497443555,3.9628785523781116,3.464183401942004,0.005016970053839552,0.9960563629293405,1.6580735979530328
6.036249999999999,8.385,-0.5984440348437501,4.169602986196647,3.2455426164202494,3.2691688163950308,0.0630664110599178,0.8654957699750202,1.6867355845230065
6.37140625,8.232968750000001,-0.7431602107812499,4.380991207473594,3.180744645365836,2.921352133407893,0.3785746134303338,1.1084040530318424,1.5835050168399372
6.29421875,8.27765625,-0.07555038143750002,4.188466233557152,3.457267138844775,3.9699231628724427,-0.2205750444292607,0.6519850468383147,1.4178561793950404
6.31203125,8.030625,-0.14407773734375007,4.709998400904553,3.944826863675388,3.968191514897306,0.031771208983026,1.1029875608736661,1.8074043768633703
6.56078125,7.202500000000001,-0.06299410390624996,5.475213553108996,4.149854666129888,3.3067097981390834,0.21542527239293027,0.42698138704889604,1.5149331688593197
7.203906249999999,7.0131250000000005,-0.29432720778125,4.842427276553664,4.626732065872737,2.9963242264233227,0.014157254453721778,0.5630022363289029,1.7578047414586158
7.663125000000001,6.01796875,-0.08065801962499988,4.9441164134125115,3.9433762420701677,3.7138926440664974,-0.3156723183966755,0.49511223298052454,1.7055515636391718
7.47109375,5.67734375,-0.11534732640625002,5.120083653243464,3.77968634701822,2.9558007475152106,-0.053281253557390565,0.6801366046636157,1.5327885303071098
7.79265625,6.362500000000001,-0.74379868359375,5.282707414937528,3.8703972664314445,3.4029040907581525,-0.20315485573196906,0.2955586342394526,1.4413827005794786
7.64,6.02828125,0.07576317937500004,5.312861458291567,4.310021227720165,3.4368511685077126,-0.24238359276676552,0.6523565964532153,0.9905858663191727
7.133125,6.598437499999999,-0.6144053514062501,5.552138347913802,4.578281684605454,4.0213262828444085,0.06831565683316292,0.7529406626735309,1.3562356083688996
8.572031249999998,4.68078125,-0.01191779296874998,5.845109114595162,3.8223202642045098,3.192846472710076,-0.2771412000925569,1.434375088176856,1.4947782871688948
8.7275,5.739531250000001,-0.7331577842187501,5.514765124191601,4.445642680510146,4.558203615994913,-0.01758742202984873,0.37255275333592563,1.4825280591987922
7.7056249999999995,5.3453125,-0.7316680574999999,6.039289557503846,4.369716083722574,3.1106093176199696,-0.19638663571586115,0.4081239987092029,2.242336418627925
4.21375,8.099687499999998,0.62164116353125,5.493166635693842,6.041807202927262,4.702211340824233,0.12078172434254102,0.10262351807667183,0.992935908063069
-0.8320312500000001,10.021406249999998,-0.33029344078124995,3.063545321441065,4.504074845066514,3.46337850933648,-0.0657494419771973,0.20358164120547506,1.0994567789304124
-0.58265625,10.112031250000001,0.23942018218750005,3.081885706322663,3.9768266949319577,4.153064980463876,-0.400716006490314,0.08186106585415155,0.37919769580539625
-0.20437499999999997,10.137968749999999,0.25921223546875016,2.766539961644328,3.66884057796512,4.65417340428966,0.12548182246855297,0.02718412054751429,1.5759517943727313
-0.7234375000000002,9.9265625,0.07448629437499993,3.009758201848406,4.298394038311722,4.323658696681656,-0.05859244844421469,0.1925455690078409,1.6846270829560597
0.058125000000000066,10.12546875,0.04043541484374999,3.0527405080312673,3.995335143047882,4.403006476602903,-0.06813205426673936,0.17335485103193374,1.5534054544394709
1.7909374999999998,9.983125,-0.20600777375000023,3.7600306343291607,4.2631765866985845,4.085325660103332,0.8457062835748919,0.31493106216077627,1.4995223890578855
2.98625,9.99203125,-0.06448384484374989,4.245327762670392,4.065088859609767,4.079660252738348,0.3658311920047981,0.5516206333938709,1.7206076869839386
3.0475,9.82828125,-0.16429543796875,4.276726990351383,3.8474198150706713,4.030269503799155,0.3532617600333253,0.7059142387687386,1.6042449043323834
3.11703125,9.8746875,-0.21579736834374996,3.6108095870626356,4.052919845906621,3.5748104048121787,0.019814488460359124,0.3432027960430669,1.9564226458740492
1.9245312500000002,9.97890625,-0.25495589171874994,3.7832133042261096,4.438650244298477,4.327462551549113,0.35264130133564264,0.31355238837485405,1.9634697782768713
2.7692187500000003,9.79140625,-0.25069951390625,4.192975265506397,3.758317803214749,3.656015968333117,0.8710650877175924,0.7306578299559703,1.8149976164509387
2.1690625,9.9396875,-0.15450585100000003,4.383270653415524,4.258965531950658,3.9418452587357944,0.7624997205556989,0.48478497612284693,1.9146403217671921
1.1135937500000002,10.33890625,-0.036817494218750024,3.79720594943979,4.2755347316108825,4.101309304907531,0.308604530395271,-0.03086347679539837,1.1311272270561015
0.9303124999999999,10.024687499999999,-0.45883547974999994,3.584222792648882,4.44920778367832,4.445967181277984,0.09488766826835536,0.2273914937444545,1.8679834054921067
0.77859375,9.71078125,-0.39392600759374996,3.7481240587740605,4.594630461435222,4.111427986393784,0.7512790252972861,0.19393330608172363,1.8863995841195955
2.21078125,9.98875,-0.19749503056249992,4.728249644651648,4.515982209054858,4.347438681003858,0.6922521883672538,0.29996777500075084,1.4976564747228323
2.71984375,9.952187499999999,-0.6156822671875,4.272836620804257,4.080382744283157,3.629243813714909,0.5204029581641135,0.4266143720980456,1.4742013506607197
3.03734375,9.9134375,-0.47330708203125,3.8654973168838107,3.9840922816362765,3.573228697766705,0.3923742226932762,0.3545894041423761,1.7366161929862183
3.43671875,9.775312500000002,-0.5826955261874999,4.757927284637549,4.30553494380707,2.940531068717603,0.9134255000876293,0.6359105451790705,1.3761605436442566
4.17953125,9.583749999999998,-0.30028609453124994,4.222031660560285,3.8750885070537424,3.821297628171557,0.4606653701221997,0.30791994154103214,1.5104107438968841
4.62546875,9.424062500000002,-0.4935248092187501,4.54469709169637,3.9878881937804813,3.7688988359279967,0.34027782276543056,0.4867220218315192,1.7044588991063245
5.366562500000001,9.231875,-0.73039114328125,4.932442415638905,4.488169474783121,3.368602224178393,0.3488620915596415,0.8080250594931826,1.6398767965873158
5.8125,8.490937500000001,-0.6124900336875001,5.245461133208405,4.0869822756030825,3.3284528297475906,0.15219191567366377,0.9537869497730622,1.5462611172071326
5.9521875,7.690156250000001,-0.3113526496875,5.055751201833784,3.8835681451579984,3.4084315089301955,0.37045714328420054,0.7457814108673947,1.263481854758443
6.58046875,8.15578125,-0.10428078062500001,4.874557489431573,3.8220551591582814,3.3363755535164756,0.3223308873926437,0.6358830106168377,1.633754069961546
5.662968749999999,7.26796875,-0.43670241531249987,4.690540573753034,4.01456807284712,3.620709043194292,0.07910023193589764,0.41475374733377457,1.8660264246796188
6.4975000000000005,7.3218749999999995,0.03192270684375004,5.073618654372834,4.102796254918712,4.0772679674927295,-0.06957129298299282,0.6844466420080576,1.8280392913636287
6.36484375,7.22109375,-0.03617901421875003,4.883745358388983,3.8601085303668516,3.7139988232900847,-0.01616128261733621,0.09785099253926649,1.900594120798038
6.9790624999999995,6.695,-0.33923179828124994,4.500334612125386,2.981519641894046,3.3648967130553236,0.02383786444540665,0.7503467918029711,1.6319424123141393
7.686875000000001,6.58578125,-0.30411680890625015,4.829746329712877,3.913957717534572,3.396426239708435,0.10826868482796484,-0.13277102453631992,1.7256825845029191
7.80890625,6.41578125,-0.017238237593749983,4.708868998094015,3.5220509848167216,3.611148310539275,-0.13592164240059668,0.7462119591542867,2.168748891741769
5.13875,8.93421875,-0.123434421875,4.075161998313686,3.4212035549859405,4.060427880161589,0.6908492802595461,0.1444587738924299,1.0270021255875492
3.63203125,9.80140625,0.19898479274999997,4.169767371991325,4.28071798416585,3.7126166043835895,0.7743236704864885,0.29398512497219287,1.4076524909342454
3.4507812500000004,9.714375,-0.3962669714687499,3.489840748823424,4.615997953788,4.298110547560868,0.653854596214835,0.05407287242558719,1.393822987758036
2.47453125,9.8621875,-0.13258558359374997,3.8532262982173053,4.546845564767265,4.13711421498696,0.8533501917846492,0.36161502952375446,1.366030796553515
0.74390625,9.3640625,-3.750000025781741e-09,2.6574092277462533,5.044397176184063,4.459003955339664,-0.11920321702211303,0.09789374804854738,1.0617019818263722
-0.06484375000000009,9.76265625,0.022345860062500056,3.3266617051611873,5.146150637305125,4.49354300238874,0.7336895642631692,0.030029531914524808,1.7491214294964132
0.006093749999999953,9.965156250000001,-0.1568468159375,3.4817661723198667,4.68816428366007,4.509880527477231,0.04859410326538423,-0.045094621047354934,1.0155397203397747
-0.6874999999999999,9.69203125,-0.21366923828125006,2.811871040784054,5.333127359863389,4.429506287755268,-0.3980178030606863,0.023860740539580195,1.23470675414879
-0.38546875,9.986874999999998,-0.4567072800000001,3.048518046571717,4.708016725158801,4.106523546883287,-0.5751821616833966,0.20759389596813202,2.046170858480867
-1.87140625,9.9728125,-0.23771763087499997,2.454140549145655,4.593992499976872,4.504664255902634,-0.4845328468030447,0.18253228152117615,1.132252369300177
-2.0421875,10.2215625,-0.018940798968750006,2.259350341324636,4.605814673713408,4.6172894610673465,-0.5073924603258235,0.10349789996821061,0.906785534468914
2.7268749999999997,8.305625,-0.6839968555625001,6.0314524253595,4.013720560075776,3.110106110514581,0.8795492108512282,0.17571802054304503,0.12125077709164467
4.129375,8.796875,-0.25176362265625,3.0050482915212857,3.092991510556568,1.8931456480621542,1.1880510018669184,-0.2075954097067367,0.6543180549812257
0.17046874999999992,9.52703125,0.980877853125,2.8286555053193445,3.918895603231022,2.491117832557661,0.976251163815687,0.13939421990310663,0.5921379648395466
-0.017656250000000095,9.73953125,0.8900045886874999,2.1645746855527848,4.417301717991815,2.3680111645458823,0.036880176066843205,0.12993201382209993,0.8974163466926824
0.3253125,9.85546875,-0.11215505468750003,2.133811853782744,1.8248800728468262,2.21151514231588,-0.784426386918962,-0.23334032199682525,2.1486123304041604
1.7356249999999998,10.19359375,0.34859578849999995,2.11660317120971,3.9080367382435055,2.604436065057184,1.0650293990686566,0.6721294224081759,0.5511965916768025
1.69703125,9.7471875,0.05490702812500001,2.0781066199845086,3.861267387768393,2.431178372095854,0.7231570137026547,0.6497133252517269,1.0034012860941413
1.0796875,10.0196875,-0.025750971156250024,2.442711715971361,3.123762739444811,2.198713595630915,0.9411047084522164,1.1133868352765646,2.274540684781346
1.24890625,9.806562499999998,0.05788647771874998,1.8930878522168317,3.468314260356715,1.7847690984028652,0.6704341449431243,0.23855181243444878,0.43691526629098265
1.6618749999999998,9.799375000000001,0.07491191281250002,2.1010725497647624,3.4885463820013918,1.9789737072930613,-0.16412189761120943,0.14833068423562284,0.9148359288625777
2.04375,9.327343749999999,0.14663156046875,2.344375249933338,3.8406441688648973,1.9183196394234578,1.4870955357741928,0.3101060608901414,1.326994711566729
0.67796875,9.70171875,-0.49480169978125005,1.5337486549377761,1.4605216904922833,1.4739446100239009,0.3350516140763273,0.1908696239557998,0.941566183809655
1.848125,9.923906250000002,0.41222836025,2.3754150130819247,4.415996000758033,3.1728086896331873,0.2234340972193459,0.7711970335628522,1.0452259381059823
1.5635937500000001,9.8965625,0.30135017375000006,2.449377706165576,4.00643046346667,2.518122786751864,0.6898320998256068,0.8931975363615277,0.23793297523732934
1.090625,9.71484375,-0.466284079125,2.615227568372397,3.29483022712642,2.6385202592841344,0.21379229335338068,0.7855710509520718,1.6148341442577552
2.71375,9.09796875,0.81296450421875,2.4785060394318186,2.8642141045186262,2.3302003403945197,0.5424870170700719,0.15440948032304314,0.6476218253298458
2.2473437499999998,9.951406250000002,0.08321180046875003,2.1678151747406735,3.440981812646056,1.665185189372809,0.4057782532046976,0.005283756966225953,0.30363250306315
2.21046875,9.29328125,0.17919270265625004,2.820797997513015,4.006111368384363,1.5888502289440773,0.7405621964676595,-0.19616641889525252,0.3526770624637726
1.46,9.96703125,-0.55013436471875,2.147491996492653,2.020210910777248,2.3579662522834695,0.2845051260390281,0.17424882716294954,2.223878972531688
1.8671875,9.685625,0.33582669921875,2.0785440132082242,3.625836918474823,2.5446370037249033,0.08976810761125596,1.2665291220367694,0.9169255845985809
2.54578125,9.8028125,-0.23665354040624997,2.324679282105047,3.7773727926753207,1.8093007041726805,0.6712738821791516,0.8524837857577356,0.35832587665924037
2.7040625,9.33265625,-0.19685658109374998,2.51300039715352,4.187702324286665,2.0498254543339502,0.44997439587654514,0.9834803599164885,1.2694947386276199
1.5259375,9.751718749999998,-0.5390678157812501,2.200970466883586,3.215494982642398,1.8807177275213613,2.232387674143678,0.025797906510366085,1.2117092942614116
2.58359375,9.7846875,-0.2277151766875,2.264753965105468,3.638760507005614,1.8082974946744759,0.4340760168567836,-0.09759189248101122,0.6413165051428926
2.5965624999999997,9.30859375,0.06618635750000001,2.756801939493251,4.486014680087543,2.5488830334620967,1.7116207351305235,0.5376498612989992,1.6772246236017303
1.88078125,9.64578125,-0.50991177421875,2.1174515229748323,2.369972181197163,1.6224549261290977,0.22653033049634602,-0.23662243208039654,0.7367412422002682
2.0445312500000004,9.725156250000001,0.08576562290625,2.6579079706177637,2.9579057161420708,3.0538131465438307,0.5006367470729112,0.8010437651945119,2.1302520996568943
3.6259374999999996,9.29265625,-0.06895301540625007,2.6520974710771377,4.342305422449685,1.9860049132917459,0.7194620562164252,0.8215784728757104,0.9110292384341646
3.5043750000000005,9.42171875,-0.28624012959375,3.1998417319259715,4.037393015102498,2.100405292070896,0.7217020228943294,1.1515968700309462,1.0986612847281856
1.7718749999999999,9.76703125,-0.35434186875,2.107379797135533,2.8666572866360287,2.629569960677807,2.1285935031518557,0.4538852748852253,1.17154300613547
3.02203125,9.696874999999999,-0.5154450349375,2.790805315947968,3.93697769353282,2.296129941596702,1.539419263530539,0.07367749320878239,1.1434916089034703
2.89640625,9.2071875,-0.030432960250000002,3.281148030409621,4.172994828638511,1.664357486313989,1.1398093887263148,0.08857522070403825,0.5912224409086951
2.28890625,9.348906249999999,-0.36498276524999995,2.2686553817649204,2.844507930418008,1.6380753953741187,0.7618566655740615,0.25793830589289063,2.5963639708165145
2.3923437499999998,9.681249999999999,-0.11470887134374998,2.4237346841880067,2.9592505913659966,2.2912463037570814,0.23446449387117752,0.8951919881223568,1.0178457780587533
3.7707812499999998,9.26078125,-0.050863477187500054,2.799631842251484,4.004892049375169,1.5481939274764818,0.7555410749005896,0.6107733518092993,0.8644569088668771
4.0734375,9.3328125,-0.52310648234375,2.8584000216193934,3.9233756466649674,1.9194540534092353,0.36736520347403967,0.9071877341826405,1.0599874726732519
2.1060937500000003,9.78671875,-0.42180514999999996,2.14015377454774,2.8050885985826612,2.03313486148911,1.2125203049765572,-0.6769905384393016,1.945881065731729
2.840625,9.50453125,0.14790845081249998,2.860280184592936,4.130566671810714,2.278322361117039,0.5067176073408002,0.47685085045534487,0.8813262956261532
2.6021875,9.57578125,-0.07065554553124997,2.9209301112563018,4.770434599137529,2.6041657511428182,1.3079136318528746,0.35956906847629316,1.4145191769369208
1.9853125,9.412968750000001,-0.08938353512500005,2.774648608805041,3.3398057015376565,2.564416889171456,0.24299198819801068,0.4265047269216197,1.0108663924489074
3.1325000000000003,9.66359375,0.06810174196874999,2.6774247188296445,4.143627776171617,2.5492027945276168,0.48559202030091236,0.7055317943516579,0.4965669776810771
4.06546875,9.159687499999999,-0.21047695428124996,3.100992245277862,4.322570838325701,1.739626097251279,1.3297251185826138,0.5103724165399147,0.8784204313189876
3.7998437499999995,9.268125,-0.4988452403125,3.1698469463186925,2.7397917775581044,2.229205501388297,1.9618408415000843,-0.4736968020714774,0.9547520884825033
2.87140625,8.89,-0.25708407062500005,3.049370768693262,4.788993565980226,2.2179750601363164,1.2051398740895836,0.23536624687871727,0.7671172850081606
3.28125,9.6209375,-0.38413638021874996,3.2417387791893413,4.54777167919562,2.1811052607681884,0.6647732045910065,0.25985569340655496,1.5370079956224856
2.950625,9.1365625,-0.4588354675,2.713612027238787,3.664696959994612,2.276643649233025,0.5430753709030396,-0.6419640001887361,0.7737618027911161
3.96375,9.4884375,-0.02000488999999997,2.7049725622453176,3.911760001405218,2.525223728571877,0.934746090729545,0.9867031738121185,0.8386013466077327
0.68125,9.674999999999999,1.7563864084374998,2.962963834996978,4.709700096609125,2.6813480525041817,0.17330710547559594,0.2982037159148455,1.1157410755968338
3.57703125,7.8501562499999995,2.9256143680625,3.3292396277563796,4.412774599170678,3.416909933168551,0.24830587709417326,0.7510990320722171,-0.615126582899783
6.450625,2.53328125,6.456406249999999,0.036309218870694306,0.0340061891195926,0.0328522824311719,-0.37544796187349916,0.24721330526750449,-1.4231019614869491
6.437812499999999,2.51078125,6.4690625,0.024332896328838283,0.025452448770943274,0.026263017605560664,-0.7078162201018481,-0.3204872873661486,0.4642324759444454
6.3843749999999995,2.4843750000000004,6.4921875,0.0401510818658725,0.027264617638983964,0.03360937136796811,0.32165129414963417,-0.40843069674483334,0.19545337342418667
6.438749999999999,2.50640625,6.46578125,0.031991209730174136,0.028688368042422557,0.030862836040090148,0.5143349880191175,0.2791686720747445,0.2898556062669845
6.3568750000000005,2.4831250000000002,6.513281249999999,0.031068221304091446,0.02697655231863396,0.0337756702144828,-0.26411830522213725,-0.08483839283698999,0.06165369336393034
6.42796875,2.5084375,6.494999999999999,0.04458768353971176,0.024762544169571746,0.026575364531836558,-0.4154865029008392,-0.22824291639463434,-0.17482423217740165
6.462031249999999,2.5168749999999998,6.4682812499999995,0.06664222777967041,0.04895390050853961,0.04233625394903855,0.47620872113906815,1.3781864817944922,-0.8168954663054223
6.38265625,2.4896875,6.538124999999999,0.0373012310244246,0.03948768597613683,0.03136852522832404,0.8695151713912881,0.7388571961922397,0.18560805300328984
6.36,2.463125,6.553749999999999,0.03162277660168382,0.023510303592255036,0.02891258376555097,-0.3794733192202056,0.22894254907437547,0.10521564241495379
6.366875,2.464375,6.548124999999999,0.035039040726024484,0.02276750700010875,0.0342269539252327,0.07794360192880352,-0.19697984566555965,-0.20959040729728834
6.410781249999999,2.484375,6.52375,0.028521082525694876,0.023310070248714322,0.03756244800329183,0.02219214647164166,0.02740999153430187,-0.05284665775012412
6.366250000000001,2.46875,6.546718749999999,0.029341736485763784,0.031598061649411306,0.03486826491865495,-0.015308681655730258,-0.27747289473264297,1.4563286436347107
6.3931249999999995,2.5101562499999996,6.528437499999999,0.08562043783466645,0.09104415459510568,0.04972482874530581,-0.43838795087559707,-0.3076200029580906,-0.2821310074951223
6.350624999999999,2.55515625,6.557499999999999,0.03983854132620825,0.02284404924564611,0.03152380053229626,0.4817702094082642,1.0768572785511126,-0.15262502215701876
6.416874999999999,2.5450000000000004,6.510781249999999,0.06756651815063418,0.08280247580839599,0.04988438782261931,0.5651666027456916,-1.1759322329780013,-0.22912298474451798
6.4673437499999995,2.50890625,6.477499999999999,0.029434364880824026,0.027676546224872308,0.027950849718747253,0.32722113931659846,0.9315613367695802,0.03434600413449216
6.4703124999999995,2.5015625000000004,6.48640625,0.027212632062150643,0.02728431039535344,0.031143176795848753,0.38579751664784345,-0.08121550659706188,-0.09559472931369938
6.4378125,2.48796875,6.496874999999998,0.054125685619213874,0.03670744506823502,0.03876511801865167,-0.4180929360987135,-0.554403051174908,-0.04946207490907128
6.435,2.4360937500000004,6.513124999999999,0.07028957959754761,0.04400345112530949,0.04592367989392831,-0.07761332477550768,0.9413143248172987,-1.012389199490323
6.4595312499999995,2.443125,6.501718749999999,0.03007437070725646,0.02505462781603433,0.030184572192388244,-0.24102209861345036,0.1444572134162617,-0.0318112711886081
6.45640625,2.4159375,6.504687499999999,0.06099096212503523,0.08661550723600253,0.05795927314718493,1.4902349101766623,0.027797583502853423,-0.3683480509126908
6.479218749999999,2.38671875,6.492031249999998,0.03492423440016247,0.047829602741790656,0.030982842404103213,0.8443878793244827,-0.19185336787660082,0.5632313765873712
6.4590625,2.3953125,6.501562499999999,0.02466771358983212,0.03372539612443416,0.027963075541685305,-0.6666484027138418,1.8396160838688915,0.25952673175313007
6.471718749999999,2.3778125,6.493124999999999,0.06163285161695411,0.04385589861979808,0.036609211614018575,0.47926563244677595,-0.5930525787527958,0.17002543777115986
6.445625,2.3785937500000003,6.529999999999999,0.04015108186587233,0.02344322846660636,0.03937003937005909,-0.49545569428104536,0.562185013938749,-0.04916133948391078
6.480625,2.7821875,6.352500000000001,0.1855723831150529,0.48067813019082745,0.22971449671276728,0.1360047770330251,0.7738242656891317,-0.809227425936992
-0.027656249999999966,9.674375000000001,-0.15046874999999998,1.489469014224847,1.3522722486152703,1.3576144400283305,4.272126972602886,-4.3358777004668,4.260782981313917
-0.385,9.973906249999999,-0.7703125000000001,0.39975773913709284,0.0939184684230821,0.3129994446380856,-0.8807589997034211,1.0123823052755248,-0.5052665345554702
0.97328125,9.5653125,1.9646875000000001,0.6978114329089466,0.48725624915823296,0.8908983681339584,-1.2738607504391641,2.240830792925772,-1.5635859786431057
1.0909375000000001,9.46234375,2.38875,0.33901382139044123,0.1521280524293186,0.19037380991092243,0.3018732450592404,-0.48190179234831343,-0.047049512988292165
1.2551562499999998,9.415625000000002,2.4478125000000004,0.38576220082576457,0.11950254965899258,0.1541353783002138,-0.3422696255863197,1.1040349266602538,-0.4859710553400741
1.4553125,9.34890625,2.57796875,0.48596864851937727,0.16983555638009815,0.2293549356858001,-0.13816422292836406,0.08404029423776527,0.3686010360828967
1.3515625,9.422812500000001,2.4321875,0.30824715504567113,0.12424105538729951,0.19833264946485746,1.0682277162497524,-1.0628809374171013,1.2513894829919896
0.79609375,9.626249999999999,1.5451562499999998,1.056871292405531,0.4683097932992647,1.357220266053354,-1.0637654675455936,0.5196240962604471,-1.1815666383440881
-0.828125,9.688593749999999,1.4460937500000002,0.603844130860771,0.23494591922597316,1.0027160259569692,-1.2215485592906923,-0.8477564588036055,-1.4749343808498088
-0.67578125,9.68734375,1.770625,0.2202115792787416,0.04556047449201462,0.07905447093618426,-1.8908274957826972,0.8424154190696133,-0.5983580402818512
-0.7464062499999999,9.788125,0.84375,0.9536662269688161,0.27079671226770846,1.1057880391377002,-1.181714024849701,1.5428382618865388,-0.47524416840944467
-2.26375,9.713750000000001,0.41000000000000003,0.9142884870214653,0.3018665889097366,0.6054337288258724,1.5778444151409432,-0.7946693588648515,-0.39646409881187883
