1617117085022 0.33096663146701627 0
1617117086451 0.4713579148180834 1
1617117087668 0.4691565832859073 2
1617117089151 0.47272623988841167 3
1617117090570 0.4688171357085231 4
1617117091965 0.47702393524830194 5
1617117093174 0.4937412382993004 6
1617117094537 0.4900054006778374 7
1617117095757 0.5026030682556533 8
1617117096872 0.5280873104111942 9
1617117097987 0.4970020835487944 10
1617117098921 0.5159607392739929 11
1617117100214 0.5151526755394991 12
1617117101260 0.5005379984017357 13
1617117102310 0.5084982674523653 14
1617117103530 0.5192859077414385 15
1617117104649 0.5160703884161096 16
1617117105968 0.5390184305588962 17
1617117107134 0.5448446762388568 18
1617117108365 0.5558620451016641 19
1617117109335 0.5335545236295623 20
1617117110360 0.558444820633237 21
