1,3
3,1
1,4
4,1
1,5
5,1
1,10
10,1
1,14
14,1
1,19
19,1
1,26
26,1
1,33
33,1
1,38
38,1
1,40
40,1
2,17
17,2
2,21
21,2
3,4
4,3
3,5
5,3
3,10
10,3
3,17
17,3
3,19
19,3
3,26
26,3
3,33
33,3
4,5
5,4
4,10
10,4
4,12
12,4
4,14
14,4
4,19
19,4
4,22
22,4
4,26
26,4
4,27
27,4
4,32
32,4
4,33
33,4
4,35
35,4
4,37
37,4
4,38
38,4
4,40
40,4
4,42
42,4
4,44
44,4
4,46
46,4
4,48
48,4
4,115
115,4
5,25
25,5
5,26
26,5
5,27
27,5
5,38
38,5
6,7
7,6
6,10
10,6
6,11
11,6
6,13
13,6
6,17
17,6
6,18
18,6
6,19
19,6
6,20
20,6
6,23
23,6
6,24
24,6
6,25
25,6
6,26
26,6
6,27
27,6
6,28
28,6
6,29
29,6
6,31
31,6
6,32
32,6
6,33
33,6
6,38
38,6
6,44
44,6
7,10
10,7
7,11
11,7
7,12
12,7
7,13
13,7
7,14
14,7
7,15
15,7
7,16
16,7
7,18
18,7
7,19
19,7
7,20
20,7
7,22
22,7
7,23
23,7
7,24
24,7
7,25
25,7
7,27
27,7
7,28
28,7
7,29
29,7
7,30
30,7
7,31
31,7
7,32
32,7
7,33
33,7
7,35
35,7
7,44
44,7
7,140
140,7
8,18
18,8
9,16
16,9
9,24
24,9
10,11
11,10
10,13
13,10
10,14
14,10
10,15
15,10
10,16
16,10
10,17
17,10
10,18
18,10
10,19
19,10
10,20
20,10
10,22
22,10
10,23
23,10
10,24
24,10
10,26
26,10
10,27
27,10
10,28
28,10
10,29
29,10
10,30
30,10
10,31
31,10
10,32
32,10
10,33
33,10
10,34
34,10
10,35
35,10
10,44
44,10
10,46
46,10
11,13
13,11
11,14
14,11
11,15
15,11
11,16
16,11
11,17
17,11
11,18
18,11
11,19
19,11
11,20
20,11
11,22
22,11
11,23
23,11
11,24
24,11
11,25
25,11
11,26
26,11
11,28
28,11
11,29
29,11
11,30
30,11
11,31
31,11
11,32
32,11
11,33
33,11
11,44
44,11
11,111
111,11
12,13
13,12
12,14
14,12
12,15
15,12
12,19
19,12
12,22
22,12
12,27
27,12
12,31
31,12
12,32
32,12
12,33
33,12
12,35
35,12
12,42
42,12
12,43
43,12
12,44
44,12
12,45
45,12
12,46
46,12
12,114
114,12
12,115
115,12
12,120
120,12
12,124
124,12
12,129
129,12
12,130
130,12
12,132
132,12
12,139
139,12
12,140
140,12
12,145
145,12
12,147
147,12
12,148
148,12
13,14
14,13
13,15
15,13
13,16
16,13
13,17
17,13
13,18
18,13
13,19
19,13
13,20
20,13
13,22
22,13
13,23
23,13
13,24
24,13
13,25
25,13
13,27
27,13
13,28
28,13
13,29
29,13
13,30
30,13
13,31
31,13
13,32
32,13
13,33
33,13
13,35
35,13
13,44
44,13
13,46
46,13
13,111
111,13
13,122
122,13
14,15
15,14
14,16
16,14
14,19
19,14
14,22
22,14
14,23
23,14
14,30
30,14
14,31
31,14
14,32
32,14
14,33
33,14
14,34
34,14
14,35
35,14
14,42
42,14
14,44
44,14
14,46
46,14
15,16
16,15
15,19
19,15
15,20
20,15
15,21
21,15
15,22
22,15
15,23
23,15
15,24
24,15
15,28
28,15
15,30
30,15
15,31
31,15
15,32
32,15
15,33
33,15
15,34
34,15
15,35
35,15
15,41
41,15
15,42
42,15
15,44
44,15
15,46
46,15
15,111
111,15
15,131
131,15
15,145
145,15
15,146
146,15
16,19
19,16
16,21
21,16
16,22
22,16
16,23
23,16
16,24
24,16
16,28
28,16
16,30
30,16
16,31
31,16
16,32
32,16
16,33
33,16
16,34
34,16
16,35
35,16
16,146
146,16
17,18
18,17
17,19
19,17
17,20
20,17
17,21
21,17
17,23
23,17
17,24
24,17
17,25
25,17
17,26
26,17
17,28
28,17
18,23
23,18
18,24
24,18
18,26
26,18
18,28
28,18
18,29
29,18
18,33
33,18
19,20
20,19
19,21
21,19
19,22
22,19
19,23
23,19
19,25
25,19
19,26
26,19
19,27
27,19
19,28
28,19
19,30
30,19
19,31
31,19
19,32
32,19
19,33
33,19
19,35
35,19
19,42
42,19
19,44
44,19
19,46
46,19
20,21
21,20
20,23
23,20
20,24
24,20
20,25
25,20
20,26
26,20
20,27
27,20
20,28
28,20
20,30
30,20
20,31
31,20
20,33
33,20
20,111
111,20
21,23
23,21
21,24
24,21
21,28
28,21
21,30
30,21
21,111
111,21
21,131
131,21
22,23
23,22
22,31
31,22
22,32
32,22
22,33
33,22
22,34
34,22
22,35
35,22
22,36
36,22
22,37
37,22
22,41
41,22
22,42
42,22
22,43
43,22
22,44
44,22
22,45
45,22
22,46
46,22
22,106
106,22
22,112
112,22
22,115
115,22
22,120
120,22
22,122
122,22
22,124
124,22
22,129
129,22
22,130
130,22
22,132
132,22
22,133
133,22
22,134
134,22
22,140
140,22
22,145
145,22
22,147
147,22
22,148
148,22
23,24
24,23
23,28
28,23
23,29
29,23
23,30
30,23
23,31
31,23
23,32
32,23
23,33
33,23
23,35
35,23
23,44
44,23
24,28
28,24
24,30
30,24
25,26
26,25
25,27
27,25
25,28
28,25
25,38
38,25
26,27
27,26
26,32
32,26
26,33
33,26
26,38
38,26
27,29
29,27
27,31
31,27
27,32
32,27
27,33
33,27
27,35
35,27
27,38
38,27
27,44
44,27
27,115
115,27
28,30
30,28
28,31
31,28
28,44
44,28
28,111
111,28
28,146
146,28
29,32
32,29
29,33
33,29
29,38
38,29
29,44
44,29
30,41
41,30
30,111
111,30
30,131
131,30
31,32
32,31
31,33
33,31
31,35
35,31
31,41
41,31
31,42
42,31
31,44
44,31
31,45
45,31
31,46
46,31
31,111
111,31
31,122
122,31
31,124
124,31
31,129
129,31
31,131
131,31
31,132
132,31
31,133
133,31
31,134
134,31
31,139
139,31
31,140
140,31
31,145
145,31
31,146
146,31
31,147
147,31
31,148
148,31
32,33
33,32
32,34
34,32
32,35
35,32
32,38
38,32
32,42
42,32
32,44
44,32
32,115
115,32
32,140
140,32
32,145
145,32
32,147
147,32
33,34
34,33
33,35
35,33
33,38
38,33
33,42
42,33
33,44
44,33
33,46
46,33
33,115
115,33
34,42
42,34
34,106
106,34
35,36
36,35
35,37
37,35
35,42
42,35
35,43
43,35
35,44
44,35
35,45
45,35
35,46
46,35
35,106
106,35
35,112
112,35
35,115
115,35
35,120
120,35
35,124
124,35
35,129
129,35
35,130
130,35
35,132
132,35
35,140
140,35
35,145
145,35
35,147
147,35
35,148
148,35
36,41
41,36
36,46
46,36
36,112
112,36
36,120
120,36
36,122
122,36
36,124
124,36
36,125
125,36
36,130
130,36
36,132
132,36
36,134
134,36
36,142
142,36
36,145
145,36
36,148
148,36
37,39
39,37
37,40
40,37
37,42
42,37
37,43
43,37
37,45
45,37
37,46
46,37
37,47
47,37
37,106
106,37
37,107
107,37
37,115
115,37
37,120
120,37
38,44
44,38
39,42
42,39
39,43
43,39
39,45
45,39
39,112
112,39
39,113
113,39
39,115
115,39
39,116
116,39
39,117
117,39
39,118
118,39
39,119
119,39
39,120
120,39
39,123
123,39
39,130
130,39
40,42
42,40
40,46
46,40
40,106
106,40
41,110
110,41
41,111
111,41
41,122
122,41
41,131
131,41
41,132
132,41
41,134
134,41
41,141
141,41
41,146
146,41
41,148
148,41
42,43
43,42
42,44
44,42
42,45
45,42
42,46
46,42
42,104
104,42
42,106
106,42
42,107
107,42
42,108
108,42
42,112
112,42
42,115
115,42
42,116
116,42
42,117
117,42
42,119
119,42
42,120
120,42
42,129
129,42
42,130
130,42
42,132
132,42
42,145
145,42
42,147
147,42
42,148
148,42
43,45
45,43
43,46
46,43
43,106
106,43
43,107
107,43
43,112
112,43
43,115
115,43
43,116
116,43
43,117
117,43
43,119
119,43
43,120
120,43
43,123
123,43
43,130
130,43
43,132
132,43
43,145
145,43
43,147
147,43
43,148
148,43
44,114
114,44
44,115
115,44
44,124
124,44
44,129
129,44
44,139
139,44
44,140
140,44
44,145
145,44
44,147
147,44
45,104
104,45
45,105
105,45
45,106
106,45
45,107
107,45
45,108
108,45
45,112
112,45
45,114
114,45
45,115
115,45
45,116
116,45
45,117
117,45
45,119
119,45
45,120
120,45
45,123
123,45
45,130
130,45
45,132
132,45
45,133
133,45
45,145
145,45
45,147
147,45
45,148
148,45
46,106
106,46
46,120
120,46
46,129
129,46
46,145
145,46
46,148
148,46
47,48
48,47
47,115
115,47
48,114
114,48
48,115
115,48
48,118
118,48
50,78
78,50
51,84
84,51
54,151
151,54
55,57
57,55
55,86
86,55
57,86
86,57
57,170
170,57
57,172
172,57
59,81
81,59
59,157
157,59
59,162
162,59
60,82
82,60
61,74
74,61
62,82
82,62
63,166
166,63
64,69
69,64
66,80
80,66
68,75
75,68
74,157
157,74
87,89
89,87
87,91
91,87
87,94
94,87
88,165
165,88
88,179
179,88
89,91
91,89
89,94
94,89
90,170
170,90
91,94
94,91
92,152
152,92
92,155
155,92
94,181
181,94
95,157
157,95
98,101
101,98
99,105
105,99
102,104
104,102
103,104
104,103
103,106
106,103
103,108
108,103
104,105
105,104
104,106
106,104
104,107
107,104
104,108
108,104
105,106
106,105
105,107
107,105
105,119
119,105
106,107
107,106
106,108
108,106
106,119
119,106
107,117
117,107
107,119
119,107
109,126
126,109
110,111
111,110
110,125
125,110
110,131
131,110
110,134
134,110
110,141
141,110
110,146
146,110
111,131
131,111
111,134
134,111
111,146
146,111
112,116
116,112
112,117
117,112
112,119
119,112
112,120
120,112
112,123
123,112
112,124
124,112
112,130
130,112
112,132
132,112
112,133
133,112
112,135
135,112
112,140
140,112
112,142
142,112
112,144
144,112
112,145
145,112
112,147
147,112
112,148
148,112
113,117
117,113
113,118
118,113
113,120
120,113
113,121
121,113
113,123
123,113
113,130
130,113
114,115
115,114
114,116
116,114
114,117
117,114
114,118
118,114
114,147
147,114
115,117
117,115
115,118
118,115
115,120
120,115
115,129
129,115
115,130
130,115
115,145
145,115
115,147
147,115
116,117
117,116
116,119
119,116
116,120
120,116
116,123
123,116
116,130
130,116
116,132
132,116
116,145
145,116
116,147
147,116
117,118
118,117
117,119
119,117
117,120
120,117
117,123
123,117
117,130
130,117
117,132
132,117
117,145
145,117
117,147
147,117
117,148
148,117
118,121
121,118
119,120
120,119
119,123
123,119
119,130
130,119
119,132
132,119
119,133
133,119
119,145
145,119
119,147
147,119
119,148
148,119
120,123
123,120
120,124
124,120
120,129
129,120
120,130
130,120
120,132
132,120
120,145
145,120
120,147
147,120
120,148
148,120
122,124
124,122
122,132
132,122
122,133
133,122
122,141
141,122
122,142
142,122
122,145
145,122
122,148
148,122
123,130
130,123
123,135
135,123
124,129
129,124
124,130
130,124
124,132
132,124
124,133
133,124
124,139
139,124
124,142
142,124
124,144
144,124
124,145
145,124
124,147
147,124
124,148
148,124
125,134
134,125
125,141
141,125
125,142
142,125
126,128
128,126
126,129
129,126
128,129
129,128
128,130
130,128
129,130
130,129
129,132
132,129
129,139
139,129
129,145
145,129
129,147
147,129
129,148
148,129
130,132
132,130
130,133
133,130
130,142
142,130
130,145
145,130
130,147
147,130
130,148
148,130
131,134
134,131
131,141
141,131
131,146
146,131
132,133
133,132
132,134
134,132
132,135
135,132
132,136
136,132
132,139
139,132
132,140
140,132
132,141
141,132
132,142
142,132
132,144
144,132
132,145
145,132
132,146
146,132
132,147
147,132
132,148
148,132
133,135
135,133
133,136
136,133
133,140
140,133
133,141
141,133
133,142
142,133
133,144
144,133
133,145
145,133
133,147
147,133
133,148
148,133
134,141
141,134
134,142
142,134
134,144
144,134
134,145
145,134
134,146
146,134
134,147
147,134
134,148
148,134
135,136
136,135
135,137
137,135
135,138
138,135
135,142
142,135
135,144
144,135
135,148
148,135
136,137
137,136
136,142
142,136
136,143
143,136
136,144
144,136
137,138
138,137
139,140
140,139
139,142
142,139
139,144
144,139
139,145
145,139
139,147
147,139
140,144
144,140
140,145
145,140
140,146
146,140
140,147
147,140
141,142
142,141
141,144
144,141
141,146
146,141
142,144
144,142
142,145
145,142
142,147
147,142
142,148
148,142
143,144
144,143
144,145
145,144
144,146
146,144
144,147
147,144
144,148
148,144
145,147
147,145
145,148
148,145
146,147
147,146
147,148
148,147
153,163
163,153
153,166
166,153
158,175
175,158
163,173
173,163
163,189
189,163
164,187
187,164
170,172
172,170
172,191
191,172
173,189
189,173
173,190
190,173
173,196
196,173
176,181
181,176
184,192
192,184
199,201
201,199
200,203
203,200
203,204
204,203
210,217
217,210
211,212
212,211
220,226
226,220
223,248
248,223
224,229
229,224
225,227
227,225
225,251
251,225
226,248
248,226
232,238
238,232
232,259
259,232
232,264
264,232
235,236
236,235
235,241
241,235
235,257
257,235
235,264
264,235
236,257
257,236
236,260
260,236
237,239
239,237
241,257
257,241
241,264
264,241
245,250
250,245
250,252
252,250
257,260
260,257
257,264
264,257
257,266
266,257
259,263
263,259
259,264
264,259
263,264
264,263
