-0.9764062499999999,10.23171875,0.29283746921875003,2.389517712313708,4.4826931270050645,4.047321809942722,-0.6802035934066041,-0.19789572812090975,1.6316003535956993
-0.9942968749999999,9.95890625,0.42127310129687495,2.4569848403307732,4.412558822974595,4.490512947497691,-0.4272373658244558,-0.2897227861440085,1.0837732601595151
-0.99875,10.001484375,0.2927310716875,2.3735604189697805,4.431809042634944,4.211197457353593,-0.06595662449969601,-0.15272991459160962,1.735000455385861
-1.03140625,10.095703125,0.41797442929687495,2.346990671042588,4.329059995324069,4.2183086647572345,-0.5841383680429914,-0.24908129289507025,1.3177597198350735
-1.048125,10.134453125,0.4035027903125,2.340655206747675,4.534404041704679,4.504257861032196,-0.3665109925993815,-0.3462365315600575,1.1299401162718707
-0.9806250000000001,10.135234375,0.373495491890625,2.1557610858754734,4.271063605247335,4.039354860887103,-0.5420590860982395,-0.247774021303015,1.1687132793634163
-0.9852343750000001,10.183515625,0.31475773656250006,2.338030676673931,4.502319122866665,4.086425037442078,-0.07552030662636317,-0.19352082104841986,1.1289980369747843
-1.05671875,10.174609375000001,0.16323135429687496,2.632896192104512,4.8450428762202,4.51181664443933,0.08086735973787451,-0.15675037660101498,1.0825331080306837
-1.0240624999999999,10.112421874999999,0.14216236843749994,3.0057495522903688,4.834595986560975,4.490807092394868,-0.3976401411410684,-0.16265905508278866,1.0594231698493775
-1.0396874999999999,10.364140625000001,0.2386753115625,2.8212034603771046,4.5905072785014305,4.186500689613688,0.15166937909115075,-0.2397483109785073,1.0348038557764023
-1.0715625000000002,10.141015625,0.27942995984374985,2.6879701441968713,4.775774943635415,4.6010477339378655,-0.16149709917339175,-0.16396940176917046,1.146594334011038
-1.050078125,10.0709375,0.24048427393749996,2.7761356055038964,5.063439949391495,4.694538621865657,-0.10461194401684497,-0.3178213903599452,1.129827880770856
-0.9652343750000001,9.997812500000002,0.44819455087500004,2.5398083604020916,4.94788463915073,4.738818130207641,-0.008562243516400362,-0.21816153508758274,0.9583763248708165
-1.022421875,10.064375,0.2900708429375,2.587595936051741,4.767433427366868,4.530092328137467,0.006026513907307892,-0.2818889218029245,1.1151318024970758
-0.977265625,10.131171875,0.386477381015625,2.5920433285235336,4.640807382122101,4.654713073207297,-0.006982002176385129,-0.16702734908660505,1.1942624750165294
-1.05421875,10.13296875,0.456388067703125,2.5866709448919933,4.636818743656414,4.49795588388657,0.05486225258267736,-0.07834910902731597,1.2128739663650963
-1.0369531250000001,10.137265625,0.3497663035937501,2.751381913748568,4.761213854359344,4.5440913603254005,0.06433164233935273,-0.22057689220749713,1.1152768160722397
-0.9969531250000001,10.012656250000001,0.19909116562499998,2.6994089511044326,5.115790579845498,4.723274470548235,-0.1858115496206644,-0.19920875237948485,1.3733609925989656
-0.91015625,10.1821875,0.13897010617187502,2.820982758824651,4.9949832547110455,4.628360059492672,-0.2454918377655399,-0.1394302521688205,1.0930138328977976
-1.0050781249999998,10.166093750000002,0.33306007624999995,2.4117991197229682,4.593505645605646,4.47967947060523,-0.07297052878190087,-0.1206494407932421,1.3391270685982442
-0.9561718749999999,9.987265625000001,0.29922200398437504,2.5259515908284906,4.923461643441874,4.4910882581697855,0.03411809555729916,-0.09627983191417899,1.3121838530313974
-1.019609375,10.041015625,0.45383423359374997,2.6185287503027554,4.761484445501829,4.515467830421962,0.09530547543570825,-0.08969882744216347,1.519743259889713
-1.0505468750000002,10.16421875,0.510443814765625,2.524820633664446,4.6486178405143646,4.545352006635707,0.06570891850445401,-0.13802358936637993,1.1207082607781647
-0.954296875,9.94890625,0.32678194284375,2.5766365198869696,4.637107839614142,4.390440193309886,0.15774502634421111,-0.0651279564730925,1.1525197390237005
-0.903359375,10.167499999999999,0.3849876454687499,2.633361764617541,4.627452052695954,4.289423892248495,0.05306999344300897,-0.18823821100378707,1.2654673192017745
-0.9916406249999999,10.110703124999999,0.357640530328125,2.402513260025761,4.818295079627776,4.267438091948954,-0.18426208016467419,-0.2209202790161459,1.1554959146209047
-0.953671875,10.160234375000002,0.3316767580468751,2.5983428827012007,4.95630272116407,4.706147565614587,-0.34333146416461346,-0.1220042116581797,1.2409624446533167
-0.92734375,10.15109375,0.2375048359374999,2.436699062119887,4.7896974777861425,4.5254728870884104,-0.17655615494427726,-0.19121863169848552,1.0490682856567266
-1.0041406249999998,10.13,0.326675543671875,2.6521231257192057,4.928448031581545,4.505867422638281,0.011728848636527442,-0.36359562934139456,1.1855809475222125
-0.9204687500000002,10.02671875,0.17993755146874996,2.6872133159229166,4.832823176818953,4.49156963430035,-0.0852522476176938,-0.14644873152508292,0.7854124259553142
-0.9006249999999999,10.203125,0.449471491015625,2.551685334612205,4.5913503511358185,4.330727485918027,0.215565855526357,-0.04999690835591297,1.4298680029052906
-1.116953125,10.110624999999999,0.39169140773437505,2.675723488199544,5.015748752367387,4.717079036916377,0.06186613426519285,-0.18381865960564125,1.0584814402230538
-0.9080468749999999,10.210546875,0.39807595664062495,2.7454126678065602,4.9269492190581525,4.695910028140011,-0.09620213106699824,-0.07518250756900513,0.8841713523002243
-0.96703125,10.079765625,0.39286189414062506,2.587991305824546,4.712243272987756,4.590019110253946,-0.1533514405063439,-0.14087828523821194,1.0669453091629397
-1.16171875,10.11703125,0.5281076945000001,2.835792743378549,4.74119749499253,4.701885094687529,-0.244420648162186,-0.28680654785660126,0.9346101451285092
-1.0584375,10.080625,0.41052580375000003,2.6432707714295467,4.929107543143586,4.809960376279909,0.049564947086239354,-0.13644010365587764,1.098290920442905
-1.037109375,10.12984375,0.6739943941562501,2.459534747779976,4.797420365476214,4.718586226113904,0.37358654640934963,-0.11521908474055967,1.283696504640858
-0.9632031249999999,10.110859375,0.7271988779687499,2.512633682262545,4.644215829149697,4.787259868410873,-0.2661654017092561,-0.15313763601383615,1.0852490793439842
-1.0237500000000002,10.092187500000001,0.28368632385937503,2.486272310106035,4.740492613098744,4.453455744158318,-0.43303202938173674,-0.24793270089473038,0.8899017457352141
-0.9854687500000001,10.264609375,0.65462795640625,2.4155019727322595,4.578652214070437,4.7181195438548365,-0.05481671091620727,-0.22217934761648914,0.840415977898078
-1.016484375,10.010703125,0.6635663102343751,2.4086995939989815,4.578279081638126,4.710806075655566,-0.4618487453616863,-0.2975441740831804,1.3126678815883228
-1.13296875,10.186093750000001,0.692509559890625,2.5560526694541013,4.638575891770117,4.449841070248822,0.27205638462600396,-0.1586358577229304,1.3044698223947404
-1.1281249999999998,10.121953125000001,0.625365501203125,2.556392951381888,4.731445349103457,4.668654539982532,-0.12593383221791363,-0.22259911802960183,1.041784340491927
-1.097578125,10.17484375,0.72421941265625,2.5203790470426237,4.718994196392483,4.70457617636566,-0.06958673170010678,-0.12298295287502034,0.9676935842943559
-0.8712499999999999,10.115546875,0.48511850109375015,2.48780117523487,4.745052161296831,4.470685994621481,-0.049637407589236106,-0.35133419829424684,0.8858649058943817
-1.0434375,10.177031249999999,0.7898737722968749,2.656174539369307,4.838470083510225,4.737443221895036,-0.11467015750450862,-0.25746836127644634,0.8445840188831314
-1.1346093750000001,9.955546875,0.50703873340625,2.4856635502239857,4.666563713100651,4.649349513112837,-0.03987371283262138,-0.11888413329808752,1.2407995881495162
-1.0840625,10.06625,0.651222865,2.3757148389682103,4.372984714414172,4.482599310469109,-0.6386592334709962,-0.21542784286809336,0.8103269005294678
-1.042421875,10.074609375,0.5829083402499999,2.326955409601027,4.620577429814602,4.5406209882084205,-0.5050543847661821,-0.23554997509523376,0.8438120232866222
-0.8896875,9.629843750000001,0.46192131703124995,2.898751869743899,5.643680922109783,5.162016041016612,0.10419155572260884,-0.6199871867633643,-0.220010138085456
-0.28968749999999976,6.757656249999998,0.4573457337500001,5.144422334173561,8.547655241751151,8.250774286346381,-0.06739009066151329,0.1298552044148772,-0.16888861189641352
0.058437499999999976,7.3462499999999995,1.470252691015625,5.84931225090555,8.642401829063493,8.041926009988584,0.2132316050417085,0.11436338996797306,-0.3256070078803878
-0.42570312499999996,6.669609375,0.5546035722656251,5.348143177133091,8.426631277750447,8.563694109517085,0.3399140332949627,0.12735133684712913,-0.297462988006618
-0.03195312499999998,5.770468749999999,-0.08353102742187518,4.606365340922573,8.278095989886408,7.633743464251851,-0.2650557408822942,0.25456048647717144,-0.04396192322269133
-0.07773437499999997,6.83328125,0.6855930149687499,5.264192455704233,8.998154507780939,8.226586786937418,-0.012038294472718616,-0.06048595337502187,-0.17573861283094094
-0.26382812499999997,7.679609375000001,0.446172806640625,4.700544204047972,8.825935449920427,7.7491698471318164,0.12011237050346817,-0.013139419843257704,-0.22100788613836203
-0.7720312500000002,7.2681249999999995,0.21962810565624982,5.139405723089338,9.142947739070534,8.749543526669756,0.31431949536137643,-0.06577664491244234,-0.15837416589532383
-0.49812500000000004,7.680859374999999,0.578439158515625,5.138427493832622,9.431035370929568,8.27384133164947,0.015965602224029565,-0.16613035541437576,-0.4639851516947863
-0.20429687499999993,7.900859375,0.7732738942187498,5.053214738472454,9.156688558383134,8.48967971175793,-0.10285523048037148,-0.171888732346401,-0.288347438444089
-0.21046875000000007,6.9159375,0.3027335342656249,4.578418439294669,9.223486955652605,8.297307175967047,0.08121045337133405,-0.054226838010608694,-0.24607856228106426
-0.567109375,7.458828125,0.546729271015625,4.775992395621785,9.24667910159961,8.549412927989357,0.05978440551347153,-0.12297973855972397,-0.22174406718610945
-0.5964843750000001,6.6153125,0.741564116015625,4.759010793655637,8.53879308815618,7.829665659722072,-0.2688953358807367,0.11467830847247336,-0.27677882484257543
-0.04226562499999992,7.185546875,1.05281029609375,4.797256738042416,8.916336990374901,8.560650340191303,0.03815626940526761,0.06691282880514457,-0.17096267629553205
-0.13374999999999992,6.780546875,0.35806617843750005,4.838535741833473,8.471026383041062,7.765850599361765,0.04883676441214576,0.04668294108162476,-0.2484183557449764
-0.4029687500000001,6.846953125,1.13463883671875,4.689988899136482,8.459151253837629,7.746441013122301,0.1034009115614288,0.21645409736889942,-0.3920053206980026
-0.874609375,6.639921875,0.7179412996093749,5.059317039869325,8.882018659215172,8.292244068524429,0.23852922259510034,0.034465962999922356,-0.1098421747599584
-0.317421875,6.491171875,1.2133814334375,5.302402498822725,8.598261599472243,8.078161153123405,0.03152079270551112,0.35238749941038006,-0.2265401876598172
-0.41570312499999995,7.51765625,1.1429386550781249,5.480123698933742,9.15938337890908,8.925551570947412,-0.06808534028524062,-0.14509720591222336,-0.3811179566087998
-0.65671875,6.752265625,1.0239734921875,5.359369585911987,8.892002043167409,8.346641416373863,0.2246369117051145,0.033316103215632054,-0.45466323404503467
-0.5517968750000001,6.929765625,1.16826408125,5.17165946432963,9.033086012754355,8.301043593325359,0.01580297567458149,0.12060430112394081,-0.3625982727959329
-0.11453125000000011,7.046015625,1.36820649075,5.151316861276681,8.712982800453922,7.4799355226019255,-0.5700181343330506,0.10024740914939592,-0.3737093963135384
0.08718750000000006,6.575468749999999,1.5964537623437502,4.895919847418231,8.747116387288639,7.713600616184062,-0.19115857246209061,0.13194985484784352,-0.4585624035945463
-0.0388281250000001,8.177656249999998,1.9588826682500002,5.272055698013725,8.768327634551296,7.8055457954319305,0.0325707095307774,-0.06979665445337466,-0.3677428890213417
-0.6418750000000001,6.608515625,0.689849384921875,5.193677910149511,9.194552912751162,8.091446969317696,-0.06808826705404576,0.08330869475497298,-0.1901180138720808
-0.28632812499999993,6.7140625,0.5406640247656249,5.009532299634766,9.388899233062082,8.537934025085598,0.07570111680609909,-0.06174722223438798,-0.300689247453677
-0.48437499999999994,7.39515625,0.8478666582656251,5.367972695475919,8.84391934328813,8.402683343772296,-0.06891351994411352,0.026576544693506655,-0.3840775203837852
-0.5147656249999999,6.7075781249999995,0.25123155171874995,5.519021222786551,8.888686783112087,8.445370671827302,0.21417530115571368,-0.08123628554666097,-0.1873882946821811
-0.41007812500000007,5.62390625,0.5209783137968749,5.311432906960841,8.920576130004772,8.031363296855734,0.3369717195184464,0.1450195574638,-0.2867994772397777
-0.10921875000000014,6.29359375,0.26761859898437496,5.239176135343079,8.544687744292412,8.496840501199287,0.18040708509502168,0.16223126684136435,-0.26314532373069227
-0.826171875,6.485312500000001,0.30954373593749995,4.8641799991580275,8.661239260483672,7.7446483973760785,0.2212195324200655,0.0066859615550937165,-0.22543661895237527
-0.03804687500000001,6.344296875,1.1385759665625,5.251904276455611,8.700646858459159,8.284010580785223,-0.17975316959654636,0.20011746716562373,-0.14353803560827672
0.18796874999999996,7.242578125,0.6560113046874999,4.712195009920901,9.296165812958668,8.214208272181196,-0.11425830944797685,-0.0025140902474547794,-0.43211759220231755
-0.698125,7.242812499999999,0.762739525390625,4.8061249577362215,9.12336474538554,8.565584331015817,0.15220662582426855,-0.08811907711800504,-0.31976578952094453
0.2509375,6.1565625,1.303509863359375,5.398980580497929,8.306068981991045,7.476347321471588,0.35830601559342595,0.280306057269599,-0.5311452752677565
-0.4371875000000001,7.453046875,1.2659475173437502,5.6992228002898555,8.318868195872724,7.4874912411113375,-0.03771122408597892,0.17192721751023032,-0.45214982255265085
-0.47664062500000004,6.952265625000001,1.3276646852343752,4.961488290659327,9.091100233783223,8.628157364747123,0.09697578083357043,0.07409290160338346,-0.26936526553286294
-0.6176562499999999,7.74046875,0.35232012874999996,5.015931880701325,9.435485700549465,8.31772087272294,0.0035174744440606273,-0.26595492197808474,-0.4344330678448055
-0.2978125000000001,7.18390625,0.969598480859375,5.482591189605856,8.75215029242591,7.9668513728973664,0.26781578106328546,0.0762564465989993,-0.41358098532711246
0.373203125,7.116484375000001,0.4623469324218749,5.22374131573724,8.866477121530899,7.706900058507244,0.24945990292207115,0.014163274635333567,-0.4582817351331095
-0.10882812500000005,7.203906249999999,1.2546681093750003,5.60150560411743,8.87063327734897,7.940613189402589,0.10745441662265079,0.07225928518458019,-0.5056202287467305
-0.36695312500000005,7.420078125000001,0.6527126227343751,5.390399967562957,9.37433435104309,8.589132641301104,0.2445632574178973,-0.20030331972807583,-0.25602420212385435
0.23179687500000007,6.756562499999999,1.175606272265625,5.7718669035668375,8.998897453082447,8.332295805988995,-0.013907191411879944,0.07159571240165834,-0.3788247838410992
0.2540625,7.30234375,1.484830712890625,4.958767872021612,8.867879933041264,8.689323673349932,0.06094301377055638,-0.07237850442996942,-0.15274443430134868
-0.6874218750000001,7.988828124999999,1.2762691478906252,5.829987168469712,9.369420558148672,8.090283306209727,-0.3328145470631381,-0.22119268697399272,-0.4774843151467247
0.5398437500000001,6.824296875,1.227427447578125,5.79715366370307,9.205033582535984,8.20024164707242,0.26249702832418303,0.033737557064032746,-0.4364759473582025
-0.26609374999999996,6.530703125,0.6841032630468751,4.456294395707149,9.011596711286254,7.987054753054214,0.4742755843944363,0.05593203567155351,-0.16293804924799574
-0.03125000000000011,7.311562499999999,-0.10172695000000008,3.809294143932705,8.271490989150248,6.51622791161698,-0.19299525963638345,-0.28444538059648206,-0.02105317408821659
-1.5875,9.95421875,0.378283885546875,2.9354152176480928,4.936284440462122,4.379561757276882,1.1387637067396155,-0.2730076435933007,1.201604856870552
-1.9642187500000001,9.963203125,1.143577172265625,2.325825662995496,4.649571877736727,4.836039691918611,-0.21047518087031175,-0.30454404225497084,1.243332229243805
-2.03828125,10.105703125,0.7749764833593751,2.610280190113398,5.022932983388812,4.685380722398286,0.07999507647878658,-0.2220133254923348,0.9296805788863625
-1.7364843749999999,9.73296875,0.759121562,2.428884321376969,5.091855070750093,4.729730184747245,-0.367213899265635,-0.24132949890638275,1.2799025934375836
-1.736953125,9.945625,1.052384649296875,2.559341516445731,4.991132723077498,4.9138428554769815,-0.4346332131995885,-0.3172369233063001,1.2189349406770364
-1.71953125,9.932500000000001,0.822328473953125,2.8852674971782837,5.305730098205147,4.803737434955345,-0.23798437417191948,-0.17993371630917,1.0745219658675376
-1.7507031250000002,10.089921875,0.626535975703125,2.955687627163133,5.328734678621791,5.062783116825695,-0.5130539596552578,-0.332660757090419,0.7899482939434805
-1.607421875,9.999765625,0.657820239921875,2.8469954683879433,5.165400284713505,4.990654260362747,-0.25366473967910125,-0.3974154148022824,1.0568401186248104
-1.4659375000000001,9.987734374999999,0.7477358102031251,2.9147728356758353,5.313319380170306,5.178472823067468,0.07033757572273007,-0.2888206541626048,0.9968411573846989
-1.4234375,10.061953124999999,0.5502407728125002,2.727307634571823,4.975001579552788,4.921729644693814,-0.28951463713400655,-0.3422312461756009,1.0800345732434562
-1.365234375,10.073984375,0.8063671609375,2.646189171727592,5.017800087538946,5.047408423821574,-0.14946065197877875,-0.29798013743254065,1.0975437120556664
-0.876796875,9.95125,0.92522597015625,2.8193081303291834,5.135341091397922,4.738586568987525,-0.3601068105784932,-0.22142717758593747,0.8368803664213098
-0.7321093750000001,9.911484375,0.7676342947343748,2.2052230798236963,5.082552891055917,4.503376387503024,-0.33903613282365747,-0.37518940063549583,1.2364190645698272
-0.824296875,10.023125,0.7472037616406251,2.5672345540708266,5.1626411527313225,4.659572106929613,0.22594588008209782,-0.45545782020637626,1.3052592235242262
-0.5840624999999999,10.040859375,0.920224748125,2.4259116963718506,4.65910785239241,4.210098718510153,0.004409662026008987,-0.2234584322205822,1.246527561316923
-0.8609375,10.09828125,0.7621010322031251,2.6932898207570886,4.989089206297923,4.891725877111886,0.15721145675853068,-0.3746682169130361,0.8293631377977886
-0.9346874999999999,10.0321875,0.88340726065625,2.276467568370731,4.664383154806619,4.76139613844508,-0.00022521517205237773,-0.32390077465333916,0.7996663081684996
-0.9110156250000001,10.167734375,0.8365872826875002,2.4032123163082906,4.730312029686135,4.424762921471114,-0.3083690329778888,-0.4580783043556846,0.6586320706082374
-0.9064062499999999,9.955937500000001,0.5656700572812501,2.431576049594365,4.702170615374749,4.638893555358057,-0.18743946376559004,-0.28218683002390477,0.8372971440744871
-0.9777343749999999,10.3634375,0.8996878129375001,2.554060558344958,4.769224163435155,4.679768107109663,-0.09147647123157648,-0.4217114774366958,0.7863417438071372
-0.9650000000000001,10.063046875000001,0.9155427593749998,2.4260245902504782,4.740730356211238,4.672972612835887,-0.07735895048675867,-0.39369434664812636,0.8209748268583021
-0.9209375000000001,9.86359375,0.7996634078906252,2.371807537742839,4.882243294322902,4.7811516501197335,-0.2284753390488291,-0.23088661564345297,0.6335931297796251
-1.009765625,9.977656249999999,0.845632052109375,2.8016218697958437,5.049751461144988,5.048869038160952,0.03323570465490123,-0.287014169999783,0.7845699845921508
-0.8885156249999999,10.04203125,0.7076196439375,2.3848942225769383,4.639085874288537,4.732194305914555,0.04626032729113609,-0.2808744969534771,0.9980375210893029
-0.8674999999999999,10.136953125,0.8671266708593752,2.107773929409888,4.7104258629451685,4.686288610478365,-0.17725525410344878,-0.31472162145702187,0.906248488881903
-0.8319531249999998,9.99265625,0.6246206452656251,2.297634333189843,4.400901449627785,4.247421043419121,0.3888351411379692,-0.32729301192133,1.1992841517968782
-0.86984375,10.22671875,0.953105094140625,2.3450536322408357,4.4848789541523235,4.537328612668824,-0.0012199272208742893,-0.43505195361920473,0.6981371773426834
-0.891328125,9.87484375,0.8132837465937501,2.197221388443592,4.296876588067888,4.127308171947672,0.29935100760529165,-0.2962709220809193,0.9488660039511397
-1.011953125,9.945390625000002,0.9698113073906252,2.319266471657092,4.808069535677714,4.336762307909725,0.4689774005580316,-0.24286368522914814,1.1680722304530249
-0.758984375,10.056796875,0.8872379616874999,2.1430610554195275,4.731963112307643,4.061360157148987,-0.1391467052912366,-0.2761536047988529,1.0610303250403295
-0.8721093750000001,9.929765625,0.8593587828906251,2.3314583192257823,4.932696946277803,4.398842967220285,-0.5491860073230115,-0.0447468493699784,1.3984034094025768
-0.814296875,10.0009375,0.87819320375,2.3586574848025803,5.06996431778309,4.615449654360997,0.021955217657945,-0.17669802537570978,1.0010813223157762
-0.6732812499999999,9.952421875,0.711131119265625,2.4071148151674104,4.923318200489533,4.626151029032489,0.06473472660407618,-0.19456945768731465,1.0133175277653996
-0.7728125,10.078515625,0.818072129921875,2.505246038784165,4.946317615446956,4.822578022509985,0.10166698886515337,-0.2896214825549096,0.9574187867801351
-0.8770312499999999,10.051640625000001,0.8073248419531249,2.8472715446587524,5.145865266366737,4.690739578269233,0.12056687660572536,-0.16513845002202404,1.1566636951992377
-0.843046875,10.00015625,0.8394603377031249,2.526363975222639,4.7488309390928976,4.5022598358011905,0.2759014360715574,-0.17039129937233383,0.8906818530308583
-0.9581249999999999,10.010468750000001,0.656968966171875,2.719679654274562,4.916657887251607,4.710627486168196,0.29880867914599735,-0.3253827878423856,0.797382862673558
-0.8732031250000001,10.063125,0.8828752067968749,2.62442074965891,5.009795989795892,4.563869832798494,0.17223779715501594,-0.20922114754044277,1.0697703044876037
-0.79578125,10.021875,0.9803458218749999,2.543518296995018,4.649505644084649,4.546633191857359,0.4607498682314849,-0.1014304542144939,0.6338637843000858
-0.8787499999999999,10.003515625,0.8366936946875001,2.7028971724799296,5.043432857105452,4.574782996296279,0.6442657523690339,-0.10322330603978698,0.6582888715724566
-0.8853125000000001,10.186874999999999,0.858294730828125,2.722035927360943,4.930213729837176,4.872726412732875,0.6275715596698445,-0.16471579881464657,0.6108121406940289
-0.9740625,10.21125,1.1289991345625,2.7306339229368977,4.944231171274256,4.677424912923072,0.2690450612488735,-0.27402664174302865,0.4986319922828841
-1.02,10.07765625,0.50533616003125,2.534656349981196,5.003459035440976,4.509196496447406,0.19624477308239305,-0.14746918006060306,0.8188011195135589
-0.8121093749999999,10.171953125000002,0.581312166671875,2.7087089441811774,4.894446160348761,4.541928359112339,0.15968887786452735,-0.1700478598358861,0.7114089556132086
-0.9422656249999999,10.158984375,0.75326907565625,2.5763789435355506,4.920469972447334,4.427808782097445,0.38295261273435943,-0.2932633964018215,1.0913344280112047
-0.90796875,9.93546875,0.745820451515625,2.5282912829663116,4.920578735552703,4.611838833474168,0.4646386084220328,-0.1575482566185391,0.9223879141999135
-0.8422656249999999,9.999296874999999,0.7691240235625001,2.746146224383064,4.919824721152699,4.482553168852569,0.799708146952753,-0.06100931703452815,0.5255612389312139
-0.9641406250000001,10.138203125,0.77529571690625,2.5495289170697024,4.640142009140479,4.269559320909982,0.3538605475722352,-0.1744273890596246,0.758590423640779
-0.9139843750000001,10.054140625,0.669631637421875,2.528767405971901,4.78580886047224,4.556643725761507,0.1817966462746695,-0.16137248575529017,0.8844503829151968
-0.9388281250000001,10.11703125,0.75273702828125,2.6783138413858416,4.929378662572336,4.400681782945204,0.13073526758135404,-0.24679231262355888,1.006906233100779
-0.8582031250000001,10.006796875000001,0.8300963319843749,2.4802102461263713,4.644172580636968,4.344011316676673,0.10006415137847383,-0.16626564048205275,0.7983476818663612
-0.945,10.1425,0.714216974484375,2.390542237129476,4.573435183207476,4.515684085835345,0.2830344723727049,-0.18163826352360946,1.0766984918755322
-0.33859375,7.878593750000001,0.3893504232812501,4.716750194515387,7.804420495620475,7.564886840432188,0.15192344764983493,-0.43667072054263883,-0.23186324208754885
0.38796875,6.642265625,0.31624747609375015,5.517926376730976,9.785728305072308,9.447442063984836,-0.02024173943506665,-0.0959775647657675,-0.180724825001669
-0.17445312499999993,6.9917187499999995,0.7392230831250002,5.150762657211817,8.90973055756449,8.125774537968809,-0.20325345457609825,-0.1607875051082812,-0.1976903072202007
0.474375,7.255859374999999,1.7408507342968753,4.708399368084127,8.88593187003899,8.67459425192827,0.008111254005096772,-0.06534106706167969,-0.1510129066273382
0.353984375,6.652109374999999,0.4191449384375001,5.215912003763663,9.578610420190767,8.600490553371447,0.0692904879906509,-0.1251731399931905,-0.09779243764978572
0.6078124999999999,7.67796875,1.10058791234375,5.1934969760118035,8.895462533591125,8.17550197931261,-0.021425954988396553,-0.23687485900914337,-0.6001486764188491
-0.05906249999999999,7.41015625,1.51696623296875,5.005283058538622,8.749507931197385,8.58939774932273,0.30471063091978995,-0.047536430481467176,-0.15767719471802535
-0.32671875000000006,6.178125,0.11204862496874991,4.645810126705399,9.385366747462509,7.602040037708901,-0.025761378102923845,-0.0638290797928768,-0.261931947290976
-0.26874999999999993,7.019296874999999,0.40084261570312496,4.879276329539044,9.613620642056,8.637632009888728,0.22176362088445595,-0.21329679585321615,-0.25611418496945454
0.266015625,6.671875,-0.41105780098437505,4.857291287951121,10.02832837126283,8.93499661369089,-0.13998837438620104,-0.22170438997441724,-0.15328764289492183
-0.12007812499999998,6.8046875,0.014258814062499736,5.053724724165978,9.766779546751515,8.773081214844792,-0.06572253692199091,-0.26189088744289396,-0.23668368134313508
0.14109375000000007,5.510624999999999,0.06469664648437495,5.230584968835793,9.132365499112211,8.112800033003312,0.0141073130271723,0.09059266586980816,-0.002108031009615229
0.06015625000000008,6.456953125,1.400448406890625,5.01527556950622,8.435511020993497,7.079657334831399,0.14926490223550348,0.17362670059126292,-0.3368300886210727
-0.8326562500000001,6.9593750000000005,-0.10577051273437488,4.791326063245533,9.986887086168291,8.711110614890393,0.14767717488973722,-0.270341586206834,-0.26377826477485655
0.06984375000000002,7.029453125,0.5100182171875,4.888614320601078,9.012732513348976,7.861700539665695,0.23743167495717543,-0.019714345291916454,-0.07040584808611045
0.4803125000000001,6.535468750000001,0.8748945363281252,4.744336745251516,9.015346885604204,8.417155964300335,0.37022593284681266,-0.033896300156986144,-0.2928478320330339
0.918203125,6.993515625,0.6968723327343751,5.263748134883567,9.201237568752958,8.122137834071381,0.28847216196589687,-0.06283080553196277,-0.2976941459484169
0.5659375,6.53859375,0.4432997471875,4.926518870723399,8.848699033471583,8.20070280914627,0.1988681489918247,-0.010319614346995552,-0.17333826095440513
0.5452343749999999,6.059296874999999,-0.404566937578125,5.869389603703979,9.998461458487762,9.257384182409263,0.4813170268424608,-0.19235141089318775,-0.29804418896086154
0.25460937499999997,6.0385937499999995,-0.10619613515625004,5.150645727470693,9.081623851077566,8.346034610929525,0.34095953062442197,-0.06419718707226926,-0.058981367695536475
0.3140625,6.017578125,-1.005032726875,5.204630215836064,9.767190674179115,8.447437826597659,0.2874880931503807,-0.1555593509391703,-0.11982836305226167
-0.06335937500000005,7.214375,0.7943429549687502,5.156423978480591,9.317844670140998,8.424791783299774,0.2531032174052222,-0.29460126126177255,-0.4745533591988986
0.66859375,7.478828125,0.8952186351562499,5.352292402322666,9.198357497834001,8.012971366761551,0.3584869197680435,-0.17695296352512416,-0.28038024828350955
0.30000000000000004,7.1353125,1.344158046875,4.687228158784251,8.70134040837064,7.661420941408756,0.21008591680655503,-0.00590269963868995,-0.5364966580443907
0.7096093750000001,6.4903125,0.54896386203125,5.163867161939985,9.540309377967978,8.231858481836353,0.3544055817766035,-0.20837813068452984,-0.3591162525097803
0.48515624999999996,7.058046875,-0.25910581007812505,5.225282436202462,9.813222430300494,8.84764768500014,0.39829913732183214,-0.24602043683105335,-0.22122939589205565
0.6192968750000001,6.81421875,0.05437495359375001,4.423258340789653,9.071258234233465,8.220782962730055,-0.05647850074957583,-0.13269030452841565,-0.2919061977636398
0.1172656249999999,7.06515625,0.717728502265625,5.658260652969546,8.952572865555798,7.848385661916156,0.41430810127320206,-0.1661779758831602,-0.4554724500785042
0.11835937500000002,7.600859375,1.809697271796875,5.164155269944893,9.008485325248891,7.973081644038551,0.2007845974632236,-0.028496437835839786,-0.224039900524367
0.22234375,6.805625000000001,0.9821547234374999,5.220005610086635,8.456193343306136,6.991601467021648,0.5431365269090498,0.11476522518547641,-0.521463746714825
0.31265624999999997,7.3422656250000005,0.3492342159374999,4.963864340847354,8.99645722066155,7.544288003667105,0.2729884853372432,-0.1635764670532463,-0.40294797481055417
0.9335937500000001,7.322734375,1.2400901096874999,4.95908804846828,8.494859080905544,7.1681954009414515,0.5714541315912463,0.005234928207924665,-0.6382012679290151
1.0134375,6.842578125000001,1.3255364774218752,5.794065988888438,8.961937765322938,8.10143108969147,0.5231392791219714,0.026342692072582802,-0.6581292014180484
0.24601562499999993,7.0959375,1.97718501453125,5.267858219286644,9.286345523595045,7.437875557265344,0.5642950077054629,-0.18384355320750462,-0.7949685864030432
-0.14132812499999994,6.915234375,0.23101386984374989,4.696595071680545,9.041697155129027,8.244147112649168,0.3582768980058255,-0.03267327945577032,0.060898640523792444
0.31984375,6.371171875,0.27804667195312494,5.064971924955353,8.764683895210311,7.597214295311147,0.47189705695900414,0.029939984788905895,-0.5503437647082323
0.477734375,6.726953125,0.9090517745312501,4.9561051704633305,8.024720941272832,7.9106021631034675,0.4044622082007791,0.16285450506432095,-0.2804921772551961
0.7957812499999999,7.877109375,1.4305621396875,5.387692805334065,8.782372361756083,8.097756715975757,0.29149395121116106,-0.15935031104105027,-0.42104085460714974
0.87546875,7.072265625,1.1302760289062501,4.791611625306609,9.04593107898205,8.357080215313257,0.31309279251050637,-0.10127783007871745,-0.38014325555449124
0.629140625,5.808828125,-0.08193491859374996,4.674257298515413,8.616690709486965,7.31188084541852,0.4383716391256928,0.282478141534667,-0.2816260504106642
0.48695312500000004,6.627109375,0.8706381909375001,4.98860632444601,9.207625589045046,7.845093538375921,0.39850251090395894,0.08311202929304826,-0.4876813102974145
-0.09710937500000003,6.55765625,0.3247601714374999,5.052465696374109,9.118937239713624,7.86270652902918,0.6035956622003213,-0.09966775013370469,-0.3747213416881683
0.5560937499999998,7.149140624999999,1.56602076809375,4.676195073583964,8.96386252085141,7.678402753204473,0.3105774823425954,-0.13053334752714724,-0.4091895718631718
0.4027343750000001,6.4046875,-0.016067722656249922,5.0651693139956695,9.27995638606905,8.121926677990862,0.39417040727456387,-0.17786944803698984,-0.29581209958546717
1.198671875,7.7284375,1.8151241724999998,5.3785870837362095,9.25992739556276,7.870660197007759,-0.028118713122938357,-0.16381342551799824,-0.3971830971038684
1.12890625,7.625703125,1.7687298233593751,5.698764837989978,8.638627068615431,6.908712619283888,0.2635241427505302,0.07433228112512902,-0.5796944660348781
0.8171874999999998,7.099375,0.9669382942187499,5.168403999528651,8.384873447725672,7.523186574746356,0.5023736056263564,-0.07340748869922861,-0.6686970791533664
0.420859375,6.503593749999999,0.47245578598437504,4.772655842685979,8.907880967713979,7.841880241202443,0.39905575749486893,-0.047600415778416616,-0.345642074690155
0.35953124999999997,8.332734375000001,0.8699997251406251,4.078797283547374,6.899648962406954,5.211110161084856,-0.10815111489245686,-0.3894410105696865,0.24166700060348867
0.371875,9.658828125,1.2828665145312501,2.6573646925807903,4.628815423027687,2.934507768524557,-0.05971946736051879,-0.47036946787661205,0.033354790037187144
-1.313671875,9.564140625,1.633271224,2.1609553266053383,4.947997310677787,2.8238309267237627,-0.5653874601843948,-0.20892907507414335,0.889828472613626
-1.193671875,9.5459375,1.5485697025,1.7121303757553,4.254407537612464,2.4441454433298726,-0.23359224445112822,-0.21539765305834788,0.655331865249151
-1.2257031250000001,9.57265625,1.7137164000312501,1.6117748774612521,4.3241087384380075,1.963757077947332,-0.49475638947167544,-0.2348020511466482,0.9876298949361132
-1.28953125,9.558125,1.76872984753125,1.7164197200199716,4.399610911418758,2.246574826857437,0.3234432395357522,-0.14729935249421483,0.6386106647765998
-1.1328125,9.67015625,1.58411029240625,1.5184032204403908,3.7881472187054634,2.1452902847228894,-0.18449223190161357,-0.28621414890697283,0.8644714967224036
-1.0549218750000002,9.628359374999999,1.5542093685625,1.5372957161510872,3.438180336616974,2.2284058339637585,-0.16981924364598802,-0.2580134927245857,0.9550859695542625
-1.06390625,9.54015625,1.7996948625,1.3446608740537287,3.984014147262273,2.133739653893209,-0.3284366670776898,-0.24035731147840633,1.2401165303296455
-1.11265625,9.404531250000002,1.90067697034375,1.5652807677333602,4.112578619950437,2.3356184145840757,-0.6855906688053974,-0.2371061517758289,0.6358157860517033
-0.9289843750000001,9.713515625,1.6068818075,1.6815147746171781,3.6605192147605043,2.4127794947109042,-0.26538402459056853,-0.17772530375391374,0.4528938135191693
-1.536171875,9.578515625,1.883332299265625,2.6420831391553494,4.029185341403503,2.2396697199522633,-0.4539935906671525,0.1902226769260676,0.12713714389785302
-2.0603125,9.345078124999999,1.82161509184375,2.245381696915638,3.974730925659809,2.3622164541768043,-0.3996340279040954,0.5112061651547252,0.18111211112267486
-2.46015625,9.547421874999998,1.8019294393281249,2.498929140769289,3.656207744647654,2.8934782084180024,-0.9504230286508488,0.47778948544488675,0.18696346137005185
-2.588984375,9.443046875,1.59645371815625,2.4680897344415698,3.7218127216858634,2.5428549078447276,-0.5328282456649915,0.4078201874172265,0.00044008447736063863
-2.3372656250000006,9.436953125,1.6045407959375,2.64836822249916,4.05008228284349,2.7647010285583615,-0.6370526609695392,0.25467643812505,-0.13863656699156843
-2.5308593750000004,9.661328125,0.9043697966875001,2.428365585681985,3.6240493087614003,2.6916788417568314,-0.6813828431162126,0.03239559336879048,0.5321596281625551
-1.524921875,9.394296875,2.2103270447499996,1.9584109454852636,3.120214256363693,1.9647572272654192,-0.7959812396799216,0.4013001280851617,0.6354642906361749
-1.95171875,9.654062500000002,1.3705474949999998,1.95300133983529,2.7755225964840835,2.042407214300875,-0.2566244329704526,0.6323633976095764,-0.06508462323556612
-1.8545312500000002,9.546484375,1.5618708348593748,1.9916351869188889,3.178793400668068,2.4387734098358824,-0.4436088194451729,0.7910171215829355,0.015625244810144066
-1.8362500000000002,9.628046874999999,1.85098398671875,2.392895408809169,3.7472631801826695,2.8414613341696233,-0.9544846601678076,0.4536571639727345,0.15588133944157548
-0.0015625000000000222,9.1475,1.4571643875,2.9732319950003485,4.336496822032734,2.266291274412878,1.4721995320405288,-0.3191017305974633,0.3978092184590018
-1.498515625,9.479765625,2.0214511390625,1.2891397869823347,3.712858035101579,2.377877628269482,-0.5332019864826391,-0.2533795513318402,0.3755295713332845
-1.4035156249999998,9.320390625000002,1.77820024121875,1.292515467656329,2.89853260351891,2.453561146504176,-0.1645071001607484,-0.25485947600723685,0.7127792264854842
-1.417265625,9.287890625,2.174148006375,1.3039319832504146,3.3434858896497697,2.0604434088360675,-0.48006682016340085,-0.49532737005173094,0.6876028156659775
-1.31421875,9.351796875000002,1.759578679015625,1.3297806500127896,2.826353225003951,2.470026663705039,-0.944399655621738,-0.40684223017875015,0.5983981769088702
-1.266875,9.218359374999999,2.377176303390625,1.1493386345524979,2.976554419895529,2.3593504966331027,-0.28000667904358767,-0.4994487229655076,1.0904105797897516
-1.296171875,9.584609375,1.642848031203125,1.42034333497538,2.988970585320657,2.28948933291199,-0.5018985030753121,-0.7922227818271971,0.8096266010899449
-1.254375,9.528984375,1.647317195609375,1.217163550791347,2.4704250139916937,2.335411376957718,-0.5015580957218614,-0.5867844478802433,0.9917697206893237
-1.0508593750000002,9.259296875,2.2619353875000003,1.1408659179433005,2.6647924941475716,2.1297697132852322,-0.06174324921523245,-0.5443323889851339,0.7227236275028308
-1.1850781250000002,9.469687500000001,1.6599798719375,1.0892256395699123,2.511062069094221,2.6071194255233503,-0.6628974285348478,-0.5316755971557097,1.1692706146396732
-1.174375,9.173437499999999,2.350999707265625,1.2530935158139633,2.8649624881652027,2.2157085490456865,-0.7939341192888003,-0.46471191012763213,0.6301460551028304
-1.263125,9.4721875,1.779583563390625,1.3727702090572187,2.760640759378835,2.119853585821423,-0.5555420343881101,-0.6281693628562096,0.7331048678061524
-1.073203125,9.295234375,2.139671512421875,1.3716156836884865,2.9769728135420315,2.098491333363012,1.2029894302851514,-0.4771503490296675,1.0016401816517486
0.54078125,9.700703125,2.3130117025,1.9260450123630126,2.6937248211102105,2.055256606579047,-0.6318870966244724,0.4879125344052817,0.39646464725719543
0.22179687499999998,9.484609375,1.8924834706250002,1.5548213490591885,2.20477567677805,1.8291841288322503,-0.41879503001647506,0.26097200657949166,0.16510950452637008
0.49226562499999993,9.679140624999999,2.150844431015625,1.7551550033240253,3.305573897634813,2.214487506742133,0.21144521260886925,0.6173141959639623,0.09360517074121735
0.49359374999999994,9.599453125,1.992614309921875,1.4390186186984995,2.5612363678851926,1.9327103456992558,-0.010023565295804358,0.6312960347809992,0.2016209286791905
0.19179687500000003,9.521406249999998,2.084126027109375,1.6117994765138233,2.550993291339853,2.0516355250294604,-0.49382010130979576,0.5918553850030783,0.36543565201221534
0.528359375,9.667578124999999,2.177978719375,1.6818599160154837,2.4556970580206925,1.7795679723386417,-0.44333204659837705,0.7000169295791611,0.09255114153686836
0.14585937499999996,9.49640625,2.1051950045,1.6011477950128807,2.805120522804847,2.097956223849989,-0.14481524169960977,1.207119869335679,-0.25223232076765767
0.180859375,9.610546875,1.7120138683437498,1.5634732105874438,2.4559345562693102,2.0207330019345466,-0.3203639577367302,0.07757454583658792,-0.06249069286574413
0.5487500000000001,9.495859375,2.4614522269218746,1.4281281455107593,2.8190181489260775,1.9460279985954916,-0.30083611009956257,0.830954902859744,-0.45991644869178205
0.1940625,9.580078125,1.9332381094531252,1.5548404447382214,2.5244700855123012,2.1724673183700562,-0.9983196520138075,1.1200145400450412,-0.056409436676619476
0.09781250000000002,9.643515625,2.1803197172656246,1.7495436625999792,2.7310107417640928,2.3246263072151883,-0.47581624146826357,0.5583942673126513,0.3171961096445063
0.47539062499999996,9.4484375,2.476030238015625,2.113749224698169,3.7422604377025595,2.808433889828671,0.2898340065151224,0.46088391972799564,0.6249363437334622
-0.520390625,9.648828125000001,1.55846572765625,1.3241709684410503,2.8323410207739785,2.051291189669113,-0.027235533677668764,-0.787276000032641,0.9873845126224227
-0.7390625,9.368515625,2.061460899296875,1.2428894243229163,3.4370458995161615,2.304302210090931,-0.4726302894710901,-0.22453019917495873,0.8178614709179161
-0.62609375,9.530000000000001,1.75181081690625,1.2871105202005528,2.880540042682969,2.4563590784400846,-0.8142953490657906,-0.645320871882141,0.9057983065779402
-0.6986718749999999,9.514687499999999,2.1277537059375,1.1492554458578754,2.9476725292752164,2.0484484478411944,-0.66639199531705,-0.6491295343214657,0.4413134631882009
-0.6312500000000001,9.29046875,1.8542826507812502,1.3488392000160732,2.652271685324382,2.2881188121149076,-0.06125280995040375,-0.5795031751962533,0.7573493746817871
-0.6696875,9.295781250000001,2.476349453828125,1.0362552303094783,2.8886452299734624,2.266865303705024,-0.16916045928924345,-0.6382923683564383,0.9375613100017877
-0.508515625,9.566171874999998,1.556124731328125,1.1678948006480976,2.506126905048702,2.5665016969386674,0.014460786481000474,-0.6557343294393416,0.7380857649568275
-0.511015625,9.387421875000001,2.1110474847656246,1.0212169822108617,2.528362008696833,2.1127772149460142,-0.7939617394801506,-0.7005037076516726,1.0287819310729684
-0.66015625,9.45171875,2.1358407855625,1.2420094506830202,2.3163272752135953,2.4351513021936673,-0.47763500512132767,-0.8463028531845163,0.804848043751051
-0.52046875,9.096171875,2.4519818340312503,1.2246963012410208,2.622370743088968,2.179983405184948,-0.5898977803090636,-0.6511189712481599,0.842159832285598
-0.501328125,9.592421875,1.7878834559999999,1.3984323651267458,2.199259373237155,2.474356557940917,-0.30833759301309016,-0.6868910721792918,0.6435705020678827
-0.41992187500000006,9.325937499999998,2.279705705,1.154951633249845,2.952220149073194,2.055296499735008,-0.4025471635396189,-1.0105729374786587,0.9204421039158129
-0.5234375,9.487578125,1.8419392087968751,2.009517758342471,2.9204758671784092,2.424462856449833,-2.0880940435680393,-0.5604078389468523,-0.26986627276825265
1.3636718749999999,8.9015625,1.607413855625,2.9085101080422575,3.708273570152794,3.12380118955763,0.9837802335790944,-1.083344518077916,-1.2241673718167267
0.47843750000000007,9.600078125,2.3036477317968744,1.6232261652627924,2.6275548567340103,2.0308170901231324,-0.44443523885500097,0.8029445160825394,0.14009948360157137
0.21843749999999998,9.546171874999999,2.29811444084375,1.592388358282536,2.4837166961449095,1.9094559588841418,0.007837665669905338,0.7496043125142707,0.6123805619447323
0.02617187499999999,9.674765625000001,1.93983546396875,1.417842838331874,1.934693517735654,1.8738334650124207,-0.40195794918898253,0.43868380871847773,0.5261940221121355
0.436875,9.48046875,2.5461537388281252,1.7613177550842438,2.327641261615165,1.6763092335382677,-0.4870934027876268,0.8430567970169882,-0.08114080638209904
0.20679687500000002,9.598984375,1.854921111828125,1.6832664179327748,2.6592764640510507,2.351922382028478,-0.703254869410642,1.152588300086464,0.3954848651841938
0.37250000000000005,9.586796875,2.530937271171875,1.6634452200177798,2.6775551271150766,2.0226807086163485,-0.8348182303672225,0.8680772315455023,0.2479145573593615
0.260625,9.694296875,1.822572766875,1.4631001706564728,2.220083642707012,2.109429184756246,-0.23758479191244453,0.5047851295102972,0.5949176492251625
0.349296875,9.6828125,2.08540292046875,1.6051884544704507,2.4146994305386644,2.156425855277856,-0.43601610856244283,0.47447904335314217,0.19212378344312062
0.49156249999999996,9.538984375,2.3102450681562496,1.561277240304793,2.3624675394078665,1.928999121263049,-0.2848858279675524,0.6601059810711445,-0.27518383991127815
0.12390625,9.586015625000002,1.9158934471562499,1.4950194576362332,2.3958040599151382,1.942205348260902,-0.30293258072429674,0.936736050147944,0.18364133968917049
2.4820312500000004,7.938515624999999,3.9918965187031246,2.5834462083665373,2.5476564260867005,2.391549160373691,0.014245589393074092,0.7258586211213433,-0.4253038139192462
5.5639843749999995,5.41015625,6.456249999999999,0.11895600449687009,0.11041105282505687,0.09714679613862715,1.577372585801297,-0.046199226099880385,-1.745440461397497
5.905468749999999,5.387734375,6.21609375,0.1488595152263956,0.10931044411838865,0.10935345769996269,0.5429783695962375,1.3295279535363784,-1.5633810086366122
5.897421875,5.426484375,6.210390625,0.2146444956701298,0.24818588624428134,0.16448025310689854,-0.21288094257776125,0.3684598108621602,-0.1987744898243887
5.823828125,5.35453125,6.324921874999999,0.13160144075573185,0.14689951590606926,0.13896939913694806,-0.11939174732841884,-1.8840175436778437,1.2600130840587804
5.708281250000001,5.380859375,6.368281249999999,0.2255310031867848,0.20714965658820042,0.20648512875855607,-0.9196197355766107,-0.15669455283478925,1.1787347862031952
5.376406249999999,5.098984375,6.876484375,0.1356623472483706,0.1596276910684965,0.18354831552171585,-0.13486868253509035,0.03807785577400617,-0.11773311191997525
5.242265625,5.000390625,7.096640625000001,0.023592068441732266,0.01787116845954313,0.035735078698799355,0.12451554080677342,0.7214600909591614,0.27857407484821095
5.2465625,4.982421875,7.150546874999999,0.04970911479547802,0.06060561666615038,0.05228092078124073,-1.0390980639225689,-2.7137504592577972,0.44332983656247393
3.8671874999999996,5.7524999999999995,5.542421875,3.986254495430987,1.302850240818184,2.2849787150587386,-1.7094986615454577,1.5993669366242054,-1.629950380625361
-4.935078125,8.46859375,0.23640624999999996,0.5369226493606731,0.38893832732315997,0.5896645423127777,-1.4260083897100524,-1.8795319252931373,0.5990600333621565
-4.798203125,8.529921875,-0.107734375,0.5426950018106251,0.39821181567914876,0.43255096311690183,-0.9242394263729458,-1.2786282450586754,0.7751304673145184
-4.636953125000001,8.604375000000001,-0.35421875,0.14429547914863577,0.1141664765813502,0.1375943390857251,1.3865707281264725,0.43052628745152105,0.5642945957244974
-4.7690625,8.53390625,-0.33906249999999993,0.3039234008656622,0.21393717818775093,0.3379890842819484,1.3538315916329093,4.841371588496043,2.8779658447512686
-5.0113281249999995,8.439296875,0.012109375,0.1570597572071991,0.1344327410463476,0.17013621538963825,-0.05593357549023344,-1.247044875256687,-0.8477067463767097
-4.8325781249999995,8.52375,-0.0775,0.2468116883810092,0.1693830717633848,0.20717972270470872,-2.1100726032327186,-0.016560366496178532,2.448301623517777
-4.996484375,8.391328125,-0.154609375,0.13062703254249997,0.09631792322296194,0.1113475860183299,2.277212677215955,-0.2263486863023858,-0.6289159449485009
-4.974140625,8.409921875000002,-0.19078125,0.1272272041452195,0.09574131890925872,0.11201708418110828,-1.4038130349673013,-0.8799891307094327,0.2715556126350995
-4.96328125,8.411562499999999,-0.192578125,0.05808277195896801,0.06420715375836245,0.10189797358870478,-0.4578183906730307,0.14184741425690783,0.2792090247317326
-5.055546875,8.37296875,0.09679687500000002,0.20376843702530176,0.15416285714606326,0.5156275508933114,-2.0232218553865753,-1.4714463444938384,1.6254760161297217
-4.901796875,8.466171875,-0.1953125,0.09239380385195956,0.07117453343004339,0.10558569904939778,-0.9399599793902264,-0.38194104468754025,1.0043693785698784
-4.90546875,8.440390625,-0.24445312500000002,0.33268758659354497,0.22041651744392785,0.2204711169920776,4.361974653374004,4.005766330156249,4.068035905819362
-4.847920792079209,8.517029702970296,0.14940594059405943,0.4926535883179386,0.4315262908697371,0.7783987394571447,0.23738531412263245,1.3011174153926843,1.800678567387342
