8.0075,5.6976562500000005,-3.8496875,7.142644162003312,5.854490995751547,4.624733765563565,-0.066957845069609,-0.11673896244540877,0.5538847071145009
8.143125,2.55953125,-7.24484375,6.926992464942849,6.270490020147822,4.279790441784029,-0.24999096390931339,-0.7006721503725841,-0.004380462143368749
7.86390625,1.4449999999999998,-7.72359375,6.4791754435816085,5.9941085659170374,4.238296520709817,-0.3567931545712601,-0.4370159784634083,-0.20419220006783106
9.43328125,0.11328125,-6.005,5.91566380855931,6.290180605189205,4.561091220859324,-0.22496529330115148,-0.11754344254210602,-0.01233709293310921
9.7378125,0.06296875,-6.3471875,5.488818596915346,6.225707459720817,4.693033889696915,-0.2210473473786715,-0.16039850792204227,-0.26654461858219614
9.37171875,0.18953124999999998,-5.91578125,5.712044444277236,6.795977079697476,4.551462266640078,-0.09054898657539166,-0.22372631619642402,0.41792032066169243
9.481718749999999,0.1975,-6.22828125,5.795192661456428,6.513240360987763,3.7559413578220893,-0.23295757651444585,-0.3890761243848108,0.13778595469439495
9.786562499999999,-0.13078125000000002,-5.95484375,5.119432408343111,6.275589440614199,3.828917924895484,-0.13364720878448882,-0.346615318683406,-0.1099275725471856
9.45640625,-0.4859375,-5.5434375,4.997636743748083,6.111981245561356,3.6009400763680794,0.07476312397340716,-0.18670060894824628,-0.09837916474678482
8.91734375,0.21578124999999998,-6.328125,5.687347866698145,6.156324949972056,4.246922369125082,-0.13470859066714705,-0.13630889151423292,0.4879760869293284
9.4959375,-0.21359375,-6.00640625,6.123274174907878,6.937558866233925,4.653103926140156,-0.11942649356788711,-0.2991738669021876,0.21148993035383035
8.5721875,0.25187499999999996,-5.74828125,6.076086957478781,7.157146313956073,4.706074716087542,-0.112123229952945,-0.28590865390599535,-0.13151618973931475
9.01484375,0.2935937500000001,-5.7434375,6.015424702428411,7.084081267000043,5.094645233830688,-0.13480197299752175,-0.0597867900141138,-0.029752038373848065
8.915625,1.0809374999999999,-5.876875,6.017458681567743,7.112555517962145,5.388149286570947,-0.32712419863380415,-0.03122626923139846,-0.13940049610287242
9.58953125,0.20781249999999996,-5.11125,6.133622611701297,6.972686773392574,5.280641680941815,-0.26268323709466973,0.09625859882964809,-0.11327753799051295
9.092343749999998,0.10343750000000002,-4.40234375,6.189274175485841,7.594747201756866,5.712372192822867,-0.13925227757877515,0.0863629029832232,-0.019112930340415092
9.0703125,0.57859375,-5.658125,5.876301975081247,6.30375207396047,3.957901856966011,-0.23986510313903192,-0.19958290242187762,0.44737366279253554
9.18421875,0.7639062500000001,-6.78171875,5.893248468769023,6.604133321542725,4.0932251780714966,-0.15684074540332635,-0.560246305261328,0.31251962547668904
8.55125,1.1665625,-6.19296875,5.581606931475917,7.308253300795872,3.6543547137659522,-0.1922048957992881,-0.8702895875087593,-0.0019550195041912804
9.037031249999998,0.8367187500000001,-6.03328125,6.038877089246265,7.267034955599047,4.107516378043846,-0.23353550361567793,-0.3879173147098577,0.5727529399055812
9.0346875,0.6075,-6.00640625,5.853144712660344,6.808526593544304,4.569993971271837,-0.1748409666852113,-0.3265483269703471,0.6132564329279043
9.26015625,0.6200000000000001,-6.398125,5.864950312073065,7.267744448933246,4.438513924657103,-0.21835708042691993,-0.5118036241142667,0.38313418063522064
8.69390625,0.54453125,-4.8553125,5.905366896197978,7.499079928916176,4.751666473706225,0.05202064800109045,-0.1648275338059552,0.43254791755360955
9.2015625,0.2565624999999999,-5.86921875,5.877417645836796,6.788471896059801,5.174904982427063,-0.20042503356767594,-0.181017573977819,0.6857841560270189
9.394375,0.10343749999999996,-5.275,5.819918619222695,7.133282952721962,4.835654363682334,-0.2174887417944544,-0.03412495243990111,0.5398791214430522
9.5003125,0.03453124999999996,-5.8032812499999995,6.081236245809214,7.40378955537456,4.9932113460075405,-0.09530106392186498,-0.05096165725187936,0.29845342163969496
9.2765625,0.4434374999999998,-5.00046875,6.345228576150252,7.661728186812278,5.55422767743396,-0.07169333942990787,-0.13626213093940065,0.43945904748156356
9.3546875,-0.27640624999999996,-4.541874999999999,6.199233059608563,7.301984611902502,5.423820976431191,-0.31520425420927295,0.1858994560984987,0.4283954203357207
8.877656250000001,0.34234374999999995,-5.84671875,5.042190664218871,6.104323964972365,3.8038295073384187,-0.20045075390641726,-0.3303103011541776,-0.3641385988468039
9.455312500000002,-0.014843749999999878,-4.7625,6.011374106836452,7.505214852060262,5.688860826211166,-0.235980933377376,-0.1310052791788366,0.9835580180681318
9.50109375,-0.08937499999999998,-4.90578125,6.622317644994911,7.84081586057057,5.526423969408105,-0.442839811979308,0.04567555694456011,0.16165441898806343
9.83828125,-0.35874999999999996,-4.77953125,6.349844376707074,7.3174138404562035,5.604088749990799,-0.5069041229536645,-0.016094433935056208,0.4033894135587638
9.648125,0.26031249999999984,-5.602500000000001,5.795999394787321,6.76318318377846,5.064710011441918,-0.48204871515435216,-0.11849563317661187,0.9160130259568345
9.46859375,0.2353124999999999,-5.158125,6.957276062509015,7.681793200636409,5.736658400966106,-0.2849078257239553,-0.1734740139736107,-0.040477070054163115
8.968125,0.22046874999999996,-5.5523437499999995,6.694188448525706,7.796410317753513,4.892757000846858,-0.21766358861813462,-0.10529514624637708,-0.07471305523182586
9.833906249999998,0.13109374999999995,-5.071249999999999,6.933656281408168,7.49864156805824,5.122328114490519,-0.3831031291616828,-0.06717161989358876,0.43831845143648107
9.27375,0.4964062500000001,-5.026093749999999,6.372688674139041,7.606178485117275,5.755936776816693,-0.3338077926801681,0.0690032721334293,0.2908773409754918
9.27015625,-0.11593750000000003,-4.85859375,6.9275605582402475,7.399044220106658,5.334188336566393,-0.20624044084219026,0.07060750393674849,-0.05552979766362731
8.904375,0.32906250000000015,-5.79625,5.897218325988534,6.794831151036334,4.860414880696914,-0.2371778331978973,-0.30807076652418736,0.09018148490261495
8.91546875,-0.025156250000000102,-4.95765625,5.8862591393238395,6.711572094195661,5.356554321047807,-0.17337782178518465,-0.056015188391608815,0.14977459337606397
9.5209375,0.11296875,-5.709218750000001,6.742218597842534,7.387697053143384,5.245683733046478,-0.42328991274540784,-0.2080098111959411,-0.11990163535434603
9.147031250000001,0.82484375,-4.8771875,6.554910058423642,7.510919133207729,5.457723159875714,-0.2504619321962352,-0.21306811428321654,0.212919028117469
9.1815625,0.4915625,-5.27921875,6.475670626166355,7.387505545418816,5.275672440755628,-0.1886864137408295,-0.09792709984989206,0.3004942139195498
9.408750000000001,-0.005156249999999987,-4.07859375,6.729111312981826,8.035130286783527,5.847008547963731,-0.32904925637315885,-0.05148276157201558,0.17074555550029819
9.623906250000001,0.31281250000000005,-5.04109375,6.620448346125127,7.326309283318835,5.425776187902606,-0.355153927472037,0.09633706170329652,0.4244170437896635
9.584843750000001,-0.026875000000000066,-4.819375,6.884201794731611,7.5683233519304,5.8960298811467196,-0.2738122667575877,-0.12112009285806878,0.5347249278178461
9.241249999999999,0.12484375000000003,-5.470625,6.4118994601833865,7.494263637982449,5.323429015622825,-0.23169675093515013,0.13342151486202894,-0.22729312216467984
9.32640625,-0.3717187500000001,-5.050625,6.069096505861555,7.760817159513451,5.338483479357691,-0.006991407728361047,-0.10437352833446936,0.4309784423992886
9.71640625,0.29015625,-4.8940625,6.189021370334807,7.086049783771346,6.054621870612049,-0.2098736836064768,-0.1000430762998579,0.49806978165670696
9.20625,0.4917187499999999,-5.12109375,6.948703903426883,7.664343488414284,5.678261484927489,-0.13240240110905674,0.03972363071499309,0.4863686797740251
9.83625,0.1526562499999999,-5.4,6.866324640045794,7.531476499122595,5.293704102516498,-0.38950999594348273,0.14261325651077542,0.31357369782587996
9.54328125,0.7165625,-5.000624999999999,6.08683699025187,6.727580643039053,5.839393663675621,-0.30576604104003796,0.034591433858451606,0.646070400626271
9.208437499999999,0.5479687500000001,-5.49625,6.052015991270491,7.474761739448518,5.535474657831974,-0.11046079072444429,0.07097972038815105,-0.20576974695151656
9.86078125,-0.75640625,-4.748906249999999,6.682107944140714,7.3724704066860065,5.464051014696965,-0.3749132211422374,0.14289226845925404,0.34907407935427437
10.0846875,0.2934375,-5.23421875,6.655560402952087,7.244137331911492,5.05174252260034,-0.4551632049452388,-0.019424803282104292,-0.033857431732573516
9.47234375,0.09656249999999998,-4.900625,7.125933215680311,7.67644127728427,5.387237196316401,-0.36602152912075153,-0.0910824122134181,0.0468178563247051
8.9834375,0.17843749999999994,-4.6153125,6.589980135295838,7.71356257241709,5.4265504606834485,-0.22912743546400097,-0.08835289479950317,0.07056255432441272
9.94625,-0.16140625000000003,-4.428750000000001,6.327154894776957,7.488700418628117,5.707332317948553,-0.3312194029844034,0.08472236047949595,-0.07877785427622132
9.268906249999999,-0.1115625000000001,-4.1275,6.556293283266921,7.16803477660326,5.654287366680261,-0.11674598949101542,-0.09095312866578097,0.09526474489719043
9.6015625,0.20687499999999995,-4.53703125,6.35262672511094,6.991818181587319,5.914414510247268,-0.4550660397763469,-0.02275177078329756,0.3929480298042337
9.6146875,-0.2606249999999999,-4.5759375,6.019015432555706,7.316861920206981,5.8621851511269885,-0.13550154093570735,0.06944701244708017,0.27123191087378923
9.71125,-0.17031249999999987,-4.53859375,6.7041315386483875,6.862286191739875,5.072906239027185,-0.6293820080029986,0.21006882473103608,0.010831958090424391
9.7575,0.26750000000000007,-3.545625,6.2597711120295765,7.5494923256468045,7.220743961627154,-0.21470381532255983,0.22135533043922445,0.4124743730153298
9.387656250000001,0.568125,-5.49046875,6.899157045924954,7.182171040804793,5.580809033444294,-0.34932948353382,-0.04793240198626175,-0.024723901281374923
9.0121875,0.9626562500000002,-4.68546875,7.005474303346187,7.133423801502049,5.419522848487073,-0.1437024808784773,-0.11625872424769816,0.5139100010535383
9.3646875,0.3209374999999999,-4.35328125,6.7908833576600145,7.996068901097199,5.776589081880278,-0.34339893414663397,0.1238115329268605,0.41675037510197044
9.82984375,0.65578125,-4.140000000000001,6.839731009921804,7.447204342211139,5.615097394524872,-0.4110595110412553,-0.3391260730278577,0.21256949272199815
9.2990625,0.56875,-4.875,6.516799616843666,7.483372505929395,5.590201807627342,-0.21349448429753787,-0.2052919446695065,0.23951615310483504
9.370625,0.22328125000000004,-5.47515625,6.390391927290142,7.222948898884613,5.521446253074092,-0.29358490570077034,-0.010403441805101317,0.39983894692124583
9.702031250000001,0.255625,-5.08953125,6.482018922490387,7.59616347963727,5.418232365612741,-0.42474623931353145,-0.031130242088426525,0.6675371864065057
10.00015625,-0.12437500000000001,-4.209375,6.922858308754119,7.707272717010539,5.977751948632111,-0.42435021932734723,0.14718083932639367,0.41788800631194556
9.1484375,0.6699999999999999,-5.07609375,6.844488252133519,7.372446803809439,5.532104204433511,-0.45133526048609107,-0.023331337859163224,0.25542999933538496
8.5784375,0.9282812500000001,-4.68515625,6.752427623351009,7.343338510745534,5.109970031769848,-0.21446932079707043,-0.03800789170626054,0.3444606559242683
9.159218749999999,0.62109375,-4.8653125,6.168772746839394,6.966100082988396,5.559603450547867,-0.2724064753829698,-0.2346062674131119,0.319816047349482
8.756406250000001,0.41703124999999996,-5.25296875,6.921792661403615,7.539022789727024,5.249488867882609,-0.1386995499804733,-0.057948889430346144,-0.1730842774341015
8.97,0.725625,-5.53484375,6.379578992770604,7.181209611505223,4.572776437853259,-0.284644823461526,-0.19841182658313675,-0.051964090249483334
8.825312499999999,0.42046875000000006,-4.99828125,6.353588299326905,6.98307875100757,5.2742717372542,-0.07820461066390604,-0.21294334242380006,0.4890330084659297
9.30109375,0.38328125,-4.8953125,5.986871866109291,6.5738834733282605,4.718951144305666,-0.17923365291384888,-0.1054586597986318,0.3591495243912662
9.162656250000001,-0.010937499999999933,-5.406874999999999,6.367183993480629,7.2518441014057755,4.623069487296833,-0.3267360750544577,0.09958353036053591,0.30423673837382686
9.51984375,-0.4446875000000001,-4.62859375,6.677155666006742,7.852980120778592,5.001041724977001,-0.28492130862420745,0.007844062034930153,0.30662347540205664
8.725468750000001,0.3435937499999999,-5.66171875,5.6210727761943655,7.244491305292659,4.669303198379651,-0.13530355788512624,-0.22877760162851732,0.3787716864949519
8.684687499999999,0.73265625,-5.199375,6.166788053950269,7.190506597718685,4.117466937860582,-0.1942667463761308,-0.28373718461429986,0.7247771461654836
9.09546875,0.0896875,-4.783906249999999,6.267616903997359,7.025858259127047,4.588215413285534,-0.29441024901442775,-0.0957595175076554,0.4315598897705847
9.785,-0.018749999999999933,-5.92796875,6.648584435802857,6.740823044146761,4.925831522344571,-0.4053524936675886,-0.09308429355048833,0.3954437044806989
9.3878125,0.79,-5.52484375,6.010183407338228,6.927059260609801,5.592710655450175,-0.2379125012103915,0.06363220775638885,0.3694898577171553
9.025625000000002,0.8990625000000002,-5.37375,6.000616862821271,7.286234606852414,4.843784516006054,-0.276175309837306,-0.38113492433827056,0.4463025266266647
8.733125000000001,0.03843750000000004,-4.929843750000001,6.071590574913216,7.391603390577294,5.184920591299923,-0.3992193686357327,0.02206260009235853,0.633593832142825
8.99625,0.35124999999999984,-5.54421875,5.4730725774011075,7.226091504921592,4.187195438434709,-0.3533781831981367,-0.3779033977220792,0.5770921001987314
9.024687499999999,0.26656250000000004,-5.682968750000001,6.363479533819823,7.450697160910095,5.377748041608442,-0.2538767994059561,-0.169130204990468,0.775230353756058
9.1425,0.2187499999999999,-5.5482812500000005,6.139711923209426,7.032989118255481,4.66449506735707,-0.2641012080261857,-0.06099412779687844,0.28238780900988186
9.6759375,0.29187499999999994,-4.7339062499999995,6.437452844184084,7.027753880819604,5.663990316350385,-0.37184966904915306,0.005304914054360346,0.6641051799109805
9.88234375,0.04968749999999991,-5.426406249999999,6.761871214341186,7.621937903338216,4.634487689859682,-0.5164627409908459,-0.044115432185912164,0.44623255856744215
9.59328125,-0.2375,-4.47703125,6.558060416075658,7.527768178550665,5.35692241394473,-0.38955779244718886,-0.0965810887255945,0.39245129347814767
8.84484375,0.43546875000000007,-6.394375,6.064894112891497,6.96021886547208,5.224972749629896,-0.13922628480082616,-0.17084177981775822,0.18839952703864055
9.14609375,0.17250000000000015,-4.811718750000001,6.170326575936717,7.002802787098892,4.829184246163988,-0.02856085027073023,-0.3543392334613624,0.18292669011801765
8.55171875,0.8009374999999999,-5.02609375,6.395925352003292,7.6346827289085,5.898459708153556,-0.08972542482530083,-0.36478642831487346,0.39717634743994046
8.30796875,0.54015625,-5.4175,6.4092538517774,7.909255751212369,4.651514202386143,-0.22925843962766196,-0.03415788409874989,-0.11509282765126927
9.5365625,-0.49781249999999994,-4.45671875,6.3678951140540745,7.528235074693387,5.615729041798441,-0.3974097356157292,0.11906697702573248,0.15485732505169636
10.16703125,0.06937499999999992,-4.97140625,5.781505178067684,6.844763480893624,5.04320330593175,-0.4615528246512217,-0.05687699034925483,0.6369044725385482
9.404062499999998,0.6812500000000001,-5.251093750000001,6.021072298278252,6.911778104257977,5.249200866914023,-0.18111991030276942,-0.2702732880853164,0.3697988093946388
9.65609375,0.010624999999999996,-5.195,6.635171111486948,7.04531956226082,4.842885245388331,-0.2843879682908219,0.031045168855568295,0.28396158557012313
9.42421875,-0.5374999999999999,-4.940156249999999,5.958922879988332,7.2163601022260515,5.1131251122074,-0.19332101503763285,-0.0419241561717365,0.3465801506158859
8.6909375,0.5615625000000001,-5.89609375,6.072553190058836,7.306840805614541,5.330962218841073,-0.2128342598213634,-0.029744660315283965,0.07158473456616117
9.08171875,0.3870312500000001,-5.4728125,6.412423380314063,6.889697852520344,4.844662484615801,-0.13665818482278072,-0.050078896136469944,0.3643127267045903
9.0865625,-0.04390625000000001,-4.89421875,6.740453948629406,7.0270576651050005,5.219727544580123,-0.0868726520142442,-0.1396503413430127,0.5586958466961124
8.680937499999999,0.226875,-5.1925,6.282313645950332,7.0281402845543,5.929749678527754,-0.10752108681370602,-0.07191903316296669,0.3002260421848398
9.5290625,-0.5414062500000001,-6.02734375,6.612740713659787,7.679645960912582,4.733148807277871,-0.3912474026106795,-0.0338381565452803,0.3499984513865314
9.061875,0.16734375000000007,-5.31515625,6.1219025012143895,7.089819118414513,5.0952566766146274,-0.168494892531856,-0.2500269296640892,0.474119041956202
9.7265625,-0.57375,-4.9790624999999995,6.523592333491858,7.578593310272033,5.296750394920809,-0.13435570450971834,0.024386668241467787,0.411939689093589
9.0346875,0.2279687499999999,-4.4634375,6.102948562157783,7.426694499339758,5.137912458732023,-0.10641880883319206,-0.3435060200235995,0.06629890116401153
8.747968749999998,0.82296875,-5.865625,6.1103110036661334,6.911825844089493,4.344232482196942,-0.11669505517211122,-0.37133032689206436,0.18909726045562036
9.38359375,0.23140625000000004,-5.255,6.115951062382771,7.3359863999302055,5.35965367351287,-0.24806067694340023,-0.17039300751544312,0.49186001825953735
9.148125,0.5112500000000003,-5.589375,5.880685247858025,7.014617216035384,4.131999317446096,-0.29056514865687477,-0.25278943509182933,0.5890114898034231
9.19578125,1.1876562499999999,-6.051406249999999,6.323249215367716,7.074817741068383,4.6101887390822665,-0.308328800063486,-0.4245837123169345,0.6259598567927547
8.85875,1.12015625,-5.84578125,6.323824619049773,6.782098793005447,4.018699962630755,-0.047720540428760234,-0.17308728646157093,0.5595625595771503
9.093125,0.65640625,-5.79171875,6.11462306560061,6.669926060119478,4.639139048185389,-0.3818965047860568,-0.2975447348674338,0.5386273660223251
8.9865625,0.9212500000000001,-5.539843750000001,5.6178346636932766,6.75215625282028,4.016836633233413,-0.37498689765490795,-0.5671088009712771,0.7410601120028646
8.955781250000001,0.2834374999999999,-6.04703125,5.686345983111512,7.074463588046358,4.704931481862774,-0.47269710630559897,-0.1522536208869376,1.0573340942501863
8.38859375,0.8557812499999999,-5.4896875000000005,5.63798830124371,7.107967757358529,4.616663083585778,-0.2813853162346934,-0.47037880943325666,0.731567072739832
9.120000000000001,0.26984374999999994,-6.22671875,6.1166529859065895,7.001353104085377,4.088899628371726,-0.3495751239288815,-0.23460552506436894,0.5722917245142347
8.466875,0.20640625000000015,-6.41578125,5.694480023178148,7.101586171233926,5.1740508805623895,-0.30649434939876113,-0.16164011907471665,0.8183696755446405
9.0628125,-0.2554687500000001,-5.86859375,5.969468273208574,7.107671895935647,4.100439712391945,-0.01133413020086053,-0.31732270630907883,0.36816956645205734
8.83203125,0.40203125000000006,-4.8715625,6.541098001216878,7.612377704208025,4.536846102590847,-0.2513801860607507,-0.10547993105065888,0.27128405634365926
9.0953125,0.4140625000000001,-5.5715625,6.124522167266908,7.059782379513815,4.590387449180488,-0.311442497398869,-0.2709248663219639,0.7197353522923017
8.34046875,0.4140624999999999,-5.41,5.928530179797808,6.958200584281381,4.33521842010296,0.07246568486654921,-0.3606166559020278,0.49847292419119
8.936093750000001,-0.13749999999999982,-5.90078125,6.447328326811885,7.870688899327682,4.2811692710226295,-0.38623990205421405,-0.10694026048900056,-0.042696336004407136
8.813906249999999,0.1853125000000001,-5.82125,6.158941065939091,6.717815392844891,3.385018232964189,-0.04487963922003946,-0.3344089937783931,0.5531549285264658
8.962499999999999,0.7307812499999999,-5.9228125,6.055904401903979,6.870026906945011,3.9641339173700665,-0.15274514117288482,-0.46679652765342233,0.47164836402320326
8.90828125,0.6753125,-6.174687500000001,6.026547403646505,6.683348938020799,4.335603320455384,-0.16144380726559915,-0.25399763349015314,0.351526137600421
9.537656250000001,0.16140624999999975,-4.831093750000001,6.3027270244185525,6.920778918225963,5.784624317205997,-0.1815797313798149,-0.25502304323663094,0.6642400388430927
9.455625000000001,-0.11437499999999999,-5.3226562500000005,6.431120352191755,6.978304296845689,5.494817797874279,-0.29969034887010515,-0.03597106911196777,0.7422846206818049
9.467343750000001,-0.17671874999999992,-5.71328125,6.13887974363694,7.048825047190378,5.396392908313704,-0.25228285978570114,-0.19593377700102832,0.2391013412882333
9.51484375,-0.0865625000000001,-5.6325,6.294743092500752,6.835442610657612,5.067407497922384,-0.2432175381518606,-0.08037835637531969,0.41949462024041395
9.44671875,0.8678125,-5.81328125,6.399313453089983,7.2855558017109265,5.229728140247678,-0.2844559399792808,-0.22897196551302693,0.4522156670564583
9.3440625,0.23890624999999993,-5.249062500000001,6.460622725101176,6.909791087016375,5.146304110339162,-0.14003880135233715,-0.09774004926259945,0.3000622244587872
9.04375,0.48328125000000005,-5.635937500000001,6.170046216399031,7.15735876884053,5.297939374992295,-0.28423082125161936,-0.11269503554703716,-0.28133588392274345
8.984375,0.58390625,-6.143281249999999,6.0911490282519765,7.094464307029174,5.2474693468279,-0.3077278489219742,0.1375265068114726,0.5057517519383355
8.664375,0.5479687499999999,-5.2954687499999995,6.465810292173364,6.8396226549074655,4.332767205294261,-0.20953360139302696,-0.31049728119827896,0.24470605408165513
8.8853125,-0.040156250000000004,-5.1034375,6.554386405480207,7.531237135297622,5.325706590077391,-0.3179989013907813,0.20814519415305535,-0.18239311112453
8.8553125,0.35921875,-5.9746875,6.150802531161585,6.334146377148892,4.763646177283086,-0.48873864634031494,-0.17914569569077832,0.11221124061720544
9.467656250000001,-0.3228125000000001,-5.438125,6.405936148943098,7.289708170759907,5.142960259847921,-0.4151556226353642,0.14876942679990068,0.7690475480153399
9.1659375,0.9020312499999998,-6.038281250000001,6.633478941784149,6.960171105046444,4.736711528940562,-0.37627933067982844,-0.24599441072846004,0.04759840911780836
8.783437500000002,0.24781249999999988,-5.89125,6.481291156752159,7.51165042383122,4.921322707108324,-0.23378381378309152,-0.13108403758426354,0.2692777248859795
9.1121875,0.47421874999999997,-5.9325,6.5329849295589035,6.872840980238699,5.11571964634498,-0.19674522414445028,-0.16605721072805713,0.5966991843154539
8.59953125,0.6856249999999998,-4.9996875,7.168154275528216,7.894237588860308,5.055016990806633,-0.25968393297671766,-0.07721587777051996,0.2275992823893067
8.8009375,0.33218749999999997,-5.2365625,6.914215365541758,7.33544487163824,4.3460852423294405,-0.26360346109793753,-0.25632474748763207,0.15289366316890915
8.24984375,0.8832812499999999,-6.184843750000001,5.908844401664841,6.553198182635593,4.932517103425586,-0.2764827585726812,-0.3909876811178739,0.04455327746475289
9.39625,0.3587499999999999,-5.782343750000001,6.81996781059119,7.132174348506912,5.291323895712295,-0.3002792670116483,-0.23431446980859408,0.15579347343590935
8.8190625,0.39671875,-5.3753125,6.280495531492221,7.13817379803115,4.698864879132379,-0.10371292220217519,-0.0656568616057892,0.41392418533417386
9.204374999999999,0.3659374999999999,-5.27234375,6.375024969313846,6.431433481044,4.283528314291378,-0.17683664796071963,-0.21972217875375358,0.8118767946400508
8.285,0.615625,-5.58296875,5.990670089814661,6.910620195349691,4.485429424706562,-0.09424278647016587,-0.276472298741253,0.16515740210716864
8.563437500000001,0.70375,-4.95859375,6.77332110626639,7.576844762993367,5.622920134143907,-0.15149342609549443,-0.2163127406433434,0.5212403540588453
8.948125,0.3215624999999999,-4.942031249999999,7.0822663381416975,7.574049490437314,5.697213458044506,-0.2757905086273744,-0.04539292310112022,0.28421781091586545
9.044531249999999,0.6837499999999999,-6.08578125,7.43166849740174,8.036540669809368,5.38949435380059,-0.31008378905380063,-0.08052485309535953,0.3041493417783641
9.16375,0.70625,-5.117812499999999,7.479753818642696,7.514645388340025,5.3953100202716575,-0.41273666096103967,-0.2316366055137644,0.1673662190989201
9.118281249999999,0.5100000000000001,-5.06453125,7.184909871278723,7.06006130462052,4.661890687293455,-0.4689755695632888,-0.07213696338702648,0.7558443075147255
8.92609375,0.1965625000000002,-5.497187500000001,6.558768133476814,7.115484702997664,4.702313748554402,-0.3812153108037819,-0.1830044023160851,0.05208895776469107
8.9140625,0.7403125,-5.32078125,6.877277058988809,7.35368720624856,5.805930778277367,-0.33400340412026835,-0.23226799010160168,0.4079836662605182
8.41734375,0.81390625,-5.09796875,6.90963259745668,7.2158251904207695,5.427234038764446,-0.2659503726101502,-0.044193432019986045,0.5509207651466159
9.49,0.8318749999999999,-5.133437499999999,7.1312468229616055,6.995162809711794,5.471995813557769,-0.5159023484898959,-0.14349995539269358,0.20412190807641065
9.674687500000001,0.1524999999999999,-4.95484375,6.732975282320867,7.395663636550814,5.090627107791921,-0.2306638204558017,-0.19137661319801536,0.273588942418051
9.19921875,0.2659375000000001,-5.01015625,6.689547654897784,7.238881715851817,5.20410489787494,-0.2802805001977195,-0.16246479302561154,-0.09753822955209675
8.153593749999999,0.9203125000000001,-5.67984375,6.89722370939648,7.65161665286126,5.129011689700652,-0.5448968593510605,0.019156206167781978,0.47815376452713254
9.09953125,0.6140625000000001,-4.3946875,6.455500423497271,6.841769169673422,5.0397832817834285,-0.281285164757267,-0.02461696070598219,0.3888992564541909
9.42828125,-0.10687499999999994,-4.1934375,6.600807136888521,7.428109802256224,5.054509811405429,-0.4733741635136992,-0.024312146875378967,0.3338175892682743
9.319218750000001,0.13781250000000003,-4.7421875,6.566268514319867,7.27436261571031,4.817170613009648,-0.38094363229175005,-0.1068148284611401,-0.13616239401070857
8.5615625,1.11875,-5.41375,6.446434144827181,6.986572053768572,5.21056963656566,-0.29217870368881216,-0.08832030794035627,-0.47104687396700834
9.79078125,0.42515624999999996,-4.9868749999999995,6.560082246218292,7.147761229964662,5.463833325548556,-0.3691183397533887,-0.16740854353459653,-0.04404758351990567
9.28484375,0.08921874999999985,-4.98484375,6.520871297272008,6.922890767385286,5.922479155774711,-0.4815555777696614,-0.08013516542531902,0.36043069388309157
8.9828125,0.06546874999999999,-5.01078125,6.212609020358817,7.356303192179713,5.544292759419224,-0.28159906109979327,-0.07297767094513906,0.2404453485600466
8.655000000000001,0.0903125000000001,-4.7953125,6.476977497259042,7.189365403312294,5.469604638577065,-0.38398119759844757,-0.13055377404080423,0.21564025541495663
9.11890625,0.26437500000000014,-5.222968750000001,6.581763659249011,6.689683492839927,5.170735767182794,-0.5048199703457807,-0.15210137771377963,0.16485488176059587
9.1175,0.5246875,-5.88203125,6.022494032790735,6.466050516145366,4.496131038073005,-0.37019217269086857,-0.42718241623877395,0.44672174520533653
8.78453125,0.8934375000000001,-5.5759375,6.587491207225512,7.674723777348195,4.961962098917499,-0.31163500184528486,-0.2665068618122467,0.36079177222444514
8.985781249999999,-0.10421874999999997,-5.52328125,6.843434308857537,7.700907374436369,4.620913415754339,-0.2969088909071857,-0.11933039975107308,-0.2058335545504362
9.3775,0.08921874999999985,-5.04390625,6.271368221927333,6.863275754124151,5.16403476495956,-0.49249544401505496,-0.20827531522444928,-0.12711103008768887
8.45328125,0.80578125,-6.133750000000001,6.215863037092953,6.822366205331434,5.033238737383714,-0.12550130567194176,-0.2061368581396046,-0.2174419134214937
8.602656249999999,-0.002343749999999978,-5.499375,6.541146985188143,7.01087341700989,4.740601845691642,-0.28635876430784357,0.07983193438060067,-0.006294682633450678
8.379999999999999,0.79421875,-5.1434375,6.499872354515895,6.807985156391606,5.120981723126314,-0.20141473423069994,-0.1528427899808573,0.553316250655437
9.71015625,-0.35703124999999997,-4.3734375,5.843201576454978,6.8151411576740974,5.483705470171949,-0.43293099812849994,-0.3096417912691082,0.6320375563107754
8.92171875,0.2621875,-5.49796875,6.248751263924532,7.422098016386186,4.679444471464902,-0.18213096475627158,-0.36513861018060123,0.6248504182096468
9.517499999999998,0.7603125,-4.9353125,6.5318878875100115,7.396229184682134,4.907770614275258,-0.15497708109102604,-0.2464708407931006,0.33276336197079387
8.903125,0.37499999999999994,-5.4165624999999995,5.992510136359805,7.034120191964309,4.963487376189623,-0.09669729216617397,-0.035162610269734475,0.341878991892068
8.5671875,1.3498437500000002,-4.41703125,7.092462431331149,7.416206175537863,4.886510986790415,-0.1751753777842903,-0.17625641830300873,0.2614558311195889
9.2703125,0.7370312499999999,-4.87328125,6.92474209103442,7.818133704665291,5.307611001750075,-0.4291694611232832,-0.13243745804371235,0.34638098357673586
8.89296875,0.49562500000000004,-5.71390625,6.19428559230388,7.471075448646935,4.255979843550829,-0.23398295397771796,-0.34930342085850596,0.5169255552982103
8.74140625,0.8953125,-5.17359375,6.28051348099508,7.084484580923566,4.233903476398693,-0.26554780854655985,-0.3415756907450658,0.3002071878082315
9.0009375,1.2553125,-6.520625000000001,6.135187374570865,7.471966142009997,4.540073263106555,-0.4187367925181404,-0.7208626697648727,0.3188513084951274
9.755468749999999,0.12624999999999992,-5.38578125,6.185052275872326,6.720977537717263,5.059318384392154,-0.3355310585725556,-0.1116424095624026,0.6071778504949165
8.77515625,0.34828125,-5.2525,6.293159230512599,7.539126597849279,5.226102754443315,-0.16591269292754426,-0.22314505723375921,0.46661233376859057
9.15265625,-0.1339062499999999,-5.719062500000001,6.257466850238676,7.204303752182506,4.612672326980722,-0.1176308754331801,-0.3220962348742552,0.07522116686356743
9.37328125,0.9051562499999999,-5.64546875,5.42320824520859,6.778469128467425,4.6546602754952415,-0.3256040730544685,-0.3136341892071107,0.5724671593255157
8.9996875,0.9220312499999999,-6.43734375,6.59879178542131,7.39930046940408,4.183220291454412,-0.23635822999657627,-0.3974719010930103,0.2759143760919337
9.22484375,-0.296875,-6.0707812500000005,5.041923923522244,4.86169044514097,4.851666693224962,-0.06216963701796113,-0.5273614874474376,0.6483366040135193
9.08546875,0.06421875000000002,-5.9440625,5.350289399207621,4.313476630242528,4.504428279048713,0.0495259774261041,-0.6718402822433324,0.737186991052254
8.724375,0.07265625000000014,-5.40546875,4.076321056955034,4.68813870388195,3.7505370155850266,0.46072564685754736,-0.21447783534108678,0.7397612519082686
1.8206250000000002,3.6928124999999996,-2.3618750000000004,9.385496436490453,5.866452950023868,4.735637455440925,-0.24942426141809276,0.003525030301834413,0.38796243512313094
-8.58984375,4.6537500000000005,-0.08390625000000004,4.547116700513188,4.450512435383144,3.7769260885951867,-0.2576221049595143,0.8731264202579587,0.6884130723910308
-8.7590625,4.506718750000001,0.89328125,3.0932970470185612,3.3612302689489213,2.743074264561286,-0.6413940328632736,0.5726432844077455,0.11560835823935056
-9.44234375,2.731875,-0.9671875000000001,4.500615146214564,4.519460654699297,5.076410354753026,-0.05498464446932511,0.5623212199400477,0.27244227687734046
-9.3628125,2.5615625,1.018125,2.6555034061065994,2.2777155624866223,2.5064035956675057,-0.06803465210564785,0.6234981189943706,1.8033756296483723
-9.50015625,2.31640625,0.3803125,2.1050359944870154,2.128111227699562,2.2419264656414915,-0.4704189423505123,0.9959039072258848,-1.194602343561482
-9.00765625,2.9040625,-0.26531250000000006,6.61753700929099,6.1079660379780885,6.387225524618944,0.06344404545639501,0.41066099472311995,0.030509755421702926
-9.2846875,1.215,-0.940625,5.331654283835717,3.6231512527080625,5.343495717634196,-0.3113145176706594,-0.5373467614106161,0.0438889821673986
-9.23046875,1.0132812500000004,-2.53984375,5.7290611768223805,4.927939495458364,6.620310720660016,0.4046964665262072,0.7731796371407861,0.4158101878418504
-9.54953125,1.33703125,-1.4268750000000003,5.06262790878151,4.13283788685492,3.919107390002856,0.02356378107502927,0.11157225511675689,0.2788017323889921
-9.21546875,1.5701562499999997,-0.7973437500000001,5.17225377908639,3.277255183547039,3.9177262387558343,0.01809851580716522,0.18856746333498534,0.11280488035799695
-9.76078125,1.9778124999999998,-1.68671875,4.212948902152557,3.99288408795494,5.068105247121299,0.4892010505524596,0.30838084314963893,-0.19130033148626496
-9.4275,1.6070312500000001,-1.8146875000000002,5.844914990827497,4.029872702582979,5.450110081672089,-0.065964558063915,-0.2002780413940419,0.10194643276502124
-8.8865625,1.4739062500000002,-1.53984375,6.109916943673928,4.93372375125634,5.839002615009342,-0.033011064419937404,-0.2464331118252452,0.16944474125729492
-9.56265625,1.3399999999999999,-2.7467187500000003,5.893241426145372,4.3412422617264745,4.9570262805333645,0.1446015815699402,-0.02037853318105931,-0.17722081463926748
-10.0484375,1.89140625,-1.21015625,6.0430896016519355,3.408337143675921,4.457737827428384,0.10487523680095893,-0.416367354093566,0.6911120805443277
-9.532499999999999,1.86484375,-1.8109375,5.442207445053891,3.7585801808110912,4.702163969503164,0.04152329443476611,0.12894394933301973,-0.04567433750458258
-9.745000000000001,1.4612499999999997,-1.94796875,5.4436445167736665,3.9224579745996,4.683535049673851,-0.05681779523247716,0.4940971306592563,-0.36270550037986826
-9.757031249999999,1.9829687499999997,-1.1974999999999998,4.988757886390503,3.964863128031463,4.549860231369751,0.0031411205136896376,0.3440265984446719,-0.30819884776634526
-8.588437500000001,1.3801562500000002,-2.74390625,5.1017399662853995,4.889212453257266,5.513057686412409,-0.24128979216941834,1.1315155161810302,0.16022984132225435
-9.513124999999999,1.5026562499999998,-2.5998437500000002,6.298913069679165,5.4360217077230235,5.448967646544245,0.12937487375623577,0.31642827177724686,0.28125652361411324
-9.340937499999999,2.096875,-1.820625,5.792722190049662,4.3549680233470145,5.720033564969264,-0.05161669028802797,0.4144802972710582,-0.06857007211499479
-9.021562499999998,1.9484374999999998,-1.3765625,5.001298024872518,4.393752389313007,5.469612423069275,-0.10629313647336594,1.2543890656424068,0.8388064975329053
0.90546875,3.6282812499999997,-1.7062500000000003,8.293520047619914,6.233989381479442,3.924243756763843,-0.18499438531939613,-0.5314763355282718,-0.19610375245787728
3.2210937499999996,8.9696875,-3.74515625,5.210914062447292,4.656472970751977,3.282520464610379,-0.08769654862963665,0.43330283026266597,-0.5860170796330413
0.2509374999999999,9.67578125,-2.2906250000000004,6.039514601447185,5.226220791800556,4.480539823433667,0.6037999557301685,-0.039144595910186264,-0.4175012773613436
2.11421875,9.277812500000001,-3.4065624999999997,5.318787104655387,3.6426022929828274,3.307957365746081,0.09081821543193164,0.5338285773955075,0.42140492371048427
1.23203125,9.017812499999998,-3.415,6.565427723044664,5.588999929758789,3.829250089769536,0.2329216221551569,0.0001953781786882817,-0.4815334512982174
2.03859375,9.250781250000001,-2.7199999999999998,6.519987027208025,4.654296840248636,3.7385872164495506,0.2645653600453628,0.04190577867321666,0.2980578657452367
2.9765625,9.49421875,-3.37203125,5.7518062974681055,3.858386079651496,2.891226048153869,0.49393521345893626,0.6126125403173688,0.2647631598662488
-4.72859375,6.762968750000001,-2.9890625,6.628161007018534,5.754182087753518,4.414765961644371,0.9892837960630784,0.40426756233611133,-0.553145107368957
-8.948125000000001,2.6325000000000003,0.46984375,4.550796247292884,5.520800440153583,4.51768797761487,-0.6630121572422732,0.6395165676739416,-0.3411752449039955
-8.233906249999999,1.56484375,-6.388125,4.330423123519333,5.479625041970111,4.123194254382759,-0.610592404931121,0.3892295190721418,-0.2828940093525747
-7.82640625,2.0534375000000002,-6.161875,3.7122665613424015,5.332094516566051,5.4684863865035815,-0.6876917074015919,0.12175255635881563,-0.31204427899294335
-8.49921875,1.9918749999999998,-5.7384375,3.7411133472735676,6.015054518404218,4.683697530647528,-0.3000304215404741,0.24712772285743637,-0.1667663857449592
-7.661250000000001,1.2196875,-6.355,4.407120126851547,5.731156342950674,5.163943200210475,-0.24834750548101753,-0.09411461224643354,-0.7303275263208744
-8.0465625,2.1901562500000002,-5.8726562499999995,4.290939297938594,5.010183221508565,4.491209553876988,-1.1040442763786171,0.3633018920200626,-0.7037166643478869
-7.844843749999999,1.3209374999999999,-6.6309375,3.7291273242658174,5.6550084877119104,3.9857530337558233,-0.42095731915882073,0.5858989238379116,-0.3537462740836615
-7.73921875,2.6784375,-5.83421875,3.9082761963746164,5.187835296016418,4.628354798375816,-0.8473533177086756,-0.007070381974561873,-0.5689307135207056
-8.0953125,1.61765625,-6.389374999999999,4.116796376108946,4.918823138651759,3.9843776470579444,-0.7703522536356037,0.24825250990401132,-0.3324675496241279
-8.15578125,1.82546875,-5.82859375,4.354244267338299,5.549487569161087,4.578731356496135,-0.03927234060732523,0.267172493562481,-0.7919255671274308
-8.2609375,2.45265625,-5.600625000000001,3.971903164239248,5.968456469794845,5.320436681737224,-0.3545439013847837,0.5115314523913059,-0.07120085592950527
-3.761875,6.01,-4.03640625,5.610082128131013,5.699217599811399,3.7420542349705377,-0.09494653413371197,0.07125173103263606,-1.1323308017575173
0.7220312499999999,9.571406249999999,-3.2565625,5.51871763288569,5.3460420134863265,4.293352863275246,-0.048510177143946204,-0.5273301472442457,0.07610048879289329
1.8271875000000002,9.729062500000001,-3.2696874999999994,6.033742999982992,5.570419003189415,4.576346785629751,-0.2359171715685468,0.03129012394507736,-0.8174015964264787
4.1303125,9.0859375,-4.02328125,4.797887871485092,4.56995750758076,3.048917868834521,-0.1565502221094955,0.4127774750342931,0.2351812867131806
3.70171875,9.0328125,-4.54015625,4.79632690018085,3.6839590917712086,3.7535818278127278,0.38035380614982567,0.22234328568066997,-0.8807009942873384
3.69921875,8.9384375,-4.01640625,4.942698625462454,4.8199666812742334,3.123596868589309,0.15206050081722852,0.3444666526974038,-0.2862869932571527
4.999687499999999,8.655156250000001,-3.9853125,5.03847818317632,4.872377817922779,3.5767412580928677,-0.07237698842558841,0.7358264572830423,0.962423082769806
4.13640625,8.36921875,-4.339218750000001,5.726426778320048,3.813361093202221,3.9696399807978104,0.3729492736868157,0.42162741121320324,-0.9083533393582252
6.2403125,7.835937500000001,-4.72296875,6.054791224917978,5.074426605153901,3.5704265675159093,0.02161193236824206,0.5200065462070341,0.03647283809542408
6.073124999999999,5.152656250000001,-5.640000000000001,6.312913569373099,5.365234513218964,4.909511177296575,0.27541867912815937,0.2810689190685275,0.20726999758424197
8.56609375,0.8026562500000001,-6.81015625,5.4615741827527104,5.165317101285838,5.601508862626742,0.04278910968747733,-0.16010831529110076,-0.07553889051285945
9.1453125,-0.7034374999999999,-5.09515625,5.2773809699834775,4.724981553783437,4.819443689429925,0.09034515561305138,0.10235956463855328,0.547802419030397
8.719843749999999,-0.18734374999999995,-6.14109375,5.139134013925491,5.1678332748682925,5.425578343938177,0.19322034625293785,-0.05303830641766589,-0.1024012845392227
9.390625,-0.44796875,-5.207968750000001,4.682613744947901,3.4014253352857002,4.639341339190666,-0.09132350143873398,-0.2602982075676824,0.311548970676374
8.75625,-1.0285937499999998,-5.444375,6.105788621259338,5.655392025311856,6.0175321652131615,-0.06962574031201266,-0.048627353006521795,0.18305826889838925
8.676718750000001,-0.4845312499999999,-6.6034375,4.886480409855179,5.440234062544868,5.115239858363804,0.14707821205741128,0.2281764907274318,-0.22855228787564855
8.873593750000001,-0.6456250000000001,-6.4309375,5.253029294841305,4.869065899572011,4.6661466030434315,0.3329739552900516,0.307389112593573,-0.06315446109980488
8.30625,0.22078125000000004,-7.41015625,5.877570581243581,6.999252483454819,6.6508402881204365,-0.0059677486660635074,-0.2317000622926605,0.8390372386841314
8.70046875,-0.8285937500000001,-5.8675,5.538543194538925,4.7124031379924345,4.965899968787128,0.2574048500495309,0.10288417937734629,-0.6139859912270045
9.0928125,-0.86671875,-4.468437499999999,4.905090298847081,4.034780839264809,4.705727301235565,-0.005507131031581702,0.0315363175394558,-0.8260662715201842
4.13953125,7.480625,-2.87671875,3.724711158972389,4.143299513597225,2.2471836920684605,0.3914025026595117,-1.1593342124153803,0.09130949455958354
3.8990625,8.765625,-3.8003125,3.7938522303977193,3.1304197377308687,3.0900363917507105,-0.047911834404191465,0.9548208637677607,-0.5369476612801586
2.40609375,9.13703125,-3.35640625,6.216266367660812,4.497598553564273,3.824355487851638,0.05860436200378809,-0.1414226040557394,-0.6242090338607225
4.25453125,8.284218749999999,-2.6487499999999997,5.799816519104155,2.9948668609219404,2.7670909250510722,0.47095138454367064,0.8744239542755582,-0.09620662498746817
2.7306250000000003,9.719375,-2.4015625,5.5201808380138235,4.471060722510376,3.5334659944017788,0.37537619966778824,0.044697322548994715,-0.28765780505431554
2.8667187500000004,8.9525,-3.94203125,5.583717135197523,3.494959763716887,3.306048046614483,0.3449021460962781,0.44801374020090184,-0.24500190545187375
2.918125,9.11671875,-3.6996875,5.141779505616222,3.961180795659097,3.850646848562427,0.1550033304230533,0.5485424622420615,-0.47863061806274826
0.81609375,9.0984375,-4.305625,4.8696565642466965,3.471361502867967,3.2861498534569296,0.6143937787726264,0.24461656899204026,-0.43429257753217976
3.0315625,8.94,-3.0054687499999995,4.829127838812486,3.4510591671253623,3.3034153395044705,0.07491934775478178,0.5314066862198105,-0.15565348801315265
3.36125,8.9803125,-3.5940625,5.497680050484932,3.7207525989164814,3.2556579206196945,0.33756231345127924,0.48393046062420764,-0.30682163335486506
0.04046875000000001,9.006562500000001,-4.0784375,5.614959769915848,4.473632199744828,3.547190005284993,0.39303912358199106,0.21231215218950933,-0.7991511452077894
2.6621875,8.7575,-3.8037500000000004,5.333956220746825,3.2698619045763997,3.220540763986694,0.26597196716006616,0.5665467558726616,0.08147712064506718
2.12328125,9.271875,-3.64859375,6.875086830062472,4.718448790055372,4.425211459349817,0.15473105742398555,0.2880093385407329,-0.027929683513678808
1.146875,8.986875000000001,-4.43984375,4.375699899373242,4.066318926175737,3.6723495936642436,0.03870692021968894,0.8022866802833984,-0.9241567792035009
1.2135937499999998,9.12546875,-3.97921875,5.40537879315233,3.8708098029060323,4.509482822580483,-0.07483811907833514,0.41927923075720097,-0.36444067424701
-0.6584375,8.704531249999999,-5.570937499999999,5.2275015598843915,3.945392062935373,4.151867696723217,0.5976863345833192,0.4920130912458919,-0.38610936316246547
0.05421875000000005,8.710156249999999,-4.616875,4.99633234379464,3.857091882245734,4.488776933572774,0.03994718722656392,0.7589058815262115,-0.8257057538064226
-9.205156249999998,3.0337500000000004,-1.57953125,4.240071488263604,5.771293318009404,4.9313421821826,-0.01604279286229254,0.3317372751305321,0.5648601580681044
-8.452343749999999,2.3034375000000002,-3.87015625,4.436361735063535,5.530041879009032,5.144812767544212,-0.08707086347735907,-0.10200385846616218,-0.3862374485848632
-9.14921875,2.1196875,-3.7731250000000003,3.3418493685605335,3.132761346215787,4.2410585629504105,-0.5836558324063791,0.17457028535934085,-0.4144740366652522
-3.7837500000000004,5.496875,-2.7440625,5.67163928573565,6.025401406493596,4.273590673671702,0.09946086072297255,0.5360267967472232,-0.22137724073549436
1.4693749999999999,10.9334375,-0.59515625,4.540927037442355,3.894632210953141,4.054851643474263,1.0177889210135893,-0.2631540508457631,0.1196631969262102
2.9146875000000003,8.5946875,0.55046875,5.861496974096612,5.776761086659526,3.5998508778522256,0.1927097973300892,0.3941925584466264,0.5070584687598082
6.811249999999999,7.285,2.375,6.385993584595901,6.491347125212147,5.4790102322408565,-0.09729972328403758,0.3676440459417057,0.4220080943408057
9.01515625,5.541875,-1.0460937499999998,6.9227859710225,4.447888851396244,5.02147158995358,-0.12703893694725088,0.044765819482243105,0.034676017874105056
8.985937499999999,-0.7504687499999999,-4.369375,7.040906084879541,5.061681547941695,6.222275979042958,-0.31342877557225396,0.1879284719341393,0.1400881009949935
9.0628125,-0.6946875000000001,-4.621875,3.4876619446046875,3.1429409837513256,3.609747599815671,0.7399142008137414,-0.30548398386611136,0.5047318315303875
9.13359375,-0.4184375,-5.4840625,3.1527063608051002,3.349318596161576,3.057709374857877,0.16869099656013978,-0.037291701683584165,-0.9594151487602769
9.00484375,-0.75125,-4.21921875,4.675565805395742,3.8739238425012954,4.213054230857756,0.3382958364631049,-0.48011300863058115,0.2578514174453586
9.338750000000001,-0.24781250000000005,-4.6425,4.584345134531213,3.713898923617032,4.871135647875144,0.24913583949866866,0.3222676094494951,0.37905263351958307
9.06265625,-0.16281250000000014,-4.99703125,4.016622198046007,4.301732379500583,3.998004064408069,0.22034648481292712,0.22257790537143618,0.7077076399000342
8.9015625,-0.19796875000000003,-5.617968749999999,3.3762429279590873,3.226803846149226,3.331946306068487,-0.44468247357186735,-0.36738163051661593,-0.6698246349945304
8.88609375,-1.4228125,-4.147187499999999,3.3566159563928277,3.4473066791110636,3.842984870493735,0.5154003282110029,-0.5435916829262832,0.5825684929992492
9.4234375,-0.7006249999999998,-3.6646875,3.464819267810913,3.7808377357901777,5.324516987703556,0.046715660473863115,-0.6966538150246606,1.41291469373763
9.619687500000001,-0.9159374999999998,-3.8728125,3.8733794872622216,4.220817352254626,4.503050517687289,0.08327093151560923,0.33581045876195914,-0.27312563046464133
9.2653125,-0.4917187500000001,-5.171875,4.191074954870618,4.630301540763672,3.8940996532414265,0.06283357429357696,0.34665111870746235,-0.7501519870008913
8.95671875,-0.1804687499999999,-4.76921875,5.342306692422145,4.194614266267333,4.829018826547318,0.08321732835401509,0.034964895918051846,0.5171222919271035
9.1359375,-0.34984375,-5.48796875,4.7143957455960095,5.252427263950062,5.507667717511962,0.2917832056344458,0.8116663391087707,0.7581120905877042
9.07421875,-0.76765625,-5.897343749999999,3.996100366563437,4.361195987838191,4.894291075511952,0.2051047791055767,-0.03695100724104515,-0.7107179167690247
8.91546875,0.023281250000000087,-6.24453125,6.045115261951044,5.18985550578226,5.269273233119861,0.16655353600715256,0.34640460247594684,0.20867431542150006
8.9721875,-0.43890625000000016,-6.582812499999999,5.83349286147191,6.916467242473642,6.641904487031091,-0.29692342626670637,0.17909895318282754,0.30344298223326227
8.650312500000002,-0.9015625000000003,-5.10875,5.871673251922637,4.684222593834941,5.63936568352328,0.2539744959981756,-0.25378876459697847,0.15202224212970594
8.568125,-0.010625000000000051,-5.104374999999999,6.88519536646383,5.574532176279459,6.684172273690662,-0.1474554371214638,-0.27227320381757925,-0.29026093401992525
7.6596875,-1.78375,-4.770312499999999,4.315612271433076,4.870731624971755,4.73664767027734,-0.43402763051646304,0.17085790927750352,1.2586195023747235
2.5940625,9.36171875,-1.16984375,3.5922919732524177,3.8113369351709694,3.7341609215573364,0.8568106265684665,0.6977943460377255,-0.31815279150863507
3.59875,8.699375,-2.66703125,4.646535503738242,3.3300417015969934,3.5412019850643137,0.5365295759742996,0.8276505050328862,-0.5462992264945923
2.23125,9.07390625,-4.30296875,4.360026698599448,3.1784148059545245,2.5637050091661164,0.012381611350838985,0.43718942537118644,-0.31401579786753364
3.6995312499999997,9.21078125,-3.86046875,4.099800082659328,3.540770266078899,3.5232927734966104,0.1803157447084335,1.1228674920668666,-0.0002817075591120548
2.61921875,9.077031250000001,-3.7514062499999996,4.133455464517362,3.850337923354707,3.382807112437973,0.3262766818698313,0.603261551634357,-0.5594398801667301
2.1262499999999998,8.995625,-3.6615624999999996,4.255591725894297,2.667327709407864,2.893329191190271,0.443681446921652,0.5321327533875954,-0.362617163702667
3.3390625,8.918125,-3.4495312499999997,5.802696226418694,3.180734916552305,3.31951588605529,0.1610687007247924,0.3747043753388032,0.49287226957787866
1.1612500000000003,9.44453125,-3.9835937500000003,6.006180020403983,4.170396762332505,3.6276698647287264,0.5896456209711447,0.3452929154979974,-0.358940858373527
3.2284375,9.56296875,-2.5578125,6.39522263557679,4.1466148391215985,4.182176641994423,0.17362984003413348,0.5488419197732827,0.08533881946423723
0.85109375,9.2909375,-2.779375,5.4648430664760115,4.362344810545557,3.572177152574463,0.6352858064795697,0.2852628462877567,0.11095017874444357
6.23984375,5.518750000000001,-0.9489062500000001,5.917332721597286,6.941667329431741,4.0416797703691145,0.13847706079036512,-0.26042247531597146,0.5059852693423967
10.08921875,0.1775000000000001,-2.46453125,5.362241049892147,5.301670137796202,4.810935112353256,-0.20659760849820205,-0.12446544374754842,0.3798840108447242
9.87265625,-0.333125,-3.1340625,3.92710940219851,5.286339374687838,3.5707981070194585,0.17725748342494158,-0.12905446165409679,-0.3358984292724873
10.18578125,-0.8540625000000003,-2.02640625,4.930659123245942,5.310968814264847,4.517771978250002,0.2558201763484356,-0.12959003595330218,-0.7277071722439585
9.85125,-0.16593749999999996,-2.95453125,3.8410197620553843,4.102126246971655,2.543646453474507,-0.3363414652630222,-0.19902767174968086,-0.48758211857409395
8.47171875,-0.66328125,-5.74109375,3.8131001800894815,3.4775346218116128,3.7009699392471345,0.8534062874160275,0.3984714052397386,-1.0650326471120264
9.2728125,-0.8775,-5.3828125,4.508467543394734,4.93239261160342,3.736536861164861,0.3508568073256523,-0.0851459732540131,-0.45212363068694733
8.559375,-0.1453125,-5.63671875,3.464515602414716,4.4958188800644265,3.620409617142574,0.6490805650302023,-0.5104311268080264,-0.42558916591822865
9.405625,-1.44109375,-5.672656249999999,3.7581523365046023,5.732038009400403,3.3916350418103565,0.5915127725606426,-0.1502346026104991,0.1740057390964939
8.25609375,0.06968750000000001,-6.74796875,3.3227128492710496,4.468155718788654,3.076977097984877,0.07805613683839929,0.26473672663662423,0.19559373293847493
8.471250000000001,-0.42140625000000004,-6.8375,2.7523061353163456,3.725635796070375,3.7154453804355674,0.5573407998739766,-0.8608812661836619,-0.6062522941734004
4.5921875000000005,7.5140625,-4.74953125,2.1785800053805113,2.1812150561312724,1.870563442595155,2.3948817805634595,-3.6694541904558653,-1.3925960629011747
4.32375,7.630625,-5.40859375,0.027585095613392414,0.023971011138456406,0.050431487792226615,-0.07090249689433818,-0.005636481824373088,0.37058791390427015
4.24984375,7.616875,-5.45296875,0.05754053428616658,0.027436005084559983,0.049424174484127656,-1.1513131295083499,-0.053268272824144224,-0.7103815941963884
4.198124999999999,7.620468750000001,-5.47703125,0.08843915634491328,0.052483023668968516,0.16538477567006424,0.3407727464081373,2.0682070849495537,1.546183319052723
4.2524999999999995,7.6068750000000005,-5.54078125,0.03500000000000006,0.02214123697989796,0.04399235329506124,-0.31814868804660884,0.3110688985197366,0.3595803410337439
4.16390625,7.625625000000001,-5.5459375,0.12912708356862065,0.042861513913999866,0.18959429341029757,2.33784182486607,-0.16022977745070652,6.237192011086794
4.04875,7.6487500000000015,-5.5542187499999995,0.1334810379791825,0.05392413652530752,0.16927976739243675,0.5866971455101248,0.9709742274355447,2.9983489608979985
3.8878125,7.22078125,-6.16578125,0.19933066709302394,0.4395534121678928,0.6597082799604969,-0.2188689837089596,-0.026939267953752236,-0.11625254410073095
4.0125,6.8928125,-6.3703125,0.7887648572293267,0.717897252288759,1.2797374837613182,1.740698193560737,3.191305125554251,2.379784055521942
4.58703125,7.235312500000001,-5.739375000000001,0.03586779925556496,0.0215760826785123,0.04808439845729599,-0.2654810507972428,-0.1686809680192567,-0.15480309674085074
4.54078125,7.21859375,-5.7771875,0.17720313808857185,0.09800936159845902,0.13432084664619268,1.8748122968837615,-2.5679688764249526,0.06939965424328202
4.559531249999999,7.2184375,-5.745625,0.1196404729739793,0.043055877574960634,0.1679646075070579,1.4487579297335298,1.9979964352661315,4.996257453235975
4.51171875,7.040312500000001,-6.036875,0.07345395427366362,0.1508617822503434,0.27098128971388413,-0.292607699234529,0.10934726507080898,-0.08971554562388147
4.361093749999999,6.89734375,-6.444062499999999,0.09131191713537457,0.05651996847077587,0.21322463763306057,-0.5346209393434402,1.333867480462966,3.729804025107282
4.383125000000001,6.890937500000001,-6.419687499999999,0.05168640416008845,0.03939855446269571,0.1075286117447351,-0.9166875307914847,1.5703992695946591,2.6752659867834625
4.229531250000001,6.727187499999999,-6.632031249999999,0.19616184076786575,0.19497971649315202,0.2935194823575386,-0.657850765143193,-0.4450286654345868,-0.504767241529208
4.01375,6.38171875,-6.99828125,0.23304036667496036,0.27889600821531574,0.41192594407057864,2.607376929565401,2.087291782990313,2.1557675251727906
4.34546875,6.67578125,-6.571250000000001,0.03381612445916155,0.02269393417716508,0.03388860427931493,-0.516462285657311,0.7927228682393764,0.020776353810654593
4.324999999999999,6.672656249999999,-6.566249999999999,0.05934538735234622,0.03725931877983682,0.04731873307686925,-0.7869800848992352,2.7433848055907144,1.3385639158242422
4.36921875,6.8421875000000005,-6.30796875,0.31057559812135516,0.27390388796756787,0.5101047064313733,0.9588712933494361,2.1987122008357907,2.240492670312957
4.422656249999999,6.90328125,-6.185,0.4172163789161896,0.25146480051577297,0.7443474491123081,2.1460633642464098,4.213188440984499,3.2582736137723196
4.82453125,6.830156250000001,-6.0109375,0.2149049912715791,0.14994261597670455,0.2921403705305893,2.1143718895657573,-0.9807431301425404,-2.4932781887499473
4.777656250000001,6.822812500000001,-6.07265625,0.03608766182419563,0.023615987037386134,0.03509995492785569,0.6170080078098903,-0.16678449295861472,0.22782493126876152
4.73328125,6.825312500000001,-6.134843749999999,0.06410573998042231,0.03648496051457348,0.16293204284589785,-1.3919077079312077,1.180915613403719,-1.8662985163741748
0.5745312499999999,8.27578125,-4.371718749999999,3.5588867332739658,1.1996377118315502,1.6118725084194585,0.19797620147954803,-0.12782146813631384,-0.09548170975187782
-0.21765625,9.743437499999999,1.35375,0.8803297361420535,0.647201231143568,1.1769259481802583,0.7414001628194886,1.4226352090354946,-1.620916603207357
-0.338125,9.84,0.8390625,1.2399759007234779,0.6180614856144977,1.0848454941113734,-0.005384133907124955,-0.6635671964211949,0.7101762520553347
1.680625,9.52546875,1.6721875,0.9969184943489613,0.33249497029795433,0.7318650591767242,-0.12012829058793897,0.5812397053814213,-1.258039660207781
1.27671875,9.668125,0.53203125,1.8153925666087867,0.6084634207370234,1.2137688974938505,0.6312301006893498,-1.3818741546589188,0.7562835923401212
2.0992187499999995,9.64078125,0.37687499999999996,0.7498589548364663,0.29236805083394024,0.6781566812875915,0.06470235985669985,-0.028199063108915838,0.2399528199560408
2.16703125,9.6153125,0.59453125,0.3766118678738597,0.15848865052031325,0.3460081722639474,0.48506324404964946,0.5095558742331874,-0.6721193955001107
2.543125,9.520937499999999,0.825,0.3037056294753194,0.07783634172897617,0.15876476309307427,-1.0571849442609602,0.40063603725722197,0.6605827422940286
2.0321875,9.5940625,0.8415625,1.045748040803209,0.3172179788311974,0.6651414763745754,-0.7794794435062811,1.0572643744830394,-1.584816779778075
0.18343750000000003,9.9496875,-0.125,0.4284500362863213,0.22352271102451762,0.3720719016534304,0.799268251132335,0.4024957740023928,0.03355500856425935
0.0007812500000000007,9.96546875,-0.176875,0.2544743644228972,0.14759456383430064,0.2818348086645793,0.1267512828143415,-0.26239836392936366,0.4428651912008175
-0.0409375,9.92546875,0.068125,0.18399829100768844,0.11731274557113344,0.18724044535035694,-0.2956276308797266,0.5282831990365575,-0.27910794087317686
0.40203125,9.901875,0.21499999999999997,0.30940052767155635,0.08468461710960253,0.18170202255341023,0.14829109011341557,0.3120769176079674,0.4731643378052882
0.875625,9.81171875,0.61421875,0.7259753676089844,0.2513809030106255,0.7678191614230772,1.0534821851898277,-1.6374566240545314,3.7182795605143384
1.9990625,9.62984375,0.563125,1.0573488644216487,0.3640161920655969,0.8895063149719624,-0.12309538521399582,0.005602208231994264,-0.460182529696484
1.74078125,9.6875,0.6696875,0.7817254646923288,0.3208387445431115,0.7856405999843376,0.6332331613607372,-0.512671787541836,-0.3976413949553932
2.19140625,9.53640625,0.96140625,0.7925923983744341,0.7066610909487924,0.43408620683101357,0.09549291290260477,-1.6508030938220462,-0.8547403414540751
2.2542187499999997,9.5184375,1.163125,0.8289070452399578,0.2475203195573041,0.568847175764282,-0.1802456291804048,-0.3538242321003835,2.263787387707251
2.19046875,9.53109375,0.941875,0.6564950249418784,0.21064719606711477,0.33736976653962336,0.015745956487446672,0.6521868854496871,-0.1926476735308387
1.81203125,9.67015625,0.68859375,0.7203193295500527,0.26050727069687984,0.5824755015972238,0.41794268673865664,0.28346989346929596,-0.4632903066074456
2.4320312499999996,9.553125000000001,0.69375,0.8215290235429528,0.2987519612906332,0.43859683936389693,0.22764066763717117,0.04644436890001555,-0.5074186761465476
2.19984375,9.626249999999999,0.68015625,0.6292765990293437,0.1765069049640835,0.4165801700584625,0.2729670040381818,-0.011505606527709798,-0.4992806322603039
2.243125,9.54234375,1.0807812499999998,0.7317356827263517,0.2694829666898029,0.5430276946422139,0.08623366503643673,0.05107006362208308,-0.8450026733283237
2.14625,9.61109375,0.94140625,0.7149333447951634,0.24551041976041965,0.4198655558163083,-0.03174180654594818,0.48822675392670095,0.004114625276676094
2.4468749999999995,9.5159375,0.916875,0.6890955916090307,0.3135867042681338,0.4921123950633635,-0.6788229760007051,0.20277087834279559,-0.26356007481352395
2.15328125,9.59828125,0.8282812500000001,0.6707017190215316,0.3105114464853711,0.6630270419812736,-0.4689408456083397,1.0809376264288768,-0.6571828202316202
2.1343750000000004,9.51796875,1.20515625,0.4240573185018742,0.15087432360556755,0.259102972939211,-0.4200603067020589,0.6163405936014064,-0.0037087252421965588
1.9840624999999998,9.600312500000001,0.9284375,0.7310859190914225,0.22344580404149442,0.47717665344581767,0.09056979515538202,0.7165157319128197,-1.2425320271493234
1.7064062500000001,9.646875000000001,0.85671875,0.7634816778816225,0.2791665889303374,0.5048052058947465,0.5641444417571579,0.5245976601348561,-0.5240662142428621
1.629375,9.716249999999999,0.7667187499999999,0.6984220496053944,0.2523607289179519,0.5333826449167965,-0.20155635674188543,0.8399199785828723,-0.21058220575868156
1.49703125,9.73375,0.72109375,0.6756447839089987,0.21955565923018253,0.49313131234077756,-0.19128845241279832,0.5941161264869166,-0.295365246334528
1.9825,9.589375,0.9446875,1.404864317291887,0.5053769478072778,0.5292505572446288,-0.5572893304636316,1.016975646912323,0.4733091087019877
0.17687500000000003,9.95109375,0.11359375000000002,0.8965539495061076,0.19832987977341568,0.6442785868403027,0.031114384042260648,1.2965515293822842,-0.14349826486517328
0.04828125,9.915,0.29859375,0.8960687659987024,0.15384651442265435,0.6773059389677145,0.0032313150362241853,-0.2651571551428067,-0.6249712710195738
0.0903125,9.88671875,0.34265625,0.5902408638375947,0.09643739367298089,0.36840976756315447,0.32423160889255315,-0.23420719189085654,0.2556967405302472
-0.14078125000000002,9.922968749999999,0.10531249999999998,0.9810617728504344,0.2064255290012295,0.8550730391865656,0.22717080354709324,-0.656447135370321,-0.22526236920707432
-0.36109375,9.938125,-0.011093750000000006,0.7834341811607006,0.19207644148879885,0.7588192249877026,0.5130253701762842,0.026177173632184816,0.058626336318045515
-0.4765625,9.92515625,-0.0559375,0.5046695043231263,0.11476868294938945,0.4746502618705166,0.3082764896570232,0.01411986329925933,-0.17887400408650642
-0.27796875,9.93015625,-0.054218749999999996,0.5999535911413795,0.12647247955953683,0.5277807448632789,0.06009714595338464,-0.7223842608931608,0.045606353217671494
-0.19890625,9.963593750000001,-0.17328125,0.540370582296018,0.31578457445058566,0.5178955453548887,0.7374710832616204,2.211152617095078,-0.66775118160004
1.4660937499999998,9.775624999999998,0.38375000000000004,1.3838641745890157,0.4461567654703893,0.7070239122547413,-0.31080912964418766,-1.1854867023234317,0.7602513539064568
2.2893749999999997,9.6521875,-0.2021875,0.7310306829230905,0.28635897898223833,0.7556215751576646,1.2203209688648764,0.5191060621614331,-0.43234135679071983
2.1267187499999998,9.67609375,0.40437499999999993,0.8417393723109532,0.22242005015496577,0.5322795171477106,0.24185263205427035,0.10751039513440444,-0.5375067697042706
1.9884375,9.679375,0.43296875,0.4425431432004681,0.22362688652082965,0.6716553238257235,-0.5224781185116899,0.2660051474541823,-0.16727123565937982
1.7742187500000002,9.74546875,0.26921875,0.31306351535820576,0.12903402757969526,0.39571258780639956,0.48840465560420876,0.02152968075924898,-0.22428355358550014
1.68359375,9.68828125,0.6659375,0.15984726291349968,0.08345198259141316,0.25731618894610964,-0.026811107600602166,-0.05690151292250619,-0.24404752811952585
1.58890625,9.725625,0.43718749999999995,0.24565039428207217,0.12740039001117695,0.2525709600166852,0.5865551828493251,0.34894334715543057,-0.07970640847741593
0.9948437499999999,9.747812499999998,0.921875,1.2079204653394766,0.5857459686961148,0.9047476771868498,0.32094743690949284,-0.7812467777791552,0.6962107165116592
-1.6067272727272728,9.300363636363636,1.546727272727273,2.30809252575325,3.2560717903836562,1.6885185056142125,0.8480134279128771,0.5003949594229503,0.5334121827039576
