1617120138116 0.48929725071914515 0
1617120138429 0.48778089186577156 1
1617120138744 0.530025160153482 2
1617120139049 0.5046137485518464 3
1617120139345 0.5210353783829219 4
1617120139664 0.5519216459798708 5
1617120140034 0.5329550528889067 6
1617120140414 0.5251951592781828 7
1617120140851 0.5554984345129353 8
1617120141162 0.5615843791846754 9
1617120141474 0.549796172407675 10
1617120141828 0.5548596600301434 11
1617120142197 0.5548161269416721 12
1617120142519 0.5539184447029349 13
1617120143009 0.571864383421137 14
1617120143385 0.5622765604183468 15
1617120143769 0.5547146669967116 16
1617120144211 0.5680211994209869 17
1617120144553 0.5687866098058016 18
1617120144897 0.5663417107316381 19
1617120145232 0.574523101602672 20
1617120145537 0.5668029614623709 21
1617120145843 0.5715934325440414 22
1617120146156 0.5721320194376541 23
1617120146453 0.5735165516324311 24
1617120146757 0.5594248324869139 25
1617120147052 0.5803153217054766 26
1617120147354 0.5745979124804064 27
1617120147659 0.564549590438078 28
1617120147975 0.5716886836187125 29
1617120148272 0.5703002247335237 30
1617120148582 0.564134443702658 31
1617120148872 0.5739316239638401 32
1617120149165 0.5431683952188807 33
1617120149461 0.5858741525068094 34
1617120149756 0.5752810665223518 35
1617120150058 0.5873506392069262 36
1617120150348 0.577107145106294 37
1617120150640 0.5668268852324536 38
1617120150928 0.5717310360986292 39
1617120151220 0.5946873997754808 40
1617120151514 0.5920187620682066 41
1617120151803 0.570340903204941 42
1617120152100 0.6140513342349956 43
1617120152398 0.5944549859026634 44
1617120152690 0.5526881521131217 45
1617120152986 0.5843488288991382 46
1617120153275 0.5771518444820823 47
1617120153557 0.5884069061035812 48
1617120153852 0.558019193404992 49
1617120154148 0.5957117956465873 50
1617120154442 0.5905854999391851 51
1617120154728 0.5785562284527285 52
1617120155024 0.5940664003184413 53
1617120155311 0.6149989525218662 54
1617120155605 0.6206544042651557 55
1617120155899 0.6095083032287667 56
1617120156198 0.6252992788801166 57
1617120156487 0.619535623103372 58
1617120156780 0.5868469467579397 59
1617120157205 0.6195508315747955 60
1617120157508 0.6242516418996599 61
1617120157819 0.614127972163517 62
1617120158134 0.6077392129070713 63
1617120158432 0.5954535501327117 64
1617120158768 0.6292252462689402 65
1617120159107 0.6280149185483525 66
1617120159415 0.6397775798098277 67
1617120159736 0.6221752286732625 68
1617120160046 0.6117337592801615 69
1617120160348 0.6249434530093398 70
1617120160654 0.6250005204959564 71
1617120160979 0.6285049272791114 72
1617120161290 0.6442093784938094 73
1617120161589 0.6238552239959226 74
1617120161907 0.6247251171247508 75
1617120162214 0.6081885130371124 76
1617120162523 0.6123929385752876 77
1617120162883 0.6161055600837699 78
1617120163229 0.6163088836294082 79
1617120163625 0.6320238818278011 80
1617120163975 0.6309994419061394 81
1617120164286 0.6132220587442009 82
1617120164589 0.6329403624499976 83
1617120164899 0.6145952695915375 84
1617120165214 0.6080786225175433 85
1617120165528 0.6338815508056108 86
1617120165885 0.624579149426642 87
1617120166283 0.6477691868359694 88
1617120166647 0.6520003413597985 89
1617120167006 0.6407407025554431 90
1617120167313 0.6374994837921889 91
1617120167639 0.6045619723215605 92
1617120167966 0.633242364132763 93
1617120168297 0.6402968494270409 94
1617120168612 0.6330025015784961 95
1617120168979 0.6321676261753889 96
1617120169330 0.6578698448884103 97
1617120169636 0.6357302229986183 98
1617120169941 0.656239047208495 99
1617120170288 0.6515486961548874 100
1617120170731 0.650290751453924 101
1617120171051 0.6501749469336968 102
1617120171346 0.6511660994164463 103
1617120171647 0.6164440728637631 104
1617120172044 0.6233002022823888 105
1617120172407 0.6250961282813118 106
1617120172716 0.649174657668029 107
1617120173081 0.6479257711435825 108
1617120173475 0.6436782423967227 109
1617120173789 0.6510827865429981 110
1617120174092 0.6332935041180145 111
1617120174386 0.6395101026122145 112
1617120174688 0.6357127678943806 113
1617120175005 0.6361876436116664 114
1617120175333 0.6229884463963655 115
1617120175633 0.630829876448662 116
1617120175952 0.6412963105965608 117
1617120176250 0.6443932636741476 118
1617120176546 0.6408034707922123 119
1617120176857 0.6677870495774915 120
1617120177153 0.6386781557294222 121
1617120177450 0.6618803137743173 122
1617120177746 0.6564167693931853 123
1617120178080 0.6021319504939339 124
1617120178413 0.6333943417523568 125
1617120178767 0.6262469225119169 126
1617120179075 0.651220484759855 127
1617120179375 0.6506515237102514 128
1617120179769 0.6470819635585613 129
1617120180106 0.6379075277860968 130
1617120180534 0.6625924249841072 131
1617120181041 0.6546050911466456 132
1617120181444 0.6553754509235659 133
1617120181797 0.6643675458639359 134
1617120182268 0.6606742605883674 135
1617120182687 0.6588176698409783 136
1617120182992 0.6621576262966493 137
1617120183311 0.6625782570974161 138
1617120183630 0.6641021178710899 139
1617120183997 0.660849351340274 140
1617120184319 0.6511846660082918 141
1617120184630 0.6575873630142429 142
1617120184929 0.6622736457341487 143
1617120185241 0.6680042537357509 144
1617120185585 0.6578994727318964 145
1617120185926 0.6565623619865391 146
1617120186324 0.6636722627271449 147
1617120186674 0.6538185355699 148
1617120187152 0.6672442086738116 149
1617120187668 0.6323454105013762 150
1617120188133 0.6703541637651506 151
1617120188558 0.664461805890056 152
1617120188960 0.6611598780902584 153
1617120189302 0.6510369377737706 154
1617120189657 0.6381034780835583 155
1617120190058 0.6503160287793947 156
1617120190407 0.6325611712962693 157
1617120190776 0.6565352975108858 158
1617120191088 0.6596339086274761 159
1617120191400 0.6632336010092732 160
1617120191737 0.6557876877908282 161
1617120192063 0.6700801871472256 162
1617120192389 0.673548992078524 163
1617120192719 0.6582207645878521 164
1617120193066 0.6581320923491141 165
1617120193439 0.6718488894084228 166
1617120193750 0.6536725865105816 167
1617120194096 0.6732328161823463 168
1617120194469 0.6671397503925034 169
1617120194778 0.6628656492969821 170
1617120195076 0.6725199688231126 171
1617120195379 0.671867241002794 172
1617120195687 0.6718795476941453 173
1617120196001 0.645827360057408 174
1617120196354 0.6624931007019071 175
1617120196678 0.6591571548590172 176
1617120197018 0.6562109522638715 177
1617120197315 0.662534085078987 178
1617120197640 0.6682638103235435 179
1617120197951 0.6461581581642606 180
1617120198305 0.6618244989682324 181
1617120198656 0.6710907844772597 182
1617120198971 0.6623184128571636 183
1617120199338 0.6596880497746612 184
1617120199693 0.6344562295599107 185
1617120200026 0.649170629567051 186
1617120200355 0.6642848924820327 187
1617120200659 0.6686277317344369 188
1617120200965 0.652634614050849 189
1617120201252 0.6527430378065118 190
1617120201549 0.6659449642303568 191
1617120201843 0.6583973195793514 192
1617120202181 0.6671658823281534 193
1617120202556 0.6727654859361943 194
1617120202981 0.6577752050369147 195
1617120203411 0.6728076701014699 196
1617120203803 0.666276970753313 197
1617120204191 0.6642068234693106 198
1617120204512 0.6664067279303761 199
1617120204857 0.6142437394328977 200
1617120205162 0.6578132563406612 201
1617120205459 0.6464108816298404 202
1617120205766 0.6715442499908301 203
1617120206074 0.6679622620989892 204
1617120206479 0.6708847227229487 205
1617120206784 0.6733451296850163 206
1617120207230 0.675069136452007 207
1617120207599 0.6677444336137455 208
1617120207988 0.6736716877174516 209
1617120208422 0.6605204592309553 210
1617120208832 0.6722322032143488 211
1617120209257 0.6731150871604936 212
1617120209795 0.6613360411170567 213
1617120210129 0.6745196622941595 214
1617120210479 0.665925178907168 215
1617120210956 0.6746097044114937 216
1617120211302 0.6780378859271142 217
1617120211645 0.681021063497818 218
1617120211984 0.670174599170948 219
1617120212300 0.6665321901613364 220
1617120212636 0.6752660891815934 221
1617120212963 0.6756574503528358 222
1617120213312 0.674048610239308 223
1617120213673 0.6755332542249685 224
1617120214136 0.6676885550551213 225
1617120214478 0.6673528342665871 226
1617120214798 0.6625220362891849 227
1617120215095 0.6725671293448915 228
1617120215393 0.6662516633684616 229
1617120215710 0.6649057597884347 230
1617120216025 0.6794992356715103 231
1617120216326 0.6727718123716279 232
1617120216636 0.6385968281241484 233
1617120216949 0.6558716525869938 234
1617120217243 0.6511882570750339 235
1617120217656 0.6790505710792845 236
1617120218031 0.6551504077386238 237
1617120218393 0.6489647962348323 238
1617120218743 0.6813852853400583 239
1617120219107 0.6609062359411513 240
1617120219462 0.6754298968363492 241
1617120219768 0.6623258788221915 242
1617120220130 0.6630017992778441 243
1617120220478 0.6593118796000124 244
1617120220801 0.67556706225135 245
1617120221150 0.6809175384043002 246
1617120221490 0.6550367485845974 247
1617120221802 0.6629030057122423 248
1617120222145 0.6704996735939261 249
1617120222495 0.673344008067251 250
1617120222858 0.6810354274192996 251
1617120223167 0.6584151539526902 252
1617120223504 0.640193790692981 253
1617120223821 0.6591542703357892 254
1617120224164 0.6712401776091025 255
1617120224477 0.6739205998912754 256
1617120224772 0.6772511517893798 257
1617120225075 0.6809839549793941 258
1617120225411 0.672965678477646 259
1617120225721 0.662492186693758 260
1617120226053 0.6802636188406856 261
1617120226366 0.6720134609625907 262
1617120226707 0.6604094566716169 263
1617120227074 0.6801063553909554 264
1617120227430 0.6779877440440961 265
1617120227891 0.6794702792625021 266
1617120228230 0.6737528974953818 267
1617120228673 0.676822641186299 268
1617120229063 0.6825566004335535 269
1617120229482 0.6750241638262265 270
1617120230022 0.673188036331856 271
1617120230375 0.6766113332217483 272
1617120230722 0.684525716010293 273
1617120231126 0.6696601754088873 274
1617120231487 0.6781023035420755 275
1617120231848 0.684563166638484 276
1617120232200 0.6818289401561326 277
1617120232546 0.6846595899220694 278
1617120232849 0.678354243571805 279
1617120233158 0.6683526217768839 280
1617120233464 0.6761954672328188 281
1617120233807 0.6793562456052376 282
1617120234125 0.6825306111858788 283
1617120234446 0.6754133213119154 284
1617120234757 0.6879289474707428 285
1617120235172 0.6777428719522279 286
1617120235515 0.6762016602652263 287
1617120235868 0.667476555198357 288
1617120236207 0.6712704113906436 289
1617120236547 0.6730928938283698 290
1617120236858 0.688436474584263 291
1617120237177 0.6875871268694584 292
1617120237521 0.6697815806578444 293
1617120237837 0.6833442671051217 294
1617120238141 0.681803823054133 295
1617120238455 0.6796888564786561 296
1617120238789 0.6842190200987851 297
1617120239207 0.6864897727456305 298
1617120239537 0.6895439926696324 299
1617120239878 0.6771793660540427 300
1617120240206 0.6827169692577199 301
1617120240510 0.6873607166561836 302
1617120240807 0.6770973863039529 303
1617120241122 0.6847779555953144 304
1617120241433 0.6844833664310231 305
1617120241744 0.6856015223661182 306
1617120242075 0.687206454813612 307
1617120242401 0.6818397824084137 308
1617120242711 0.6724838120952812 309
1617120243019 0.6882932464305025 310
1617120243324 0.6860195505883923 311
1617120243690 0.6623191830144052 312
1617120244067 0.684794225039286 313
1617120244423 0.6767340954449701 314
1617120244783 0.6584820752465245 315
1617120245129 0.6856573156882905 316
1617120245457 0.6770194215027051 317
1617120245805 0.685141082109666 318
1617120246142 0.6846012556167094 319
1617120246465 0.6885110257579548 320
1617120246774 0.6862892750635221 321
1617120247103 0.6826682176370006 322
1617120247413 0.6787152322137221 323
1617120247726 0.6789516345131242 324
1617120248090 0.6853916166510136 325
1617120248411 0.6781935568856758 326
1617120248755 0.671916951250831 327
1617120249078 0.6819090567305046 328
1617120249373 0.6634350189810098 329
1617120249701 0.6841450745402828 330
1617120250035 0.6720942590913159 331
1617120250387 0.6858597030498657 332
1617120250713 0.6890819534996646 333
1617120251055 0.6719695854003574 334
1617120251362 0.6840985600432736 335
1617120251678 0.6788711809804352 336
1617120251991 0.6856848676392067 337
1617120252292 0.6846093975137092 338
1617120252590 0.6843935583088071 339
1617120252902 0.6921670645713938 340
1617120253282 0.6915776977861023 341
1617120253599 0.6853105390093256 342
1617120253964 0.6851708514093037 343
1617120254307 0.6886869190523481 344
1617120254639 0.6888959011011054 345
1617120255056 0.68548891129676 346
1617120255425 0.687196180608978 347
1617120255766 0.6785568486700688 348
1617120256155 0.6817135424997114 349
1617120256507 0.691996497455023 350
1617120256831 0.684372751430405 351
1617120257124 0.6784306563253959 352
1617120257434 0.6705663768168957 353
1617120257730 0.684301480854492 354
1617120258071 0.6872393052810106 355
1617120258387 0.6846025084884925 356
1617120258691 0.6897804848181421 357
1617120258989 0.68292697841518 358
1617120259353 0.6921641370608042 359
1617120259764 0.6887874582377778 360
1617120260145 0.6917605846811815 361
1617120260451 0.6894844132001282 362
1617120260756 0.6907777130591451 363
1617120261127 0.6901133845635057 364
1617120261567 0.6858658491495792 365
1617120261888 0.696989267431107 366
1617120262228 0.691404736617011 367
1617120262626 0.6899307849733434 368
1617120263011 0.6817220795880093 369
1617120263315 0.6821129030280438 370
1617120263621 0.659137461127792 371
1617120263937 0.6865762208678134 372
1617120264236 0.6898802437305681 373
1617120264573 0.6845351406903909 374
1617120264979 0.688040029143402 375
1617120265371 0.6866579370836905 376
1617120265684 0.6912873015486335 377
1617120266045 0.6826792440479742 378
1617120266439 0.6916364680912953 379
1617120266821 0.6894079507766855 380
1617120267158 0.6923584815771778 381
1617120267479 0.6919804959090875 382
1617120267798 0.6899249358994672 383
1617120268134 0.6944714020274471 384
1617120268449 0.6923855762397128 385
1617120268783 0.6891728741994162 386
1617120269102 0.6823223003638965 387
1617120269432 0.6928658583156483 388
1617120269818 0.6852489663953778 389
1617120270139 0.6939420109270785 390
1617120270447 0.6881724563305167 391
1617120270761 0.6861555161905196 392
1617120271094 0.6946569939953433 393
1617120271423 0.7003135292665129 394
1617120271722 0.6843453169952777 395
1617120272039 0.6807802024732102 396
1617120272353 0.6848725217265744 397
1617120272670 0.6916967085854407 398
1617120272986 0.6915399756528315 399
1617120273302 0.6867093916508397 400
1617120273608 0.6912755970196635 401
1617120273914 0.6935306410704928 402
1617120274220 0.6806244785678163 403
1617120274537 0.6895354234552041 404
1617120274850 0.686961601201158 405
1617120275139 0.691198181783564 406
1617120275477 0.6927479136876069 407
1617120275898 0.6834000851049004 408
1617120276269 0.7003308139821623 409
1617120276609 0.6935888882885807 410
1617120276956 0.6968308010652945 411
1617120277304 0.687602685043126 412
1617120277663 0.6883751135190942 413
1617120278016 0.6947684182199101 414
1617120278386 0.6992122292551519 415
1617120278732 0.6873408497950994 416
1617120279086 0.6955866001355131 417
1617120279475 0.6935890560531168 418
1617120279878 0.6919356120527695 419
1617120280248 0.6837970131225195 420
1617120280615 0.7005660915626467 421
1617120280973 0.6829453498524031 422
1617120281349 0.6976608167670558 423
1617120281717 0.6730016791504653 424
1617120282079 0.6982160870056767 425
1617120282432 0.6798571820005573 426
1617120282776 0.6764484488086792 427
1617120283144 0.6916706842215326 428
1617120283496 0.6908135383914032 429
1617120283839 0.6924583972211934 430
1617120284203 0.6997521309243228 431
1617120284584 0.6915363475676238 432
1617120284949 0.6973407429566115 433
1617120285324 0.6880754731716848 434
1617120285632 0.7032633631446729 435
1617120286027 0.6898735057220188 436
1617120286335 0.6906770639658271 437
1617120286645 0.6938864385188366 438
1617120286936 0.6902729385290033 439
1617120287243 0.6979875734089785 440
1617120287543 0.6966047687525417 441
1617120287838 0.6957429622089438 442
1617120288144 0.6961377158888525 443
1617120288451 0.6920095259355077 444
1617120288764 0.68143414479986 445
1617120289063 0.6913671628105486 446
1617120289366 0.6974729346823468 447
1617120289668 0.6930271277243742 448
1617120289992 0.6879748753029077 449
1617120290368 0.6943193627487978 450
1617120290670 0.6913281526028896 451
1617120291010 0.6961302612282247 452
1617120291372 0.6870280418698215 453
1617120291718 0.6969203701848948 454
1617120292077 0.6972677154852611 455
1617120292443 0.6965824691833233 456
1617120292801 0.6896447099348375 457
1617120293162 0.6939206154157929 458
1617120293518 0.6998922379326005 459
1617120293879 0.6936582683706659 460
1617120294256 0.6928642653412099 461
1617120294628 0.7008290305330613 462
1617120295053 0.6989580844643364 463
1617120295409 0.6951394349093961 464
1617120295779 0.6994234029879203 465
1617120296161 0.6961549395829513 466
1617120296528 0.6960702568596975 467
1617120296905 0.6926881076859039 468
1617120297280 0.6923186391398718 469
1617120297641 0.7001191938870229 470
1617120298009 0.7040328741579499 471
1617120298384 0.6952792077067969 472
1617120298772 0.7032536083851405 473
1617120299128 0.6953153235849642 474
1617120299487 0.6917343202905368 475
1617120299848 0.6988169886675653 476
1617120300243 0.6939042146787306 477
1617120300612 0.6908589684639127 478
1617120300983 0.6974703976845925 479
1617120301344 0.6820677067285541 480
1617120301768 0.7011394318303218 481
1617120302148 0.6911309282983037 482
1617120302500 0.6981339124238297 483
1617120302841 0.6977526788413936 484
1617120303196 0.6981157646006785 485
1617120303548 0.6957257709083161 486
1617120303906 0.6878198694263971 487
1617120304269 0.6946932048164873 488
1617120304674 0.683364448255057 489
1617120305021 0.6915324934807858 490
1617120305377 0.6978513029253092 491
1617120305729 0.6976596902569552 492
1617120306098 0.6921410866178369 493
1617120306455 0.6945267428733715 494
1617120306806 0.7009200592713727 495
1617120307176 0.7004498452834503 496
1617120307519 0.6988315483215366 497
1617120307862 0.697074251418577 498
1617120308237 0.6976242755251039 499
