201,547
547,201
213,221
221,213
220,548
548,220
226,370
370,226
239,246
246,239
250,339
339,250
259,312
312,259
265,351
351,265
266,271
271,266
280,356
356,280
293,317
317,293
297,322
322,297
299,317
317,299
301,304
304,301
304,695
695,304
315,344
344,315
345,698
698,345
480,805
805,480
483,520
520,483
508,516
516,508
517,574
574,517
521,608
608,521
539,641
641,539
562,570
570,562
718,719
719,718
807,813
813,807
816,824
824,816
816,827
827,816
816,888
888,816
817,819
819,817
817,829
829,817
817,832
832,817
817,835
835,817
817,853
853,817
817,872
872,817
817,882
882,817
817,885
885,817
818,819
819,818
818,835
835,818
819,829
829,819
819,831
831,819
819,832
832,819
819,835
835,819
819,853
853,819
819,885
885,819
820,823
823,820
820,825
825,820
820,828
828,820
820,829
829,820
820,881
881,820
823,825
825,823
823,828
828,823
823,830
830,823
823,883
883,823
823,886
886,823
823,887
887,823
824,827
827,824
824,830
830,824
824,834
834,824
824,883
883,824
824,887
887,824
824,888
888,824
825,828
828,825
825,829
829,825
825,830
830,825
825,832
832,825
825,833
833,825
825,881
881,825
825,886
886,825
826,828
828,826
827,834
834,827
827,888
888,827
828,881
881,828
828,886
886,828
829,830
830,829
829,832
832,829
829,833
833,829
829,853
853,829
829,872
872,829
829,881
881,829
829,884
884,829
829,885
885,829
830,833
833,830
830,834
834,830
830,883
883,830
830,884
884,830
830,886
886,830
830,887
887,830
831,853
853,831
832,833
833,832
832,835
835,832
832,853
853,832
832,872
872,832
832,881
881,832
832,885
885,832
833,853
853,833
833,884
884,833
834,854
854,834
834,883
883,834
834,887
887,834
834,888
888,834
835,882
882,835
836,837
837,836
836,845
845,836
836,846
846,836
836,848
848,836
836,849
849,836
836,851
851,836
836,852
852,836
836,857
857,836
836,861
861,836
836,862
862,836
836,863
863,836
836,864
864,836
836,865
865,836
836,868
868,836
836,871
871,836
836,874
874,836
837,839
839,837
837,842
842,837
837,843
843,837
837,844
844,837
837,845
845,837
837,848
848,837
837,849
849,837
837,852
852,837
837,856
856,837
837,857
857,837
837,859
859,837
837,861
861,837
837,862
862,837
837,864
864,837
837,866
866,837
837,868
868,837
837,871
871,837
837,873
873,837
837,874
874,837
837,875
875,837
837,877
877,837
837,878
878,837
837,879
879,837
838,839
839,838
838,840
840,838
838,841
841,838
838,843
843,838
838,844
844,838
838,850
850,838
838,855
855,838
838,856
856,838
838,869
869,838
838,870
870,838
838,873
873,838
838,875
875,838
838,876
876,838
838,877
877,838
838,879
879,838
839,841
841,839
839,842
842,839
839,843
843,839
839,844
844,839
839,845
845,839
839,848
848,839
839,849
849,839
839,852
852,839
839,856
856,839
839,859
859,839
839,864
864,839
839,866
866,839
839,868
868,839
839,869
869,839
839,871
871,839
839,873
873,839
839,874
874,839
839,875
875,839
839,876
876,839
839,877
877,839
839,878
878,839
839,879
879,839
840,841
841,840
840,844
844,840
840,855
855,840
840,856
856,840
840,869
869,840
840,870
870,840
840,876
876,840
840,877
877,840
841,843
843,841
841,844
844,841
841,850
850,841
841,855
855,841
841,856
856,841
841,869
869,841
841,870
870,841
841,873
873,841
841,875
875,841
841,876
876,841
841,877
877,841
841,879
879,841
842,843
843,842
842,844
844,842
842,845
845,842
842,848
848,842
842,849
849,842
842,852
852,842
842,856
856,842
842,859
859,842
842,864
864,842
842,866
866,842
842,868
868,842
842,871
871,842
842,873
873,842
842,875
875,842
842,877
877,842
842,878
878,842
842,879
879,842
843,844
844,843
843,845
845,843
843,856
856,843
843,859
859,843
843,864
864,843
843,866
866,843
843,869
869,843
843,871
871,843
843,873
873,843
843,875
875,843
843,876
876,843
843,877
877,843
843,879
879,843
844,845
845,844
844,848
848,844
844,849
849,844
844,852
852,844
844,856
856,844
844,859
859,844
844,864
864,844
844,866
866,844
844,869
869,844
844,871
871,844
844,873
873,844
844,875
875,844
844,876
876,844
844,877
877,844
844,879
879,844
845,848
848,845
845,849
849,845
845,852
852,845
845,856
856,845
845,859
859,845
845,864
864,845
845,865
865,845
845,866
866,845
845,868
868,845
845,871
871,845
845,873
873,845
845,874
874,845
845,875
875,845
845,877
877,845
845,878
878,845
845,879
879,845
846,851
851,846
846,857
857,846
846,858
858,846
846,861
861,846
846,862
862,846
846,863
863,846
846,868
868,846
846,874
874,846
847,880
880,847
848,849
849,848
848,852
852,848
848,857
857,848
848,858
858,848
848,862
862,848
848,864
864,848
848,868
868,848
848,871
871,848
848,874
874,848
848,875
875,848
849,852
852,849
849,856
856,849
849,857
857,849
849,858
858,849
849,862
862,849
849,864
864,849
849,868
868,849
849,871
871,849
849,874
874,849
849,875
875,849
849,877
877,849
850,855
855,850
850,860
860,850
850,873
873,850
851,857
857,851
851,858
858,851
851,861
861,851
851,862
862,851
851,863
863,851
851,864
864,851
851,865
865,851
851,868
868,851
851,871
871,851
851,874
874,851
852,856
856,852
852,859
859,852
852,864
864,852
852,865
865,852
852,866
866,852
852,868
868,852
852,871
871,852
852,874
874,852
852,875
875,852
852,877
877,852
852,878
878,852
852,879
879,852
853,884
884,853
853,885
885,853
854,884
884,854
855,856
856,855
855,860
860,855
855,873
873,855
855,876
876,855
855,877
877,855
856,859
859,856
856,864
864,856
856,866
866,856
856,869
869,856
856,871
871,856
856,873
873,856
856,875
875,856
856,876
876,856
856,877
877,856
856,879
879,856
857,858
858,857
857,861
861,857
857,862
862,857
857,863
863,857
857,864
864,857
857,868
868,857
857,871
871,857
857,874
874,857
858,861
861,858
858,862
862,858
858,863
863,858
858,867
867,858
858,871
871,858
858,874
874,858
858,880
880,858
859,864
864,859
859,866
866,859
859,868
868,859
859,871
871,859
859,873
873,859
859,875
875,859
859,877
877,859
859,878
878,859
859,879
879,859
860,873
873,860
860,879
879,860
861,862
862,861
861,863
863,861
861,864
864,861
861,865
865,861
861,868
868,861
861,871
871,861
861,874
874,861
862,863
863,862
862,864
864,862
862,867
867,862
862,868
868,862
862,871
871,862
862,874
874,862
862,880
880,862
863,867
867,863
863,868
868,863
863,871
871,863
863,874
874,863
863,880
880,863
864,865
865,864
864,866
866,864
864,868
868,864
864,871
871,864
864,874
874,864
864,875
875,864
864,878
878,864
864,879
879,864
865,868
868,865
866,868
868,866
866,873
873,866
866,875
875,866
866,877
877,866
866,878
878,866
866,879
879,866
867,880
880,867
868,871
871,868
868,874
874,868
869,870
870,869
869,873
873,869
869,876
876,869
869,877
877,869
869,879
879,869
870,876
876,870
871,874
874,871
871,875
875,871
871,879
879,871
872,881
881,872
872,885
885,872
873,875
875,873
873,876
876,873
873,877
877,873
873,879
879,873
875,876
876,875
875,877
877,875
875,878
878,875
875,879
879,875
876,877
877,876
876,879
879,876
877,878
878,877
877,879
879,877
878,879
879,878
881,885
885,881
883,886
886,883
883,887
887,883
883,888
888,883
884,887
887,884
886,887
887,886
887,888
888,887
890,895
895,890
893,894
894,893
896,903
903,896
897,898
898,897
897,899
899,897
897,900
900,897
897,901
901,897
897,905
905,897
898,899
899,898
898,900
900,898
898,901
901,898
899,900
900,899
899,901
901,899
900,901
901,900
902,903
903,902
904,905
905,904
908,909
909,908
908,910
910,908
908,911
911,908
908,912
912,908
908,913
913,908
908,914
914,908
908,915
915,908
908,916
916,908
908,917
917,908
909,910
910,909
909,911
911,909
909,912
912,909
909,913
913,909
909,914
914,909
909,915
915,909
909,916
916,909
909,917
917,909
910,911
911,910
910,912
912,910
910,913
913,910
910,914
914,910
910,915
915,910
910,916
916,910
910,917
917,910
911,912
912,911
911,913
913,911
911,914
914,911
911,915
915,911
911,916
916,911
911,917
917,911
912,913
913,912
912,914
914,912
912,915
915,912
912,916
916,912
912,917
917,912
913,914
914,913
913,915
915,913
913,916
916,913
913,917
917,913
914,915
915,914
914,916
916,914
914,917
917,914
915,916
916,915
915,917
917,915
916,917
917,916
919,943
943,919
919,952
952,919
919,953
953,919
919,961
961,919
919,963
963,919
919,964
964,919
919,968
968,919
920,921
921,920
920,922
922,920
920,923
923,920
920,925
925,920
920,943
943,920
920,944
944,920
920,950
950,920
920,953
953,920
920,954
954,920
920,956
956,920
920,957
957,920
920,958
958,920
920,959
959,920
920,960
960,920
920,961
961,920
920,962
962,920
920,963
963,920
920,964
964,920
920,965
965,920
920,966
966,920
920,967
967,920
921,922
922,921
921,923
923,921
921,924
924,921
921,925
925,921
921,928
928,921
921,944
944,921
921,946
946,921
921,949
949,921
921,950
950,921
921,954
954,921
921,958
958,921
921,959
959,921
922,923
923,922
922,924
924,922
922,925
925,922
922,928
928,922
922,944
944,922
922,946
946,922
922,949
949,922
922,950
950,922
922,954
954,922
922,956
956,922
922,957
957,922
922,958
958,922
922,959
959,922
922,960
960,922
922,961
961,922
922,962
962,922
922,964
964,922
922,965
965,922
922,966
966,922
922,967
967,922
923,924
924,923
923,925
925,923
923,928
928,923
923,944
944,923
923,946
946,923
923,948
948,923
923,949
949,923
923,950
950,923
923,954
954,923
923,958
958,923
923,959
959,923
923,960
960,923
923,962
962,923
923,966
966,923
923,967
967,923
924,925
925,924
924,928
928,924
924,929
929,924
924,930
930,924
924,931
931,924
924,932
932,924
924,933
933,924
924,934
934,924
924,935
935,924
924,937
937,924
924,946
946,924
924,947
947,924
924,948
948,924
924,949
949,924
924,950
950,924
925,928
928,925
925,929
929,925
925,930
930,925
925,931
931,925
925,944
944,925
925,945
945,925
925,946
946,925
925,947
947,925
925,948
948,925
925,949
949,925
925,950
950,925
927,929
929,927
927,930
930,927
927,931
931,927
927,932
932,927
927,933
933,927
927,934
934,927
927,935
935,927
927,936
936,927
927,937
937,927
927,938
938,927
927,939
939,927
927,940
940,927
927,941
941,927
927,942
942,927
928,929
929,928
928,930
930,928
928,931
931,928
928,932
932,928
928,933
933,928
928,934
934,928
928,935
935,928
928,936
936,928
928,937
937,928
928,938
938,928
928,944
944,928
928,945
945,928
928,946
946,928
928,947
947,928
928,948
948,928
928,949
949,928
928,950
950,928
929,930
930,929
929,931
931,929
929,932
932,929
929,933
933,929
929,934
934,929
929,935
935,929
929,936
936,929
929,937
937,929
929,938
938,929
929,939
939,929
929,940
940,929
929,941
941,929
929,945
945,929
929,946
946,929
929,947
947,929
929,948
948,929
930,931
931,930
930,932
932,930
930,933
933,930
930,934
934,930
930,935
935,930
930,936
936,930
930,937
937,930
930,938
938,930
930,939
939,930
930,940
940,930
930,941
941,930
930,945
945,930
930,946
946,930
930,947
947,930
930,948
948,930
930,949
949,930
931,932
932,931
931,933
933,931
931,934
934,931
931,935
935,931
931,936
936,931
931,937
937,931
931,938
938,931
931,939
939,931
931,940
940,931
931,941
941,931
931,945
945,931
931,947
947,931
931,948
948,931
932,933
933,932
932,934
934,932
932,935
935,932
932,936
936,932
932,937
937,932
932,938
938,932
932,939
939,932
932,940
940,932
932,941
941,932
932,945
945,932
932,947
947,932
932,948
948,932
933,934
934,933
933,935
935,933
933,936
936,933
933,937
937,933
933,938
938,933
933,939
939,933
933,940
940,933
933,941
941,933
933,945
945,933
933,947
947,933
933,948
948,933
934,935
935,934
934,936
936,934
934,937
937,934
934,938
938,934
934,939
939,934
934,940
940,934
934,941
941,934
934,945
945,934
934,946
946,934
934,947
947,934
934,948
948,934
935,936
936,935
935,937
937,935
935,938
938,935
935,939
939,935
935,940
940,935
935,941
941,935
935,947
947,935
936,937
937,936
936,938
938,936
936,939
939,936
936,940
940,936
936,941
941,936
937,938
938,937
937,939
939,937
937,940
940,937
937,941
941,937
937,945
945,937
937,947
947,937
938,939
939,938
938,940
940,938
938,941
941,938
938,947
947,938
939,940
940,939
939,941
941,939
940,941
941,940
943,951
951,943
943,952
952,943
943,953
953,943
943,954
954,943
943,955
955,943
943,956
956,943
943,957
957,943
943,958
958,943
943,959
959,943
943,960
960,943
943,961
961,943
943,962
962,943
943,963
963,943
943,964
964,943
943,965
965,943
943,966
966,943
943,967
967,943
943,968
968,943
944,945
945,944
944,946
946,944
944,947
947,944
944,948
948,944
944,949
949,944
944,950
950,944
944,951
951,944
944,953
953,944
944,955
955,944
944,956
956,944
944,957
957,944
944,958
958,944
944,959
959,944
944,960
960,944
944,961
961,944
944,962
962,944
944,965
965,944
944,966
966,944
944,967
967,944
945,946
946,945
945,947
947,945
945,948
948,945
945,949
949,945
945,950
950,945
946,947
947,946
946,948
948,946
946,949
949,946
946,950
950,946
946,957
957,946
946,958
958,946
946,959
959,946
946,962
962,946
946,966
966,946
946,967
967,946
947,948
948,947
947,949
949,947
947,950
950,947
948,949
949,948
948,950
950,948
948,957
957,948
948,962
962,948
948,966
966,948
949,950
950,949
949,957
957,949
949,958
958,949
949,959
959,949
949,962
962,949
949,966
966,949
950,954
954,950
950,956
956,950
950,957
957,950
950,958
958,950
950,959
959,950
950,960
960,950
950,961
961,950
950,962
962,950
950,965
965,950
950,966
966,950
950,967
967,950
951,953
953,951
951,955
955,951
951,956
956,951
951,957
957,951
951,958
958,951
951,959
959,951
951,960
960,951
951,961
961,951
951,962
962,951
951,964
964,951
951,965
965,951
951,966
966,951
951,967
967,951
951,968
968,951
952,953
953,952
952,955
955,952
952,963
963,952
952,964
964,952
952,968
968,952
953,954
954,953
953,955
955,953
953,956
956,953
953,957
957,953
953,958
958,953
953,959
959,953
953,960
960,953
953,961
961,953
953,962
962,953
953,963
963,953
953,964
964,953
953,965
965,953
953,966
966,953
953,967
967,953
953,968
968,953
954,955
955,954
954,956
956,954
954,957
957,954
954,958
958,954
954,959
959,954
954,960
960,954
954,961
961,954
954,962
962,954
954,963
963,954
954,964
964,954
954,965
965,954
954,966
966,954
954,967
967,954
955,956
956,955
955,957
957,955
955,958
958,955
955,959
959,955
955,960
960,955
955,961
961,955
955,962
962,955
955,963
963,955
955,964
964,955
955,965
965,955
955,966
966,955
955,967
967,955
955,968
968,955
956,957
957,956
956,958
958,956
956,959
959,956
956,960
960,956
956,961
961,956
956,962
962,956
956,963
963,956
956,964
964,956
956,965
965,956
956,966
966,956
956,967
967,956
956,968
968,956
957,958
958,957
957,959
959,957
957,960
960,957
957,961
961,957
957,962
962,957
957,963
963,957
957,964
964,957
957,965
965,957
957,966
966,957
957,967
967,957
958,959
959,958
958,960
960,958
958,961
961,958
958,962
962,958
958,963
963,958
958,964
964,958
958,965
965,958
958,966
966,958
958,967
967,958
959,960
960,959
959,961
961,959
959,962
962,959
959,963
963,959
959,964
964,959
959,965
965,959
959,966
966,959
959,967
967,959
959,968
968,959
960,961
961,960
960,962
962,960
960,963
963,960
960,964
964,960
960,965
965,960
960,966
966,960
960,967
967,960
960,968
968,960
961,962
962,961
961,963
963,961
961,964
964,961
961,965
965,961
961,966
966,961
961,967
967,961
961,968
968,961
962,963
963,962
962,964
964,962
962,965
965,962
962,966
966,962
962,967
967,962
963,964
964,963
963,965
965,963
963,966
966,963
963,967
967,963
963,968
968,963
964,965
965,964
964,966
966,964
964,967
967,964
964,968
968,964
965,966
966,965
965,967
967,965
965,968
968,965
966,967
967,966
967,968
968,967
