7.0609375000000005,4.654375,-1.3775000000000002
8.748125,5.0424999999999995,-2.44375
8.08625,5.0493749999999995,-2.6178124999999994
9.0790625,6.272812499999999,-2.8303125
8.627812500000001,4.718437499999999,0.8324999999999998
6.4725,4.112500000000001,-1.8053124999999999
8.264375,3.32125,-3.8671875
7.7212499999999995,2.8159375000000004,-4.729374999999999
10.3571875,3.3987499999999997,-2.2371875
8.780937499999999,2.9496875000000005,-2.451875
9.271875,1.1596874999999995,-4.476875
7.1121875,2.0390625,-2.5940624999999997
8.301875,2.3865625,-3.3093750000000006
9.637812499999999,2.6428125,-2.5799999999999996
8.980625,0.7409374999999998,-3.38875
8.989374999999999,1.1281249999999998,-3.52625
8.4559375,1.4775,-0.7418750000000002
5.9334375,0.17718750000000005,-1.1987499999999998
6.8575,1.24375,-0.7921874999999998
6.8815625,1.1431250000000002,-3.1049999999999995
8.44,0.36687499999999984,-5.6546875
7.988437500000001,1.3578125,-1.8768749999999996
7.900625,-1.053125,-2.32875
7.9728125,1.5740625000000001,0.5359375
9.269062499999999,0.4850000000000001,0.47906249999999995
9.399375000000001,0.2731249999999996,-0.48437499999999994
7.8878125,4.4846875,0.5140625000000001
0.4171875,9.472187499999999,-0.09468750000000009
-2.4396875,8.786562499999999,0.08812499999999979
-3.825,8.4390625,0.6175
-5.0225,9.0621875,1.1709375000000002
-3.5487499999999996,9.848125,0.63375
-5.8096875,8.3503125,0.3078125
-5.9128125,8.011249999999999,1.595625
-6.2203125,8.1565625,0.37812499999999993
-6.5565625,8.7215625,0.17937500000000006
-8.086875,7.8653125,0.006874999999999742
-7.040312500000001,8.0559375,0.7250000000000003
-7.2471875,7.680000000000001,0.8971874999999998
-6.3365625,5.7221874999999995,0.36343749999999997
-7.788125,5.5271875,-1.4503125000000001
-5.969374999999999,8.04625,-0.6493750000000001
-8.3615625,6.457812499999999,-0.48968750000000016
-7.825625,6.048125,-0.16625
-9.631562500000001,7.2221875,-1.0809375
-7.8334375,6.4259375,1.470625
-8.2765625,6.5859375,0.17125000000000012
-8.1753125,5.939375000000001,1.0128125000000001
-6.69,3.855625,-0.7034374999999998
-6.1003125,2.06125,-0.46968750000000004
-2.6149999999999993,6.930937500000001,0.5109375
-3.4865625000000002,9.162500000000001,0.7862500000000001
-4.5215625,9.556875,0.933125
-5.208749999999999,8.483125,0.4493750000000001
-5.555,7.8675,0.5175
-6.536875,7.981249999999999,0.03374999999999995
-6.132187500000001,9.44,-0.5490625
-6.84375,9.040937499999998,-0.3349999999999999
-6.0721875,8.250625,0.08843749999999984
-8.02125,8.785,2.3859375
-6.80625,6.5784375,1.3546875
-7.3090625,7.365,-0.2350000000000001
-6.44125,8.1603125,0.20750000000000002
-7.3978125,9.1809375,0.43343750000000014
-7.717499999999999,7.873749999999999,-0.9303124999999999
-6.3778125,7.18375,0.26531250000000006
-6.4090625,7.835,0.28124999999999994
-7.7246875,8.6403125,0.9606249999999997
-7.165000000000001,8.2775,2.55125
-7.1899999999999995,7.8996875,0.9571875000000001
-3.8128124999999997,7.748125,0.8825
-6.30125,9.53875,2.3856249999999997
-6.0971875,7.6078125,0.3659375
-7.446249999999999,8.2425,0.8768750000000001
-8.2765625,8.5025,1.3531250000000001
-6.995312500000001,7.586874999999999,0.824375
-4.5928125,9.9128125,0.5459375
-6.088749999999999,8.0778125,0.4915625
-5.4896875000000005,8.6309375,0.7871874999999999
-6.563124999999999,6.7690625,-0.7218750000000003
-6.420000000000001,7.6603125,0.2053124999999998
-7.9471875,5.8546875,1.4715624999999999
-6.909999999999999,7.354999999999999,0.3696874999999997
-9.5609375,7.0446875,0.7343749999999999
-7.642499999999999,6.391875,-0.4253125
-8.101875,7.1203125,0.12281249999999982
-6.744375000000001,6.464062500000001,0.6028125
-8.6334375,5.8840625,-1.1071875000000002
-8.4084375,6.793749999999999,-1.0434375
-7.6340625,5.8515625,0.08374999999999977
-4.406874999999999,6.275625,-0.9109375000000001
0.024375000000000036,9.3625,-0.7056249999999998
-6.78125,7.3971875,-0.15625
-6.0303125,5.4921875,-0.2300000000000001
-6.977812500000001,5.5034375,-0.09687500000000004
-8.210625,6.2309375,-0.3259375
-7.916874999999999,5.4803125,-0.07531250000000012
-7.9653125,3.0346875,-0.17406250000000012
-7.5493749999999995,1.4693749999999999,0.2625000000000002
0.98125,8.7759375,-0.494375
2.9815625000000003,8.0075,-0.8584375000000001
-3.8659374999999994,7.3765624999999995,0.7271875
-4.6656249999999995,9.0371875,0.940625
-4.609999999999999,9.2890625,1.3184374999999997
-6.8671875,7.3159375,1.313125
-7.969375,7.1975,-0.473125
-7.811875000000001,5.2834375,0.23625000000000018
-11.7359375,0.6468750000000001,-2.0834375
-9.464062499999999,3.8565625,0.130625
-9.227812499999999,3.8187499999999996,-0.3756250000000001
-8.329687499999999,3.8359375,0.621875
-7.110625000000001,5.346875000000001,-1.63625
-7.77375,9.4803125,1.448125
1.8184375000000002,8.4775,1.2065625
4.114062499999999,7.5665625,1.28625
0.03093749999999995,8.9615625,-0.6950000000000001
-3.2890625000000004,9.36875,0.2981249999999999
-5.139375,9.4403125,-0.9228125
-5.259062500000001,8.3621875,0.255
-3.388125,8.455,-0.21000000000000002
-8.8271875,10.016875,0.5175000000000001
-0.7287500000000001,7.407500000000001,-0.7753125000000001
4.401875,8.58,-0.3628125
1.4565625,8.98125,-1.2265625
-1.5984375,9.715,-0.5631250000000001
-3.9843750000000004,8.78875,-2.140625
0.07874999999999999,9.416562500000001,-1.4353124999999998
-2.128125,7.050625,-1.038125
-4.07375,8.272812499999999,-1.3684375
-2.4746875000000004,9.2384375,-0.6300000000000001
-3.8015625000000006,9.014062500000001,-0.5453124999999999
-0.6056250000000001,8.505937499999998,0.10343749999999985
-1.8015625,7.233124999999999,-0.5996874999999999
-3.3390625,9.004375,-0.7693750000000001
-0.618125,8.919062499999999,-0.13093749999999993
3.6265625,11.62125,4.0103125
0.30406249999999996,10.3821875,0.5653125000000001
-0.5565624999999998,9.1346875,-0.10218749999999976
3.7815624999999997,6.61375,3.58625
3.1925,8.8371875,1.3671875
2.7496875000000003,7.9246875,0.8374999999999999
2.2228125,9.462187499999999,-0.270625
1.1828125,9.356875,-0.9050000000000001
0.7125,9.1178125,-0.628125
1.9081249999999996,7.7134375,-0.044062500000000004
2.5321875,8.41375,-0.20999999999999974
0.6565624999999999,9.325625,-0.0993750000000001
0.4275,9.483125,0.035937499999999956
1.2384374999999999,8.5475,-0.5109375
0.6737500000000001,8.181249999999999,0.7025000000000002
-1.3912499999999999,9.4665625,1.1387500000000002
-3.64875,9.7753125,0.002187499999999898
-4.8140625,8.760625000000001,-0.1150000000000001
-4.756874999999999,7.413437500000001,-0.22468750000000015
-4.8296875,8.1253125,0.3853125
-5.83,8.5903125,0.7943749999999998
-5.995625,9.4453125,-0.21500000000000008
-6.2496875,7.8228125,0.30906250000000013
-6.8234375,7.511875,0.38687499999999986
-6.0809375,6.0159375,0.2499999999999999
-6.9425,7.6834375,-0.5571874999999998
-0.7628125,8.0590625,-0.454375
-5.0043750000000005,7.366562500000001,-0.9212499999999999
-4.900625,4.617812499999999,-0.12625000000000014
-7.3053125,5.210625000000001,-0.27156250000000004
-6.5309375,7.290625,-1.32375
3.1696874999999998,8.656875,-1.5853125
2.8646875,7.899687500000001,-0.7134375000000002
-1.9896875,7.187812500000001,-0.7756249999999999
-5.150625,8.365625000000001,0.9409375
-7.495625,6.96875,1.8871874999999998
-8.7490625,4.4103125,-0.21781250000000008
-6.866249999999999,6.129375000000001,0.4281249999999999
3.4859375,7.2603125,-0.9118750000000001
-1.0659375,9.018749999999999,-0.7709374999999999
-2.1040625,9.2475,0.21468750000000003
2.500625,7.9665625,0.9134375000000001
-0.27937500000000004,8.7575,-0.5459374999999999
-1.7037500000000003,9.948125000000001,0.39156250000000004
-4.99875,9.236875000000001,-0.3218750000000001
-4.934687500000001,8.540625,-0.19062499999999993
-4.4084375,8.2278125,0.34562499999999996
-6.40125,6.9634374999999995,-0.2946875
-7.029375,6.0509375,0.1065625
-7.602187499999999,7.6553125,-0.1471875
-7.1075,3.9953125,0.4021875
-7.40875,4.6865625,-1.1653124999999998
-8.2665625,4.279999999999999,-0.4553125
-7.9515625,4.255,-0.1390625000000001
-7.36125,4.1634375,-0.6259374999999999
-7.090624999999999,4.2928125,0.1990625000000001
-8.1946875,2.5640625,-0.39093750000000005
-8.9634375,2.075625,-0.5028124999999999
-8.716875,0.7565625,-0.4809375000000001
-8.525624999999998,-1.1315625000000002,-0.26843749999999994
-7.248749999999999,-4.313125,0.26562499999999994
2.4740624999999996,3.5653125,1.0834375
8.261875,6.1240625,-0.04249999999999998
7.45125,6.2934375,-0.04375000000000001
7.0934375,6.5121875,-0.2531250000000001
6.8925,6.759375000000001,-0.10031250000000005
7.455,6.67,-0.05968749999999999
8.120625,6.5649999999999995,-0.3849999999999999
7.07,6.508125,-0.03843750000000001
8.038125,6.297812500000001,0.044375000000000026
7.7856250000000005,6.276562500000001,-0.20437499999999995
7.02625,6.1028125,-0.7721875
7.9296875,6.406874999999999,-0.09062499999999998
7.28875,6.126250000000001,0.23093750000000013
8.30375,6.1959375,-0.16718749999999996
7.0853125,5.9059375,-0.003749999999999948
7.3690625,6.0728124999999995,-0.6831250000000001
7.31625,6.2234375,0.08343749999999998
7.480625,6.131875,-0.274375
8.211875,6.266875000000001,-0.14562500000000006
7.2575,6.184374999999999,-0.195
7.461875,6.025,-0.014374999999999943
7.778125,6.441875,-0.4075
5.264374999999999,6.3809375,0.43656249999999985
7.331875,7.5390625,-0.06531249999999994
7.329062499999999,6.190625000000001,0.075625
8.323125,5.616562500000001,-0.745625
7.110312499999999,6.235625000000001,-0.05812499999999996
7.5825000000000005,6.38375,-0.4725
7.8928125,6.4609375,-0.51
7.5353125,5.9468749999999995,0.3534375
8.423124999999999,6.9921875,-0.72875
6.8746875,5.9053125,-0.688125
8.259375,6.247812499999999,-0.03656249999999994
7.01,6.3496875,-0.04343749999999996
8.39,6.1815625,-0.48343749999999996
7.0221875,6.3478125,-0.5003125
8.0021875,6.090937500000001,-0.4403125
7.9134375,6.094687500000001,-0.5003124999999999
7.1046875,6.056875,-0.23249999999999993
7.866875,6.56875,-0.14999999999999988
7.7534375,6.303750000000001,-0.7015625
7.4390625,6.4243749999999995,-0.725
8.061874999999999,5.9178125,-0.5562499999999999
8.3415625,6.8540624999999995,-0.0812499999999999
6.6096875,6.120312500000001,-0.12281249999999999
8.808125,6.3528125,-0.6737500000000001
7.147499999999999,5.8628125,-0.14187499999999997
7.9378125,6.063125,-0.025625000000000037
6.384062500000001,6.403125,-1.0459375
8.115937500000001,5.924687500000001,-0.62
10.0425,7.223750000000001,-0.34468750000000004
7.9065625,5.5328124999999995,0.03906249999999989
7.517812500000001,6.209999999999999,-0.514375
8.216249999999999,5.794375,-0.43437499999999996
8.10125,6.6153125,0.7996875000000001
8.203125,5.7128125,-0.04187500000000011
8.6725,5.999062500000001,-0.6271874999999999
7.6715625,5.3321875,-0.4490624999999999
8.6596875,6.0315625,-0.29593749999999996
7.3415625,5.686249999999999,-0.25656249999999997
8.4375,5.218749999999999,-0.4
7.260937500000001,6.311875,-0.10312500000000001
7.985312500000001,5.833125,-0.3959375
7.5775,5.561249999999999,-0.1790625
7.96,6.12375,-0.9809375
7.8871875000000005,5.5253125,-0.15000000000000008
8.83625,5.5059375,-0.2534375000000001
7.655625000000001,5.6503125,-0.17593749999999997
8.1071875,5.5528125,-0.525
7.9596875,5.5303125,-0.73125
6.957812499999999,5.2534375,-0.10406250000000006
8.6059375,6.184374999999999,-0.5521875
8.083124999999999,4.9965625,-0.650625
9.0859375,6.062187499999999,-0.691875
7.965625,5.4709375,-0.7596874999999998
9.241875,6.1521875,-0.3000000000000001
7.38375,5.166875,-0.006250000000000089
8.649375000000001,5.7459375,-0.08499999999999999
6.9309375,5.5146875,-0.9309374999999999
8.0871875,5.6884375,-0.38312500000000005
8.555,5.501250000000001,-0.5890625
8.006875,5.50625,-0.2990624999999999
8.3084375,5.3025,-0.48625
8.181875,5.2328125,-0.464375
8.365625,6.2056249999999995,-0.33999999999999997
8.11875,5.75375,0.09937499999999999
8.964062499999999,6.324375,0.004062499999999997
7.3565625,4.878125,-0.33875
9.1990625,5.231875,-0.4646875000000001
6.6753124999999995,5.3209375,-0.36125000000000007
8.608125000000001,5.6228125,-0.1378125000000001
7.5215625,5.7528125,-0.761875
7.86125,5.041875,-0.2943749999999999
7.280625000000001,5.227812500000001,0.025624999999999926
8.284375,5.166875,-0.8928125000000001
8.3015625,5.7209375,-0.19281250000000016
8.254375,5.2896875,-0.14656250000000004
9.170937499999999,5.92875,-0.43625
7.393750000000001,5.5034375,-0.10500000000000004
8.765625,5.1678125,-0.34562499999999996
8.05625,5.9103125,-0.3487499999999999
8.2925,6.0559375,-0.12156249999999996
8.164375,5.3521875,-0.19
8.241249999999999,5.946875,-0.5678125
7.625312500000001,5.545,-0.5184375
7.491249999999999,4.6034375,-0.19687500000000002
8.5359375,6.11,-0.42218749999999994
7.687812500000001,5.579375,-0.49781250000000005
9.571874999999999,5.6775,-0.49781249999999994
7.525625,5.3215625,0.014062500000000033
9.202187499999999,4.841875,-0.5218750000000001
7.3340625,5.6125,-0.15125000000000008
8.981875,4.77125,-0.826875
7.67375,5.784375,-0.2796875
7.8709375,5.5825000000000005,-0.688125
7.991250000000001,5.766875,-0.4528125000000001
8.102500000000001,4.8490625000000005,0.004062499999999969
8.964375,5.610625,-0.7300000000000002
7.4165624999999995,5.483437499999999,0.10156250000000004
9.0421875,5.22125,-0.935
8.2265625,5.3475,-0.13437500000000002
9.320625,5.7318750000000005,0.004375000000000018
7.6518749999999995,5.1284374999999995,-0.25281250000000005
8.5978125,5.2865625000000005,-0.7084374999999999
7.945625,6.004687499999999,-0.60875
8.0771875,5.8353125,-0.29281250000000003
8.079374999999999,5.26375,-0.6012500000000001
8.828125,4.598125,0.10281249999999992
8.8409375,5.6565625,-0.28718749999999993
7.4165624999999995,4.768437499999999,0.019999999999999796
9.0565625,4.820625,-0.04250000000000001
8.08625,5.36625,-0.024062499999999987
7.9859375,5.3240625,-0.0006249999999999867
8.534062500000001,4.9690625,-0.5975000000000001
8.3875,5.3090625,-0.3128125
8.025,5.5975,-0.785625
8.591874999999998,4.9159375,0.27312499999999995
9.1453125,5.270312499999999,-0.7815625000000002
7.805624999999999,5.2640625,0.3253124999999999
8.608125,4.875937499999999,-0.390625
8.0871875,5.020312499999999,-0.4421875
8.285,5.1759375,-0.32375
8.2115625,5.7609375,-0.41999999999999993
8.123125,4.7209375,0.1912500000000001
8.540625,6.3525,-0.2640625
7.987500000000001,5.006562499999999,0.007187499999999902
9.370625,5.034375000000001,0.019687499999999913
7.3306249999999995,5.528437500000001,0.11343750000000005
8.7221875,5.498749999999999,-0.49687499999999996
8.10875,5.0428125,-0.2559375
8.264999999999999,4.951875000000001,-0.15781250000000005
8.483125000000001,5.6440625,-0.06499999999999995
8.711875,5.618125,-0.3237500000000001
8.3946875,4.8465625,-0.19218749999999996
8.1834375,5.5109375,-0.5228125
7.9125000000000005,5.2246875,-0.19906249999999998
8.412500000000001,5.3321875,0.421875
8.659062500000001,5.4825,-0.26874999999999993
8.59,5.210312500000001,0.3246874999999999
8.19875,5.1540625,-0.5090625
7.6762500000000005,4.7521875,-0.6103125
8.7646875,5.0546875,-0.10281249999999997
8.124375,5.009062500000001,0.13437499999999994
8.706875,4.7421875,-0.1990625
8.6828125,5.341875,-0.374375
8.1959375,5.037812499999999,-0.838125
8.084375,5.621874999999999,-0.13156250000000003
8.158125,5.390312499999999,-0.3921874999999999
8.8515625,5.48625,-0.5606249999999999
7.8871875,5.4559375,0.26874999999999993
9.0590625,4.9399999999999995,-0.21812500000000007
7.318125,4.391562500000001,0.375
8.8271875,4.80375,-0.42031250000000003
7.6146875,5.95125,0.38812500000000005
1.8459375,8.0828125,1.6309375
-0.5612500000000002,9.616875,-0.3281249999999999
-0.7581249999999999,9.7321875,0.1946874999999998
-0.9824999999999999,9.9225,1.1259375000000003
-2.3771875000000002,7.8828125,-0.24031249999999993
-1.44375,8.532499999999999,1.3875
-2.18125,9.281875,0.36624999999999996
-2.0965624999999997,10.4575,0.21874999999999994
-3.010625,9.4596875,0.18125000000000002
-2.8109375,9.523125,0.18187500000000023
-3.3490625,7.80875,-0.5662500000000001
-4.560625,8.8875,-0.14500000000000013
-4.8646875,9.846249999999998,0.57
-3.8481249999999996,7.4165625,0.1706249999999998
-4.6003125,8.0746875,0.734375
-5.9990625,8.6221875,0.17093749999999996
-6.1353124999999995,9.286874999999998,0.9815625
-6.3803125000000005,7.4465625,-0.33218749999999986
-6.946562500000001,8.1853125,0.9806250000000001
-6.9828125,6.724374999999999,-1.3562500000000002
-7.498125000000001,7.588750000000001,0.008750000000000147
-7.1603125,8.083125,-1.3490625
-6.84375,7.55,0.007187499999999902
-6.2928125,7.3040625,0.4643749999999999
-7.3384374999999995,7.472187499999999,-0.33499999999999996
-8.324375,8.00375,0.22375
-8.48875,7.663437500000001,0.1200000000000001
-7.0315625,6.383125,-0.799375
-7.68125,7.368437500000001,-0.4759375000000001
-8.679375,6.87125,-0.8240625000000001
-8.352500000000001,6.233750000000001,-1.7403125000000002
-7.30375,6.264374999999999,0.6065625
-6.318125,6.3871875000000005,0.022499999999999964
-6.3890625,8.056562499999998,-1.556875
-7.186249999999999,7.1525,-1.0409374999999998
-6.632812500000001,6.1115625,-0.7593749999999999
-6.7184375,7.0825,-0.5909375000000001
-7.3715625,6.13875,-0.235
-6.3440625,7.522812500000001,-0.45562500000000006
-7.907187499999999,5.1546875,-0.944375
-6.1709375,7.487499999999999,-1.9546875
-3.0962500000000004,9.4665625,0.8087500000000001
-6.6428125,9.295312500000001,-0.548125
-6.4378125,7.9331249999999995,-0.8684375
-6.3462499999999995,8.1284375,0.46031249999999985
-4.936249999999999,8.383125,0.08062499999999995
-6.7940625,7.8140625,-0.7871875
-7.178125,8.584375,-0.14187500000000008
-7.576875,8.2975,1.111875
-6.49125,6.5696875,-1.205
-6.132499999999999,8.129687500000001,0.16406249999999978
-6.3890625,7.02875,-1.353125
-8.0025,7.5771875,0.4068750000000001
-7.038125,7.048125000000001,-1.09875
-6.57125,6.6465625,-0.00593750000000004
-5.9721875,6.700937500000001,0.38
-7.5578125,7.189375,-1.9709375000000005
-7.8984375,7.497187499999999,-0.3153124999999999
-6.6178125,6.923124999999999,-0.5053125000000002
-7.0603125,6.341562499999999,-0.20281250000000006
-6.4281250000000005,6.3125,-1.4581250000000003
-5.539062499999999,7.6721875,-0.4096874999999999
-6.3809375,7.347812500000001,1.12625
-7.370000000000001,8.2796875,-0.7384375000000001
-7.086875000000001,8.12,0.014999999999999847
-6.343437499999999,7.25375,-0.5706249999999997
-6.22,6.885625,-1.5012500000000002
-7.385937500000001,7.4174999999999995,-0.5803125
-6.272187499999999,6.433750000000001,-0.9246875000000001
-5.7437499999999995,6.8265625,-0.42406249999999995
-6.935625000000001,6.4684375,-0.46250000000000036
-6.971562499999999,7.152500000000001,-0.41437499999999994
-6.3771875,6.8875,-0.49593750000000036
-6.3421875,4.897187499999999,-0.09656249999999988
-7.29875,5.25,-0.5346875
-6.746875,4.3309375,-0.943125
-6.140937500000001,8.208124999999999,-0.22218749999999998
-6.3065625,9.2075,0.21687500000000015
-7.1190625,7.6509375,-1.3740625
-6.71125,7.2909375,0.13718749999999985
-6.1203125,8.0803125,-0.9731249999999999
-6.4234374999999995,7.24625,0.09812500000000018
-7.487500000000001,7.5990625000000005,-0.1421874999999999
-6.0228125,6.6840625000000005,-0.6171874999999999
-6.2003125,5.8687499999999995,-0.4853124999999998
-6.502187499999999,6.695,-0.4565625000000002
-7.385,7.0337499999999995,-0.04249999999999998
-7.303437499999999,6.8374999999999995,0.18437499999999996
-6.755625,6.32,0.3375000000000002
-7.741875,5.589687499999999,-0.645
-5.899687500000001,5.1175,0.16562500000000013
4.4828125,9.4328125,0.05500000000000007
5.281874999999999,7.3871875,0.7474999999999999
6.234375,7.93125,0.53375
5.6621875,8.109375,0.08781250000000002
6.074999999999999,7.743125000000001,-0.03499999999999998
5.82875,7.4509375,0.3946875
5.829375000000001,8.0725,-0.13624999999999998
6.571875,7.918125,0.24593750000000003
6.064375,7.269375,-0.23937499999999995
6.9553125,8.603124999999999,0.9659374999999999
6.123125,7.214375,-0.12562499999999993
6.1309375,8.569062500000001,-0.12624999999999997
5.9528125,7.6403125,0.01531250000000009
6.6134375,7.607500000000001,-0.5328124999999999
6.0434375,7.8290625,-0.21562499999999998
6.854687500000001,8.459687500000001,0.005937500000000123
5.9634374999999995,7.465,0.015312499999999951
7.054062500000001,7.3359375,0.20625000000000007
5.9156249999999995,7.630000000000001,-0.28624999999999995
6.7384375,7.8871875,-1.1368749999999999
6.0559375,7.0684375,-0.665625
6.389687500000001,7.5390625,-0.19031249999999988
6.5175,7.749375000000001,-0.4362499999999999
6.51875,7.6659375,-0.007812499999999986
5.0409375,8.3440625,-0.6765625
-0.8359375000000001,8.910625,0.2756250000000001
-1.494375,10.6640625,-0.34718750000000004
1.4925000000000002,9.0034375,0.37124999999999997
4.980625,8.543125,0.21375000000000005
5.7853125,7.64375,0.13093750000000004
5.993125000000001,8.215,-0.29093749999999996
4.1709375,6.1775,-0.9509375
8.361249999999998,8.375625,-0.575
7.0584375,8.0121875,0.21843750000000006
5.615625,7.7984375,-0.17593750000000002
7.101875,8.0728125,-0.4603125
5.307499999999999,7.213749999999999,-0.339375
6.561562500000001,7.7934375,0.18374999999999997
6.2571875,7.6403125,-0.284375
6.8553125,7.4243749999999995,-0.24343750000000003
7.9521875,9.36,-0.6259375
5.934374999999999,7.792187500000001,0.04562499999999994
5.811249999999999,8.2309375,-0.343125
1.6684375,5.900625000000001,-1.1568749999999999
6.190625,7.525,-0.009375000000000133
6.3412500000000005,7.195937499999999,-0.27031250000000007
6.410937500000001,7.85125,-0.3175
6.284999999999999,7.9290625,0.35187500000000005
6.993437500000001,8.290625,0.68875
5.4396875,7.078749999999999,-0.5390625
6.951874999999999,7.670624999999999,-0.04562500000000008
5.8325,6.9799999999999995,-0.11531249999999994
7.50375,7.858750000000001,0.1953125
5.698124999999999,7.483125000000001,-0.14625000000000005
6.404375,7.788437499999999,-0.30656250000000007
6.5421875,6.686875000000001,-0.4443749999999999
6.3871875,7.775,-0.12406249999999994
6.7828125,7.9090625,0.3221875
6.3671875,7.604687499999999,-0.22812499999999997
5.795937500000001,7.5218750000000005,0.014374999999999971
6.2209375,7.814687500000001,0.23312499999999997
6.630625,7.670937500000001,0.4803125
6.2440625,8.0671875,-0.011249999999999996
6.46625,7.5884374999999995,-0.4703124999999999
6.729375,7.455,-0.06187500000000007
6.233124999999999,7.716875,0.09062500000000012
6.7871875,7.2853125,0.22812499999999997
7.27,7.1553125,-0.2093750000000001
6.52375,6.984375,0.01749999999999996
7.254687499999999,7.7946875,0.11500000000000005
6.3618749999999995,7.2215625,-0.009999999999999981
6.7771875,7.820937499999999,-0.3078124999999999
6.1571875,7.024687500000001,0.10093749999999996
7.7765625,7.7075,-0.17031249999999995
5.9309375,6.7046875,-0.10968749999999988
8.1709375,6.871875,-0.3503124999999999
5.8709375,7.518750000000001,0.32906250000000015
7.1125,6.8618749999999995,-0.6346875
6.586874999999999,7.293125,0.514375
7.626875,6.784062499999999,0.05281249999999996
6.426562499999999,6.8096875,-0.3021875
7.554375,7.4634374999999995,-0.3425
6.410937499999999,6.550625,-0.2962499999999999
6.7796875,7.2153125,-0.03906249999999997
6.645937499999999,7.0740625,-1.0474999999999999
6.950000000000001,6.7965625,-0.14500000000000002
7.371250000000001,7.50125,-0.11749999999999991
6.985625000000001,7.505625,0.0921875
6.8278125,6.852499999999999,-0.3434375
7.20375,6.8703125,-0.3896875000000001
6.689375,6.60625,-0.5884375
7.143125,6.140000000000001,0.20531249999999995
7.4378125,6.9784375,-0.7503124999999999
7.092499999999999,6.758749999999999,-0.17750000000000002
8.2384375,7.133750000000001,-0.6925
6.474375,6.6850000000000005,-0.16718749999999988
7.969374999999999,6.729687500000001,-0.13718750000000007
6.585000000000001,6.31625,-0.8425
7.485,5.8559375,-0.7453124999999999
6.55625,6.835625,-0.366875
7.3378125,6.9662500000000005,0.017187500000000022
6.768125,7.2840625,0.04468750000000005
8.741875,7.6271875,0.17593749999999997
7.419375,7.9253125,-0.13156250000000003
7.579375000000001,6.506562499999999,-0.59375
6.843125,6.9565625,-0.3321875
7.0981250000000005,7.619375000000001,-0.11187499999999992
7.878125000000001,6.835625,-0.45624999999999993
7.3034375,6.94625,0.02093750000000008
8.1434375,6.7315625,-0.14750000000000002
6.503124999999999,6.116875,-0.6025000000000001
8.2715625,7.3490625000000005,-0.03875000000000001
6.58,6.602187499999999,-0.41750000000000004
8.5,6.80625,-0.59875
6.3034375,5.843125000000001,-0.12625000000000008
7.975312499999999,6.6496875,0.01468749999999995
7.8284375,6.6859375,-0.4200000000000001
7.619375,6.5740625,-0.24343750000000008
7.1559375,7.056875,-0.13624999999999998
1.4421875000000002,9.3021875,-0.7509375
-1.9500000000000002,9.4334375,0.3162499999999999
-2.7625,9.359375,0.057812500000000044
-3.09,10.236562500000002,-0.40625
-3.3834375000000003,8.5803125,0.483125
-3.084375,9.660625,0.618125
-3.8503125000000002,8.27375,0.2309374999999999
-3.9078125,9.0159375,-0.09999999999999987
-3.8937500000000003,9.174375000000001,-0.46687499999999993
-4.1,9.1125,0.23593750000000008
-4.244375,9.591875000000002,-0.33281249999999996
-4.07125,8.186875,0.498125
-3.9309374999999998,10.223749999999999,-0.1978125
0.28281250000000013,8.389375,-0.12718750000000006
2.7337500000000006,9.389375000000001,-0.04343749999999996
3.4890625000000006,9.504375,0.13937499999999994
3.5456250000000002,8.5059375,-0.22531249999999997
5.18375,8.3825,-0.22125
4.7368749999999995,8.0309375,0.2981249999999999
6.049375,8.58,-0.013750000000000026
5.2925,8.204375,0.14406250000000004
6.03625,8.212499999999999,-0.09656249999999997
5.484375,7.968125000000001,-0.585
5.555,8.175,-0.06843749999999998
5.5578125,8.0165625,-0.20749999999999996
6.108125,8.0890625,-0.41562499999999997
5.9087499999999995,8.486875,-0.00187499999999996
5.7709375000000005,7.497187500000001,0.07750000000000004
6.278125000000001,7.935937500000001,-0.2859375
5.390937500000001,7.644375,0.3728125
6.18125,7.106249999999999,-0.474375
5.6540625,7.236562500000001,0.19218750000000007
6.254375,7.7921875,-0.1996874999999999
5.3090625,7.5521875,0.07062499999999997
5.8275,7.90625,0.0659374999999999
5.5996875,7.6271875,0.26187499999999997
6.3484375,7.998749999999999,-0.1265625
6.4803125,8.275625,0.29562499999999997
6.4087499999999995,7.606562500000001,0.32031249999999994
7.099687500000001,7.533125,-0.057499999999999996
5.293749999999999,7.7700000000000005,-0.10843750000000008
5.4399999999999995,7.7084375,-0.07499999999999996
5.641874999999999,8.014375000000001,0.0068749999999999645
6.3256250000000005,8.100312500000001,0.403125
5.9740625000000005,8.6178125,0.095
5.0784375,7.4034375,0.4268749999999999
5.215,8.8859375,0.5515625000000002
3.9821875,8.649687499999999,-1.3087499999999999
4.1453125,8.710312499999999,-2.090625
3.9765625,8.826875000000001,-1.6021875
4.226875,8.481874999999999,-2.3843750000000004
3.5406250000000004,8.490937500000001,-1.7928125000000001
4.803125,8.895624999999999,-0.9046874999999999
5.2771875,7.596874999999999,-0.014687500000000048
5.4346875,7.796562499999999,-0.6221875
6.8015625,7.940625,-0.2653125
6.2734375,7.104374999999999,-0.414375
7.4731250000000005,7.242500000000001,-0.8765625
7.0721875,7.643125,-0.6512500000000001
6.421875,7.0228125,-0.8421875
7.0953125,6.8165625,-0.6134375
7.0115625,6.895625000000001,-1.669375
8.05125,6.8378125,0.3028125
6.9309375,6.1203125,-1.11375
7.379375,7.0806249999999995,-0.778125
7.2162500000000005,6.3421875,-0.775625
7.585000000000001,6.7228125,-1.5
7.170625,6.491250000000001,-0.5646875
7.1275,6.92375,-1.1903125
7.096875,6.666874999999999,-1.165
7.4662500000000005,6.8921875,-0.6775
7.2853125,6.710937500000001,-0.621875
7.499375000000001,7.0040625,-0.9996875000000001
6.890000000000001,6.7787500000000005,-1.2565624999999998
7.469687499999999,6.485312499999999,-1.7325
7.7515625,6.115,-1.3756249999999999
7.4165624999999995,6.995,-1.17625
7.0353125,6.664375,-0.5984375
6.528125,6.2371875,-1.2415625000000001
5.9121875,8.460625,-0.5631250000000002
6.0859375,7.872812499999999,-0.46062500000000006
7.362500000000001,6.456874999999999,-0.8553124999999999
7.051562499999999,7.5459375,-0.53625
6.0912500000000005,6.985625000000001,-1.2784375000000001
7.324375,7.3221875,-1.3215625000000002
6.4259375,5.99625,0.05968750000000006
7.1278125,7.4334375,-1.220625
7.5825,7.293749999999999,-0.4678125000000001
6.2109375,6.66375,-0.8278125000000001
7.311249999999999,7.3321875,-0.8165625000000001
6.692500000000001,6.1821875,-0.319375
6.479375,6.378125000000001,-0.94625
7.8075,7.5346875,-0.8415625000000002
6.454374999999999,6.855,-0.8112500000000001
7.075,6.491249999999999,-0.8890625
6.8565625,6.7040625,0.15562500000000007
7.3771875,6.0565625,-1.0084375
7.3478125,6.4903125,-0.45124999999999993
7.5459375,5.9065625,-0.3159375
8.249375,5.86875,-1.0
8.640625,5.8128125,-0.4909375
8.494687500000001,5.7228125,-0.436875
8.109375,5.9415625,-0.746875
8.528437499999999,5.781875,-1.2709374999999998
8.9321875,6.204375000000001,-1.02875
7.5759375,5.0225,-0.7181249999999999
7.973437499999999,5.3999999999999995,-0.8553125
8.661875,5.69625,-0.6246875
8.287812500000001,5.5159375,-1.9134375000000001
8.89625,5.775625,-0.3365625
7.1721875,5.4775,-0.8037499999999999
8.3071875,5.45,-0.36124999999999996
9.304375,5.373125,-1.5525
7.561249999999999,5.770625,-1.0859375
7.663749999999999,5.62875,-0.4362499999999999
9.0875,6.228125,-0.29656249999999995
7.93375,5.100937500000001,-1.2334375
8.681874999999998,5.5671875,-0.5146875000000001
7.8881250000000005,4.92,-0.65375
7.855625,5.7403125,-0.8868749999999999
8.57875,5.0575,-1.164375
8.1596875,6.158125,-1.2090625
8.13375,5.43,-0.8684375
8.2871875,5.7303125,-0.6025
7.783437499999999,5.1253125,-0.9728125000000001
8.576875000000001,5.651249999999999,-1.1259375
9.322812500000001,3.3359375,-1.331875
8.68375,3.3818750000000004,-0.3575
10.055,4.068125,-1.8271875
8.2815625,3.0353125,-0.2778124999999999
9.68,3.6896875000000007,-1.3096875000000001
9.1403125,3.8003125,-0.7221875
8.95125,2.7778125,-0.3581249999999999
10.4525,3.2456249999999995,-1.6721875000000002
8.50625,3.0634375,-1.1978125
10.0984375,3.4590625,-0.8953125
8.7025,2.9046875000000005,-0.8065625000000001
9.23375,3.2221874999999995,-0.8875000000000001
9.283750000000001,3.171875,-0.868125
8.8934375,2.9075,-0.581875
8.439375,2.5562499999999995,-0.6803125
9.622187499999999,3.6059375,-1.0190625
9.62,3.6012499999999994,-1.1975
8.9003125,4.2675,-0.5162499999999999
9.7125,3.9296875000000004,-0.575625
9.280000000000001,4.2928125,-1.3321875
9.0096875,4.3721875,0.12874999999999995
9.729375000000001,4.050625,-0.9215625
8.786249999999999,3.6646875000000003,-0.6546874999999999
9.558125,3.7153124999999996,-2.0184375
10.637500000000001,3.906875,-0.35406250000000006
9.755937500000002,4.310625,-0.720625
8.555625,3.65,-0.8609374999999999
9.9290625,3.5015625000000004,-0.9612499999999999
9.463125,3.245,-0.9934375
8.594999999999999,3.915,-1.0271875
8.984375,3.584375,-0.853125
9.7621875,3.549375,-1.8325
10.0153125,3.439375,-1.1524999999999999
9.005312499999999,3.5515624999999997,-0.619375
9.290000000000001,3.534375,-0.9321875000000001
9.340937499999999,3.5659375000000004,-1.361875
9.325312499999999,3.0796875,-0.7759375
8.9015625,2.865625,-1.2334375
9.611562499999998,4.034062499999999,-0.235
9.81,2.825625,-1.111875
9.10875,3.7803125,-1.478125
9.229375000000001,4.020625,-1.0059375
7.8571875,4.9087499999999995,0.11718750000000006
8.92125,2.7318749999999996,-0.7090625000000002
8.484375,0.9578125,0.35906249999999995
10.036875,2.2443750000000002,-1.2737500000000002
9.57125,2.2890625,-0.3734375
8.9290625,1.6575000000000002,-0.5253125000000001
10.6584375,1.9203125,-0.963125
10.493437499999999,2.264375,-1.1553125
10.7409375,1.5843749999999999,-2.5871874999999998
9.673125,1.2859375000000002,-1.4346875000000001
10.6246875,2.533125,-1.0071875
9.022187500000001,1.6312499999999999,-0.5609375
10.168125,0.9265625,-1.4665624999999998
9.288125,1.80625,-0.860625
9.498125,1.7962500000000001,-0.9200000000000002
9.71875,1.9456250000000002,-1.259375
8.9890625,1.7653124999999998,-0.890625
1.3421874999999999,8.3953125,-1.3153124999999999
-5.063750000000001,8.1590625,-1.765625
-6.205000000000001,8.376562499999999,-1.5625
-5.6953125,8.467500000000001,-1.815
-6.295624999999999,8.2209375,-1.08875
-6.805625,7.3084375,-2.0315625
-6.3265625,8.0746875,-0.45124999999999993
-6.5628125,7.805937499999999,-0.45374999999999993
-7.6309375,7.7803125,-1.51
-7.560625,9.4253125,0.5621875000000001
-7.55375,7.508437500000001,-0.43968750000000006
-6.91625,7.0353125,-0.7521875
-8.0159375,8.4215625,-1.5415625000000002
-7.24375,8.470625,-0.7021875000000001
-7.1603125,7.445625000000001,-0.27125000000000005
-6.8378125,6.6571875,-0.9121874999999999
-7.0228125,8.1109375,-1.0915625
-7.0575,8.53625,0.2115625
-6.499375000000001,7.92,-0.5528124999999999
-6.4521875,7.5884375,-0.39937500000000004
-6.781874999999999,8.0315625,-1.0296875
-6.93125,7.485312500000001,-0.7318749999999998
-6.9884375,7.1478125,-0.2634375
-6.4809375,7.86375,-0.08968749999999989
-6.5153125,7.885937500000001,-1.32125
-7.125,8.380625,-0.5093749999999999
-6.345,7.4134375,-0.73625
-7.016875000000001,7.6171875,-0.2259375
-6.7525,7.996875,0.0025000000000000785
-7.1953125,6.1515625,1.903125
-4.5278125,7.3975,0.2931250000000001
0.9484375,9.593125,1.9165625
-0.022187500000000027,9.5159375,-0.8159375
1.7574999999999998,8.519375,-0.7324999999999999
4.789375,9.3771875,-0.9859375
6.2128125,10.004999999999999,-0.9281250000000001
5.7075000000000005,9.0640625,-1.1346875
5.094375,7.054375,-0.1640625
5.4290625,8.51375,-0.7240624999999998
5.9125,7.5340625,-0.28437500000000004
7.0315625,8.2934375,-1.0665625
5.6509375,8.1603125,-0.6671874999999999
6.2246875,7.6384375,-1.0918750000000002
6.47375,7.09875,-1.3621875
4.649687500000001,8.1090625,-0.803125
6.168749999999999,7.835625,-1.0528125
6.0609375,7.7184375,-0.6656249999999999
5.718125,8.1309375,-0.6403125
5.250937499999999,7.71125,0.44843750000000004
4.075625,7.5140625,-0.7893749999999999
-7.952500000000001,5.8225,-0.3578125
-7.971875,5.65625,-0.6565624999999999
-7.89625,5.6778125,-0.71875
-7.9328125,5.6546875000000005,-0.6309374999999999
-7.984375,5.5940625,-0.5071874999999999
-7.9790624999999995,5.666875,-0.19
-8.0028125,5.7546875,-0.2896875
-8.018125,5.646875,-0.448125
-7.9390625,5.74875,-0.39531249999999996
-8.0303125,5.67125,-0.5309375000000001
-8.0975,5.578749999999999,-0.4275
-7.938125000000001,5.803437499999999,-0.35062499999999996
-8.047500000000001,5.6118749999999995,-0.4765625
-7.97375,5.6596875,-0.5584375
-7.9634374999999995,5.6878125,-0.470625
-7.858124999999999,5.6684375,-0.6065624999999999
-8.00375,5.68875,-0.6146874999999999
-7.983125000000001,5.733124999999999,-0.5478125
-7.92375,5.765625,-0.4359375
-7.9709375,5.6575,-0.6993750000000001
-8.060625,5.49125,-0.938125
-8.0684375,5.485,-0.8615624999999999
-8.0884375,5.4978125,-0.7481249999999999
-8.074375,5.5059375,-0.8284374999999999
-8.119687500000001,5.516249999999999,-0.7359375
-8.0859375,5.5084375,-0.7346875
-8.0453125,5.526875,-0.8440624999999999
-8.0421875,5.4571875,-0.7875
-8.08625,5.5109375,-0.804375
-8.0365625,5.5178125,-0.8609375
-8.079374999999999,5.432499999999999,-0.975625
-8.1515625,5.3415625,-1.0125
-8.131874999999999,5.496875,-0.8775
-8.1246875,5.4921875,-0.8671874999999999
-8.0271875,5.541875,-0.703125
-8.0484375,5.434374999999999,-0.9468750000000001
-8.0421875,5.529375,-0.865
-7.924999999999999,5.688125,-0.59625
-7.8853124999999995,5.79375,-0.5149999999999999
-8.0459375,5.561250000000001,-0.715625
-8.0721875,5.5043750000000005,-0.788125
-8.08625,5.451250000000001,-0.9209375
-8.135625000000001,5.425625,-0.9075
-8.032187500000001,5.511875,-0.83375
-7.99375,5.5562499999999995,-0.7424999999999999
-8.05,5.454375,-0.9453125
-8.0925,5.4259375,-0.8921875
-8.0953125,5.4053125,-0.9390624999999999
-8.054375,5.475625,-0.8775
-8.014687499999999,5.52125,-0.9490624999999999
-8.010625000000001,5.5271875,-0.8453125
-8.125625,5.335,-0.9065624999999999
-8.0446875,5.4884375,-0.9171874999999999
-8.0865625,5.470625,-0.748125
-8.1490625,5.4409375,-0.7606250000000001
-8.06625,5.440625,-0.860625
-8.0203125,5.605625,-0.6246875
-8.030000000000001,5.484999999999999,-0.7709375
-8.090625,5.4553125,-0.9071875
-8.065625,5.5346875,-0.8284374999999999
-8.114687499999999,5.5103124999999995,-0.7609375
-8.0853125,5.541874999999999,-0.7925
-8.0034375,5.555312499999999,-0.846875
-8.031875,5.506875000000001,-0.8087500000000001
-8.146875,5.3615625,-0.940625
-8.01125,5.6128125,-0.5675
-8.0271875,5.667187500000001,-0.7350000000000001
-7.9684375,5.6975,-0.3984375
-7.91625,5.719375,-0.5256249999999999
-7.9625,5.6315625,-0.6021875
-8.0240625,5.7006250000000005,-0.44843750000000004
-7.956249999999999,5.7190625,-0.43718749999999995
-7.9078125,5.772499999999999,-0.4165625
-7.22875,2.836875,2.0509375
-5.7640625,-3.461875,7.2903125
-5.7465625000000005,-3.3471874999999995,7.379375
-5.5609375,-3.4553125,7.4565625
-5.675000000000001,-3.5265625000000003,7.329999999999999
-5.6537500000000005,-3.4503125,7.3665625
-5.7725,-3.458125,7.331250000000001
-6.0684375,-3.3915625,7.121250000000001
-6.2125,-3.3975,6.9828125
-6.235312499999999,-3.4331250000000004,6.936249999999999
-6.225312499999999,-3.4321875,6.953749999999999
-6.2290624999999995,-3.4246875,6.9325
-6.205,-3.444375,6.958125
-6.113125,-3.4346875,7.0140625
-6.0971875,-3.3768749999999996,7.055625
-6.1915625,-3.295625,7.0378125
-6.210312500000001,-3.3209375,7.0021875
-6.335000000000001,-3.6481250000000003,6.7728125
-6.49875,-3.5621875,6.645625
-6.6590625,-3.6075,6.477187499999999
-6.655625000000001,-3.6343750000000004,6.498749999999999
-6.646875,-3.6109375,6.4990625
-6.6621875,-3.631875,6.4828125
-6.662812499999999,-3.6278125,6.49625
-6.661875,-3.6156249999999996,6.4790624999999995
-6.633125,-3.6090625,6.4940625
-6.6546875,-3.6190625,6.463125
-6.5978125,-3.653125,6.5225
-6.6384375,-3.5856250000000003,6.5265625
-6.418750000000001,-3.47375,6.786250000000001
-6.7046874999999995,-3.2771875,6.585625
-6.623749999999999,-3.3171874999999997,6.6596874999999995
-6.5884374999999995,-3.3403124999999996,6.6884375
-6.6040624999999995,-3.3325,6.6778125
-6.5971875,-3.3375,6.702500000000001
-6.5521875,-3.354375,6.746875
-6.575625,-3.3340625,6.727812500000001
-6.3765625,-3.221875,6.953125
-6.48625,-3.2709375,6.8440625
-6.5590625,-3.2937499999999997,6.75
-6.5175,-3.2725,6.7759375
-6.52,-3.2871875,6.7871875
-6.503125,-3.3125,6.7915625
-6.501874999999999,-3.2996875,6.792187500000001
-6.5040625,-3.3003125,6.805625
-6.505,-3.3078125,6.7946875
-6.5040625,-3.333125,6.799375
-6.48625,-3.3049999999999997,6.8128125
-6.506562499999999,-3.3178124999999996,6.80625
-6.4875,-3.299375,6.813750000000001
-6.4815625,-3.3287499999999994,6.824375000000001
-6.4825,-3.3200000000000003,6.8284375
-6.473750000000001,-3.309375,6.8578125
-6.467499999999999,-3.2009375,6.9025
-6.6975,-3.2684375,6.658125
-6.6225000000000005,-3.268125,6.737187499999999
-6.57625,-3.258125,6.768437500000001
-6.596875,-3.3003124999999995,6.757187500000001
-6.580937499999999,-3.275625,6.790312500000001
-6.5934375,-3.2796874999999996,6.7728125
-6.6115625,-3.310625,6.7678125
-6.624375000000001,-3.3153125,6.7478125
-6.694687500000001,-3.2240625,6.69125
-6.7509375,-3.2896875000000003,6.6118749999999995
-6.6915625,-3.2625,6.675625
-6.68,-3.3309375,6.683125
-6.70375,-3.2484374999999996,6.686875000000001
-6.68,-3.274375,6.68875
-6.665,-3.2621874999999996,6.711562499999999
-6.665,-3.3028125,6.686875000000001
-6.6703125000000005,-3.285625,6.695625
-6.684375000000001,-3.2928124999999997,6.690625000000001
-6.67375,-3.2746874999999998,6.6762500000000005
-6.6465625,-3.2565625000000002,6.695
-6.7046875,-3.3203125,6.645
-6.6918750000000005,-3.3009375,6.663437500000001
-6.680312500000001,-3.284375,6.682499999999999
-6.6540625,-3.2615625,6.7003125
-6.6621875,-3.2681249999999995,6.6896875
-6.733478260869564,-3.255652173913043,6.62695652173913
