1619491501181 0.44681487769831496 0
1619491501261 0.46368518129178343 1
1619491501330 0.4794702134877374 2
1619491501399 0.49548286930413066 3
1619491501467 0.5074457088602371 4
1619491501537 0.5077826355403249 5
1619491501606 0.5155541532369146 6
1619491501677 0.5289372162570117 7
1619491501751 0.5343536029185402 8
1619491501828 0.5426718183988579 9
1619491501896 0.544037764469875 10
1619491501968 0.5377386933484706 11
1619491502036 0.5468296155111632 12
1619491502105 0.5535383531715411 13
1619491502173 0.5453831973971461 14
1619491502243 0.5447889036785425 15
1619491502310 0.5496915606560819 16
1619491502396 0.5609916143878608 17
1619491502463 0.5616705759721836 18
1619491502533 0.553373154615069 19
1619491502613 0.5691101871926655 20
1619491502685 0.5697578960737554 21
1619491502758 0.5555796103804208 22
1619491502835 0.574162743476004 23
1619491502906 0.5820341349660435 24
1619491502978 0.5692797679195797 25
1619491503045 0.575096008450611 26
1619491503116 0.578652266085342 27
1619491503184 0.5908348402896832 28
1619491503253 0.5719259306476414 29
1619491503320 0.5858504491082009 30
1619491503389 0.5939583714727248 31
1619491503456 0.5941205617645388 32
1619491503526 0.5871713450754893 33
1619491503600 0.5750935783513539 34
1619491503676 0.5850221445500545 35
1619491503754 0.5917213189256585 36
1619491503833 0.5829107609979215 37
1619491503900 0.5929578860182438 38
1619491503970 0.6028331398631096 39
1619491504038 0.5967738439644032 40
1619491504108 0.5815787492497625 41
1619491504175 0.5931826564823544 42
1619491504245 0.59750310414791 43
1619491504314 0.6061369611488603 44
1619491504383 0.602219934908525 45
1619491504451 0.5999091656583029 46
1619491504520 0.5980641783053456 47
1619491504597 0.5897309363456924 48
1619491504668 0.5894835243472225 49
1619491504735 0.6042489340314758 50
1619491504805 0.5886118365386688 51
1619491504877 0.6112403399191828 52
1619491504952 0.6102998697546927 53
1619491505020 0.6088918747181891 54
1619491505090 0.6018324307109267 55
1619491505158 0.5907217286676237 56
1619491505237 0.6156855012342618 57
1619491505315 0.6122935248557053 58
1619491505395 0.600545526684551 59
1619491505472 0.6199848807935606 60
1619491505544 0.6192519951069172 61
1619491505612 0.616290705555009 62
1619491505682 0.6164311287589215 63
1619491505749 0.6203461383742862 64
1619491505818 0.6159163638151984 65
1619491505885 0.6131740200305995 66
1619491505955 0.615018209821266 67
1619491506023 0.622067909751897 68
1619491506093 0.6246797618871791 69
1619491506161 0.6131635234903989 70
1619491506239 0.6208072555736366 71
1619491506312 0.6181755071222477 72
1619491506395 0.6253301463587831 73
1619491506462 0.6287383970589125 74
1619491506531 0.6161829088491693 75
1619491506598 0.6206547523783272 76
1619491506667 0.6175811859363454 77
1619491506734 0.6032129252453414 78
1619491506808 0.622851017292237 79
1619491506880 0.6252500749171029 80
1619491506954 0.6243894449628026 81
1619491507030 0.6247205847589123 82
1619491507106 0.6214350127221097 83
1619491507175 0.6144668187316821 84
1619491507244 0.6203791223095427 85
1619491507311 0.6208569856474099 86
1619491507382 0.6226494126628587 87
1619491507449 0.6267830195150691 88
1619491507518 0.6240466113816366 89
1619491507586 0.6237634422024387 90
1619491507656 0.6286590396595201 91
1619491507724 0.6275446231335249 92
1619491507792 0.6198523842203945 93
1619491507870 0.6250245575539564 94
1619491507948 0.6265777348397277 95
1619491508026 0.6257673148785208 96
1619491508101 0.6276434813025886 97
1619491508170 0.6277556160387742 98
1619491508239 0.6253992129704907 99
