1.2409374999999998,9.20796875,0.30515624999999996,2.400762065697838,4.8932412505948895,4.0928699405900915,0.5806132345212155,-0.0032765306745797976,2.219395607466551
0.42046875,9.783124999999998,0.50828125,1.9192067287745314,4.686435837539547,4.247491375317723,-0.023967792612016408,-0.4289469518798033,2.059308672839885
-0.42750000000000005,8.9165625,0.23734374999999994,1.8876680388775988,4.8049343839009655,3.5427585659815906,-0.14987561941601862,-0.16897543017466757,2.1532068645419264
-0.635625,9.358437499999999,0.15812500000000002,1.5938052686495299,4.097487499504269,3.0323633908842456,-0.267890272741237,-0.20701802321127352,2.731840722178878
-0.5839062500000001,9.522499999999999,0.7554687500000001,1.7974701120494152,3.957349175900454,3.9594356959386827,-0.24570240296453177,0.01912238762251389,2.8645674391998353
-0.7028125000000001,9.707812500000001,0.5725,1.8315972100447604,4.129999799012555,3.832800053485702,-0.2755811070485988,-0.08634775920971807,2.6351680634282664
-0.99546875,9.48125,0.76234375,2.1021870528745623,4.0871412304323425,3.9625594404798448,-0.23255121382590374,-0.17736606738791047,2.248840633998175
-1.19140625,9.24953125,0.57953125,1.6596270921387544,4.167181087710665,3.5662061553944744,-0.8951292350369384,-0.1902754684482777,3.2342841728998257
-1.4378125000000002,9.443750000000001,0.7653125,1.9227758813350426,4.133159921597517,3.4249648578260987,-0.5311119683295985,-0.24951699619312392,2.0557167727597965
-1.4382812500000002,9.301874999999999,0.17328125000000003,1.7239385816781403,4.170333797716317,2.8991777146112376,-0.7293713998175091,-0.19701463052155369,2.9863906017393678
-1.4631249999999998,9.850156250000001,0.6498437499999999,1.6253661847026963,4.058547112340318,3.839373521563894,-0.6519384090452385,-0.4053003383476042,2.325244092530985
-2.03296875,9.559999999999999,1.01265625,1.920254442521469,4.244662457133664,3.8589758365187956,-0.6298228933654274,-0.22501853999525556,2.134586918901638
-2.13921875,9.33953125,0.8446875,1.7781374601386806,4.006108784440762,3.5862915947178293,-0.4281976358055081,-0.2935174574654298,2.188735600924871
-2.26375,9.20640625,0.87359375,2.0705649138580515,4.499240341153264,4.096466605192936,-0.18872715762273834,-0.20386430000145309,2.3219536427261662
-2.1896875000000002,9.259375,1.26203125,1.6284703028743723,3.9494583786102875,4.135101336306456,-0.6950833588317168,-0.20873233564434168,1.8543366608195906
-2.53984375,9.25015625,0.21937500000000001,2.2559930547512637,3.9939608677459444,2.488735167585133,-1.3221200917126337,-0.49509422959480753,0.9941164536659484
-2.705,9.353437499999998,0.52734375,1.9793275373217036,3.838234139365882,3.319466373807082,-0.3696439766391727,-0.4831625163112295,1.7667116391970674
-2.8846875,9.227656249999999,0.96875,2.3240777530762067,4.249130698664838,4.0731654229235525,-0.9715197104701098,-0.41831099442895764,2.176901927269296
-2.4926562499999996,9.3028125,1.12796875,2.1220805255305315,4.136615641420382,4.026996469022967,-0.6412537859074048,-0.37893103165135195,1.94299936723004
-2.71875,9.5628125,0.53296875,2.184680683189193,4.277398621223389,3.7972850826641182,-0.7213963103413721,-0.44901529734943507,2.5414716101137818
-2.8992187499999997,8.9765625,0.9800000000000001,1.8839464103706447,4.130252798993514,4.146216648946361,-0.3863302267303871,-0.2112017211186812,2.2752923600068926
-3.2301562500000003,8.9296875,0.74515625,1.933622323021209,4.177250878549641,3.6572505007978244,-0.4507578727666865,-0.1593042472391152,2.1748338402956318
-3.20921875,9.3353125,1.0357812499999999,2.4458116653063127,4.258083110666553,4.0217443373054484,-0.5370212666011551,-0.4510890022812032,2.107125236244045
-3.068125,9.052499999999998,1.00390625,2.6439422950160996,4.409385940808538,4.066215845686372,-0.441823012781998,-0.33049180937965966,1.8387732987964536
-3.094375,9.630468749999999,0.8674999999999999,2.44571939506048,4.578838017747891,4.129934170177535,-0.4559348179063942,-0.49645514498242027,2.302081188009985
-3.21890625,8.8821875,0.80859375,2.5427723042401844,4.781632654213804,4.20543505002288,-0.3870759445812318,-0.2293030841969591,2.340734013155136
-3.2859375,8.856874999999999,0.5431250000000001,2.56295710480955,4.387103926210889,3.787396811713159,-1.3705563488254147,-0.22029914027448488,2.332611672110766
-3.49328125,9.0321875,-0.007187500000000041,2.7061313800143623,4.281349622472305,2.77428395533762,-0.6764663012072101,-0.7225704286257282,1.108319160954603
-3.293125,9.170312500000001,0.08140624999999999,2.8745993606718483,4.739141196181408,3.2898793040111576,-0.8096877486462503,-0.506822764689841,1.6376660568015182
-3.2532812499999997,9.07859375,0.037968750000000044,2.445776368742334,4.330161251034531,2.5672487582085686,-0.5249084581690096,-0.6691221287625169,1.0731729409517023
-3.275,9.31828125,0.5289062499999999,2.147708080722331,3.9575029827403085,3.697963171289154,-0.23023117106260224,-0.8082340335815801,1.6698801179729237
-3.085,8.675156249999999,0.5210937500000001,2.226956302894154,4.107684868096132,3.89709151049997,-0.34872376670624317,-0.4870997797604265,2.019208126467848
-3.4946875000000004,9.17671875,1.53515625,2.038138679615239,3.583962129529055,4.576440002948355,-0.7215558918456462,-0.2597527948525832,1.9699642447997943
-3.2365625000000002,9.518125000000001,1.21125,2.2965634780240127,3.7172889461777117,4.322188573223061,-0.9330396582563747,-0.4552995596299288,1.6768200389862318
-3.5553125000000003,9.057656249999999,1.16921875,2.117463819606784,3.3635601220040554,3.610951356934684,-0.9952602696133056,-0.2643556297259989,2.6315193195815
-3.3446875,8.8703125,0.483125,2.2524701501559905,3.662433006533191,3.002880323019051,-0.5491440940051625,-0.4839276696912723,2.5622878895300625
-3.74140625,9.18453125,1.37265625,2.505487020513365,4.094950751263491,4.159525679910623,-1.860753902962382,-0.4143879680589371,1.8489262497316583
-3.67015625,9.0246875,0.91296875,2.5109326530367033,4.0797437759427675,3.7813389161808066,-0.29021378347145615,-0.46111679545366696,2.3702541590839132
-3.3884375,9.32859375,0.7417187499999999,2.9174347779502714,4.838243440026653,4.470041091354579,-0.6321246329128473,-0.0539092780084661,1.7904363189482044
-3.27640625,8.9325,1.23453125,2.9326003644310172,4.999551854916598,4.521170662038034,-1.2980784386372377,-0.05369306857684806,1.873886237716716
-3.9839062499999995,8.8575,0.8634375000000001,3.0584701124436275,4.822089147869417,3.971398611773156,-1.1172689906213014,-0.2969536169330768,1.507592846539981
-3.7096875000000002,9.225,1.30734375,2.899777991906234,4.284012429953957,4.2954424401726,-0.8835147989927109,-0.17967868926514355,1.9080366431138058
-3.9203125,9.12125,0.51953125,2.591234604844523,5.1450259656779185,3.568415452658706,-0.5717634747803846,-0.11256349714544389,1.5134765336972096
-3.8375000000000004,9.26328125,0.8126562500000001,2.623342333741443,4.5759196666788675,3.7116237358918722,-0.8695580210557374,-0.33809289836903694,2.2238471003258944
-4.0678125000000005,9.09796875,1.2081250000000001,2.253435896546372,3.9565618675212746,4.152799836781806,-0.9444130704168455,-0.2535638154698067,1.8331297190026419
-3.95171875,8.881718750000001,0.7842187500000001,2.5533945265858224,4.345148715337421,3.796022097492115,-0.6133762723150781,-0.2359642286618436,1.9274076994163116
-3.8220312499999998,8.55515625,0.51921875,2.5043363515157937,4.611613394527553,3.9136241614580767,-0.8043255194681836,-0.12588490615340056,1.7979064063486714
-3.8299999999999996,8.85453125,1.13546875,2.3057719694280268,4.077607267782595,4.1914906095890805,-0.46197764410138564,-0.32945209832722616,2.1559961173634106
-3.926875,8.708906249999998,0.3396875,2.3412749431399553,4.640196358044661,3.200706449730083,-0.36839834822685946,-0.1653389278208138,2.598907860698227
-3.8032812500000004,9.1765625,0.33953124999999995,2.6952870062200125,4.6653956218732135,3.656226465602676,-0.7296647730207364,-0.4109646455522151,2.431337338557061
-3.9729687499999997,9.18453125,1.07125,2.4210403753393783,4.780183354775572,4.159192943047966,-0.6259025314084536,-0.21475270587326156,2.08685414139552
-4.25359375,9.42546875,0.97703125,3.001647655448743,5.2090162008073495,4.317768404977673,-0.5283138313600894,-0.26612052122548374,1.951083634998028
-4.202031249999999,8.4809375,0.83203125,2.971052622644614,5.20409986175263,4.273892100477437,-1.5769185544361848,-0.1274929658594334,2.04338889364227
-3.8834375,8.55828125,0.25171875,2.6409611287547854,4.6484643145235,3.4298398990912737,-0.815110570979721,-0.1305214599094796,1.5023572473534779
-3.9567187500000003,8.940625,0.2565624999999999,2.5764262158847937,4.966688054868657,3.0919543873727746,-0.4777843562659243,-0.5623287916778988,1.1735600808089508
-4.38140625,9.10546875,0.835625,3.0436008008543003,5.002391281204764,3.774262293399201,-0.49747540379060845,-0.1204283991904499,1.9713175651228083
-3.784375,8.34546875,0.6362500000000001,2.4353021341047194,4.877864840816465,4.242837162501055,-0.6424373282024743,-0.07320524029058166,2.108868934935999
-4.254687499999999,8.696406249999999,0.7498437499999999,2.4731337463517318,3.9803216606778076,3.5434497192828824,-0.7442112258142091,-0.40029377056634263,2.2252586027726755
-4.0953125,8.690312500000001,0.37000000000000005,2.727051388834422,4.746417388656812,3.228364040036378,-0.30810117228380646,-0.3087886229829383,1.0686876671342846
-4.206406250000001,8.90375,0.9128125,2.218457633686282,4.118074299657548,4.1779403825143016,-0.7561342128651635,-0.07524272055526186,2.350143326059306
-4.00359375,8.54609375,0.035781250000000014,2.5110010249820562,4.36013604188114,2.535952609897992,-0.648585693939188,-0.2312352469751678,1.3083147603355805
-4.15875,8.735312500000001,0.8768749999999998,2.613553914213365,4.460908318643609,3.9984613740006294,-0.8387867032927662,-0.08840390280386234,2.468003486922441
-4.0346874999999995,8.87828125,0.6715625,2.5266417736481266,4.738875972569701,4.109616093212813,-0.483836917226419,-0.03790267405574968,2.4871048818022072
-4.35359375,9.108281250000001,0.52296875,2.5404283393673865,4.765701861572798,3.554760751305696,-0.6584548945916575,-0.1324181766714098,2.45816074928752
-4.1053125,8.7653125,0.75515625,2.0376955188015087,3.8133560386284087,3.2161137224274174,-0.9129257217509097,-0.10951760053978227,2.263479985149522
-4.00796875,8.278437499999999,0.6764062500000001,2.2023624954860264,4.279111772154795,3.9172233338757874,-0.34748591691702296,-0.17957418098673894,2.1066173334699227
-4.4840625,9.1859375,1.30078125,2.5297645139604894,4.6023413602310885,4.037231533136096,-0.5115212562748253,-0.37281586006020145,1.5299372494287642
-4.094374999999999,8.975312500000001,1.1910937499999998,2.13040333255818,4.193642498156436,3.8399748197365744,-0.3853649045672048,-0.17482616963172273,1.7283855207535577
-4.23046875,8.80515625,0.6334375,2.4762322877253333,4.551431777538354,4.253878457783409,-0.5089706367394733,-0.13479174275924152,2.1477108609965407
-3.9650000000000003,8.635468750000001,1.090625,2.191233956016564,4.544893057627807,4.115002990202438,-0.6904046266166715,0.08367659264449402,2.5287797675949126
-4.348593749999999,8.71078125,0.89203125,2.5973387023953842,4.528973498724456,4.205788860192988,-0.7390406670699301,-0.08850507006409054,2.4997658742149573
-4.5221875,8.88453125,0.43390624999999994,2.5339257269785453,4.540150028388207,3.773995568851524,-0.8823235869712,-0.20458908533575093,1.5903043619117523
-4.309687500000001,8.98671875,0.9154687499999999,2.5691717833464836,4.7889133209840455,4.422610912150586,-0.5690951526055006,-0.18385132642053895,2.0425771082278295
-4.44140625,8.6765625,1.0724999999999998,2.914916844433291,5.140384293376688,5.671324801137738,-0.6366325048011889,-0.12867316081591687,1.8501142131955939
-4.4053125,8.6909375,0.61765625,2.664091055565434,4.754725517429345,4.025456783935947,-0.6824401904639299,-0.1285145276581782,2.0140264201543805
-4.21359375,8.64046875,0.51875,2.3447270411416627,4.496137032806433,4.158149941680795,-0.7792365731269283,-0.19425692735536826,2.3600050084453796
-4.3115625,8.781875,0.52671875,2.716058275993678,4.714722909076948,3.8126709202209463,-0.5564436561616889,-0.09756416237689426,2.687757523110448
-4.3184375,8.6103125,1.1415625,2.3346441235429762,4.262179961867372,4.19216539315826,-0.49125232753165143,-0.3275962751344703,1.691387996975268
-4.33984375,8.99140625,0.8229687500000001,2.5565574339501813,4.466862666901786,3.9130828957515633,-0.5703957766898831,-0.3118075252710803,2.291694032457593
-4.3189062499999995,8.826875000000001,0.92859375,2.4692528710545094,4.468485787643841,4.0664464935568665,-0.47418325222843455,0.07358505272738179,2.6314172099452517
-4.3796875,8.82484375,0.9337500000000001,2.36580784877888,4.131739945299793,3.5351553625689496,-0.5299265699943135,-0.2995843348020857,1.802229965593224
-3.938125,8.55375,0.72265625,2.556129199468407,4.196383673771978,3.595090942081429,-0.25535859691966406,-0.05647139869223143,2.176315283743187
-4.22703125,8.744843750000001,0.8367187500000002,2.586369728794288,4.374001669019565,3.993015798979318,-0.7809740537274671,-0.12147373224132872,2.1472274508988494
-4.32984375,8.647031250000001,0.9890625,2.503772461324299,4.639719374490599,4.065450743287114,-0.5464079295124625,-0.13543103909958648,2.092117402548282
-4.295,8.688749999999999,0.47843749999999996,2.6266964756134272,4.51600850447605,3.491299551541482,-0.3981177644401544,-0.017989500069552113,2.7739086286288064
-4.27859375,8.766875,0.8346874999999999,2.254507891971314,4.24536912227606,3.694237898720621,-0.31277442324391347,-0.15336773945119603,2.647138071233468
-4.37734375,8.694531249999999,0.9023437500000001,2.7054870415206094,4.52619146250724,4.15765962644081,-0.26810518772508174,0.004332989573169448,2.779815347052557
-4.30765625,8.68765625,0.5487499999999998,2.9990684710983073,4.354882942667453,3.8524807348642254,-0.7450653883254479,-0.02091340068963232,2.619075926561153
-4.20921875,8.798124999999999,0.3196875,2.7464740490578894,4.57502249823703,3.651491548305124,-0.7987878546842705,-0.14988903761275654,2.231337165830884
-4.3415625,8.6984375,0.32703125,2.7839507778683426,4.7259559941448614,3.638598064368121,-1.0835376430307646,-0.07837660567180739,1.3818568099588493
-4.50671875,8.9690625,0.8145312499999999,2.8496590008101736,4.507611174013765,4.511928609837864,-1.2147721352394707,-0.21302671577999485,1.636694370641072
-4.43328125,8.3990625,0.40328125000000026,3.136021591267898,5.553795075990268,4.554875154260371,-0.827576390422733,-0.3268446772473525,1.0851336061306485
-4.73015625,9.0165625,0.31703125,3.333543765737288,4.998775543429986,4.160920375833145,-0.4114034101493661,-0.540808966441429,1.2282255803898512
-4.470625,8.703125,0.3487500000000001,3.0632432133892014,4.619792296129232,4.476081747745455,-0.4352627435589135,-0.21861632522986166,2.051521942525836
-4.563593750000001,8.795312500000001,0.67875,3.1641292084017265,4.9152635257271555,4.211065594062862,-0.9136405213682237,-0.21627905643219927,1.7260508338652805
-4.34765625,9.09296875,0.725625,3.421866606011394,4.831929829170064,4.3212255477323795,-0.48401513342205327,-0.23599660536523412,2.0348099524600123
-4.465,8.3321875,0.7817187499999999,3.068682534899953,4.518457794407706,3.9044936270147037,-0.4109920220283718,-0.22540914955114738,2.153135426470425
-4.19609375,8.4296875,0.7332812499999999,2.5417093271479603,4.506345168464545,3.7204859623305175,-0.6368117072341315,-0.3416871691036925,2.1489059263930517
-4.6939062499999995,8.711406250000001,1.2379687499999998,2.317739076926248,4.321749453052656,4.511014360598228,-0.6331440951627344,-0.06230447398442341,1.8178697233545986
-4.97734375,8.85953125,0.97234375,3.3196819511567575,4.271963991277717,3.5590855313318808,-0.8151748046271184,-0.29238958024158884,1.5599498035387807
-4.5353125,8.61,0.44671875000000005,2.6903804149866524,4.295536928021921,3.3684691695039213,-0.4268385270311544,-0.15706043350761695,2.2955791242827175
-4.502812499999999,8.560937500000001,1.03078125,2.5669573846956926,4.4717892527593195,4.235502222540845,-0.5465470488827383,-0.20087091100198373,2.0180218097239973
-4.45265625,8.717187500000001,0.59984375,3.0595236772798375,4.270581952713675,3.5321720000710526,-1.062507365456139,-0.20331788017435745,2.358291113985158
-4.59640625,8.712812499999998,1.093125,3.243009485410263,4.697197125929861,4.307284119300118,-1.124782927744684,-0.05855565747195034,2.330058827072576
-4.9956249999999995,8.71796875,1.04640625,2.7366619008154807,4.498915209416981,3.8249347899619073,-0.21068600697942205,-0.13375503835509342,2.4160403560376107
-4.96203125,8.05765625,0.48093749999999985,5.2115287403528185,7.129375573592399,4.666319052110962,-0.2742768679038488,0.0012490839936779745,0.5634906356148369
-6.32890625,7.391875,0.9643749999999999,7.2136019775983575,8.451586921068435,6.22264912311268,-0.34996057407525033,0.12011450154189736,0.047386740023598176
-8.25828125,5.877031250000001,0.7314062499999998,9.198741006702953,7.334292032911113,5.799995115080782,0.035725054964168085,0.32370164889255,0.020337889408068348
-8.106874999999999,3.4265624999999997,0.10796874999999995,8.315271319047563,6.155832909411507,6.419833082839727,0.05362026528678488,0.4339861388848886,0.10341429292147666
-8.36453125,1.7289062499999996,1.2085937500000001,8.501997178914696,4.731182171636486,6.639301277993109,0.0991739762709571,0.14211381487821034,-0.2279612243828177
-8.946875,-0.048749999999999905,-0.6067187499999998,8.0855478468917,5.110808246989903,7.421335386633489,0.15493547510795966,-0.18622130794174052,-0.24328285554345638
-8.86390625,0.8887500000000002,0.9470312500000002,8.603385891828342,4.759317670370407,6.851747194987818,0.2746725939721322,0.01913948299903877,-0.12723188736941185
-9.0975,0.3034375,0.6021874999999999,8.271801874440659,4.757617976319006,6.516049768828025,0.2263676188345071,0.06728700710721328,-0.24756337583164914
-9.1871875,-0.03468750000000009,-0.600625,8.467928736700832,5.166285527566566,6.300387605883863,0.23888193575160235,0.31884624042742615,-0.07951626949385213
-8.652656250000001,-0.3282812500000001,-0.36171875,8.322751243238978,5.111579243090969,6.791131062525478,0.16162919717066215,0.3715970183100533,-0.18572245277801838
-8.713750000000001,0.37312499999999993,0.35968750000000005,8.149480907548652,4.86086408052879,6.151860736991999,0.11232665207652462,0.02838383226557482,-0.3782312003097678
-9.599843750000002,0.05437500000000006,0.11218749999999993,8.33421871191811,5.118501024164692,6.40132346392867,0.30306075161867924,0.30584900068274523,-0.09174314647965805
-8.178593750000001,-0.21062499999999995,-0.11890624999999982,8.605266713470359,5.197344236182071,6.874041323429103,0.0831493249349946,0.20327160293934837,0.05887285274619993
-9.5959375,-0.3378124999999999,-0.07171875000000005,8.512224062845958,5.618362603093872,6.737639737578616,0.34020876025555696,0.17619533935414938,-0.059336255673695285
-9.1759375,-0.22296874999999994,-0.03249999999999997,8.308889764649292,4.932586060984992,6.00828802571914,0.20000038593772795,0.19632379041933398,-0.09700172481162439
-8.591093749999999,-0.44953125000000016,-0.58296875,8.56164651169452,5.038586864664877,6.705647032466251,0.09454488450872384,0.336214133195812,-0.25016748612785566
-9.0165625,-0.37781250000000016,0.003593749999999951,8.332074362581851,5.5397423419184175,6.821445816134651,0.22988296896836166,0.21052851227894992,-0.34341828450520967
-9.047812500000001,0.35140625,0.9112500000000001,8.15467953630575,4.790530981526049,6.580521802068587,0.16218863162181604,-0.20332840454346854,-0.13434939060546544
-9.653125,-0.26515625,0.389375,8.296217864748671,4.681074927362938,5.7946718185221675,0.33337813951401507,-0.20354078650190188,-0.22193687050537703
-8.325625,-0.14390625000000012,0.7076562500000001,8.281289504622755,4.198776092947913,5.8429240705605565,0.07069459442719732,0.018029036412769255,-0.20828421072305323
-9.0815625,-0.8012500000000001,0.22203125,8.19930851100224,4.939036944334392,6.465059981278088,0.1826204068708642,-0.06947145687059626,0.0445051931518991
-8.127500000000001,-0.25343749999999987,0.19124999999999998,7.949127507154481,5.4221531178669,6.974928875085394,0.1203183432591037,0.1553692149701028,-0.0340044674004535
-9.0584375,-0.6909375000000001,-0.18093749999999986,8.546169320730414,4.488500486921412,6.925297087208155,0.28388109446172516,0.18818621807062752,-0.17233138859815345
-9.470468750000002,-0.26515625000000015,0.03125,7.920718565431639,5.265597364078072,6.775899040902248,0.3314144748504404,0.25232624903490464,-0.2103313075909772
-8.61828125,-0.0856249999999999,0.7309375,8.310013078112359,5.1377870585861185,6.784085862965897,0.07625797267299446,0.23191882619013476,-0.16135094851168502
-9.48765625,-0.15921875000000002,0.3475,7.9991838923940195,4.906359172252724,6.161660186183591,0.2338651360910335,-0.006256341503612552,-0.18400962700163542
-8.404375,-0.026718749999999902,0.4956250000000001,8.35543776437686,5.054284709125361,6.819531663492369,0.05873563859018431,0.2926589577745085,-0.03816024201107522
-9.462031249999999,-0.16843750000000007,0.22375000000000014,8.11659299284641,5.312854464277536,6.690705423383995,0.25350646558405,0.20325244015334842,-0.05830647067829115
-8.514375000000001,0.0724999999999999,0.9837500000000001,7.600324186136734,4.455477667994757,6.280991536970895,0.038279504046670916,0.25371402604552235,0.0012077566819547214
-8.77890625,-0.4720312499999998,-0.11468749999999994,8.252317121040063,5.104360323441463,5.998829825669649,0.2596681677241231,0.06657652524156424,-0.30816612913194913
-8.771875,-0.65453125,-0.39312500000000006,8.264704863718668,5.048408452698082,6.678481506628209,0.22347227158156302,-0.05772637018542013,-0.18898697381705268
-9.41890625,0.225625,0.9585937499999998,8.205905289254254,4.79392547755751,6.556855159675325,0.3840036916044667,0.11910184805650607,0.22142771752893092
-8.831875,0.4139062499999999,0.4714062499999999,7.806351555584402,4.932462182187607,6.261590968752346,0.14506591383493922,-0.13779004092288077,0.004851296080356609
-9.28828125,-0.426875,0.24203125000000003,8.375113162423446,4.296368697443808,5.747641684771541,0.1782122726841704,-0.08727762068933632,-0.33706159740965436
-9.759218749999999,0.01843749999999994,0.5820312500000002,8.12066909664151,3.9265097489492815,5.615860124373063,0.4290849471946405,-0.19493231273771694,0.38196684151155247
-10.09875,-0.3692187500000001,0.5803124999999998,7.982636723695999,3.873302977066013,6.1900073123820905,0.44300725115938694,-0.05061991521758346,0.4553328863516529
-9.424375000000001,0.27328125000000003,0.8371875000000001,7.94904138776337,3.826041547199721,6.388817738036025,0.23460944555857124,-0.07677746020196649,-0.3582883128358413
-9.56765625,-0.006093750000000009,0.32390625,7.714953973896146,4.954362855475055,6.028824153905216,0.21516385263190682,0.1815480389396701,0.20774497128246322
-8.52859375,-0.10249999999999992,-0.051875000000000004,8.063617144927017,4.939854185601028,6.464319104466842,0.1610374945458542,0.19162048776248464,-0.157454414964149
-9.9271875,-0.024375000000000147,0.31656249999999986,8.043426172337492,5.230745906118457,6.122493165254964,0.3306275748810123,-0.21769655433596288,-0.10419914331113155
-9.58734375,-0.18765624999999997,0.3184375000000001,8.85239290428503,5.487381474285885,6.445754954510274,0.32496194366373354,0.5208361308305716,0.00438635651924026
-8.9521875,-0.2420312499999998,0.42984375000000014,8.343502986746259,4.754961283914248,6.1784096083123154,0.22494725615655162,0.14837120136572235,-0.19667856212880389
-9.490625,-0.04843750000000005,0.42937500000000006,8.169226721934887,5.171084635605353,6.112885180859771,0.2596404929946202,0.04483174109326229,-0.014140453594713892
-9.053593750000001,-0.20218749999999996,0.29703125000000014,8.15667180273063,5.2413218361252865,6.405291435526056,0.2680187436014165,0.192239640372976,0.055983367446296145
-8.4109375,-0.8025000000000001,-0.5971875,8.381637802129948,5.486099479593858,6.27246623863722,0.10813902863180273,0.3875153621813108,0.3142997205990419
-9.3096875,-0.451875,-0.05796874999999979,7.9390260282571035,5.3417889310955555,6.597536514603267,0.2785237692765555,-0.05678706055233619,-0.08905428058721629
-9.46640625,0.07015625000000003,1.0159375,8.284418236814275,5.122972309908178,6.261377324207011,0.2550936552752894,0.6112703093389218,0.3610600766878548
-7.9174999999999995,-0.30687500000000006,-0.3784375,8.620254672862048,5.1430890750963085,6.652055654727623,-0.0017233662082573131,0.46747287899705736,0.14418141810584872
-9.22171875,-0.6689062499999999,-0.03406249999999991,7.970690558753265,4.8364834581760885,6.679305895532391,0.1894365222836659,-0.00581855247978596,-0.08454685307127673
-9.455781250000001,-0.44812500000000005,0.8118749999999999,8.004286118364861,4.774474733871256,6.296241159165919,0.22704248511326494,0.16521584988012572,-0.03151228044886549
-8.895,-0.25968749999999996,0.4353125000000001,8.855456651127597,4.15619077730363,5.287345142161967,0.20372521122100304,0.1489176060300243,0.3566387178955698
-9.455625000000001,0.3132812500000002,0.6203125,8.441448867604127,5.219289958499953,6.076029740080586,0.3037843572385848,0.22874077240998186,-0.19248437137989483
-9.431718750000002,-0.21999999999999986,0.17328124999999983,8.49175474259581,5.424613177453301,6.058195135178334,0.2803359280074063,0.2362727685732181,-0.17951256900927673
-9.225312500000001,0.17203125,0.30203125,8.324003875980821,4.645874574450265,6.0121629790386955,0.3272984806657003,0.07142961964856506,-0.0025449544514317512
-8.614218750000001,-0.273125,-0.6998437500000001,8.54974539180252,5.296767550532588,6.5584950856188,0.09843545734057055,0.23667396750970227,-0.1917856019633351
-9.19546875,0.18578125,0.66390625,8.373771725171007,5.531215340198611,6.613523459829181,0.3105749167904861,0.15800033295056864,-0.13223885752225176
-8.91203125,-0.11343749999999986,0.20406249999999998,8.007151721212946,5.275166235162049,6.54535038184311,0.18210725080170306,0.23972758819646042,-0.031099627761354016
-9.13984375,-0.4171875,-0.12921874999999994,8.31431136132668,5.18080063453939,6.071125128602476,0.16655312456352872,0.22901101680509947,-0.06430024858558885
-9.385,-0.10578125000000005,0.8246875,8.319322012640212,5.760733949736651,6.232616316792151,0.23896909421039256,0.24307175289416005,-0.19379713423104297
-8.46921875,-0.50640625,-0.43937499999999996,8.383308622026775,6.381164021748771,7.332535346616135,0.1876632237227132,0.38997802638233214,0.23519648353656353
-8.30109375,-0.12531250000000008,0.4096875,8.366126664485241,5.605527954826713,6.782338269530925,0.1167867846215119,0.14253786286224138,-0.08820899738199627
-8.98015625,-0.5753124999999999,0.32187499999999997,8.445328496458023,5.46223882921131,6.553135669996082,0.21797615479656857,0.13344489711299967,0.13082950665923151
-8.07421875,-0.62703125,-0.18375,8.251311222445098,5.0828838639126355,6.964738082835564,0.001603245418962918,0.31154896455712044,0.10138080131755994
-9.06078125,-0.2873437500000001,0.3425000000000002,8.301745543989435,5.342931148427419,6.572889632802303,0.24752624504972992,0.22272892080702392,0.24862631923630443
-9.467187500000001,-0.10156250000000011,0.256875,8.184351965173772,5.035656988774528,6.677258483792206,0.30215725358941603,0.3342192905158699,-0.1609254460133258
-7.930468749999999,-0.53171875,-0.6709374999999999,8.610935712381869,5.123390770124648,6.957722040732423,0.09975993346091487,0.06194969226449009,0.017159115479805646
-8.85375,-0.017343749999999963,0.57984375,8.364409255141693,5.366853781018814,6.702608748695237,0.2020044606339213,0.19326288723721147,-0.20536484913176523
-9.60609375,-0.4112500000000001,-0.12499999999999989,7.954339345835764,4.6232809305189315,6.035206344856818,0.23916844155454162,0.4447612056500282,-0.3845269820653453
-8.845625,-0.28468749999999987,0.36859375,8.911662631595465,5.1345873643695805,6.981450392644851,0.3275939585731646,0.12954135663890812,-0.008571982038630618
-8.95859375,-0.46734375000000017,0.04437499999999997,8.369010520065139,5.4157880434740004,6.39018213624424,0.25022565285600173,-0.11262894185077618,-0.5522519009256595
-8.96671875,-0.5714062499999999,-0.2734375,8.455706847798027,5.383389054300362,6.826851447306712,0.29445922554971704,0.18982140834761282,-0.021839759980908154
-9.17671875,-0.36000000000000004,-0.3678125,8.363132833806864,5.54171340832418,6.453660412110615,0.2764201429545002,-0.18270076007464137,-0.1883030847718977
-8.884218749999999,-0.4825,-0.28656250000000005,8.311231821435884,5.235057007808034,6.1781854685331155,0.18178280299093938,0.44064814485024995,-0.10141993736171885
-8.785625,-0.23125,0.1339062500000001,8.511009942091185,5.034118436975833,7.2981899762003275,0.18922769544502815,-0.038803207481527845,-0.20587477722401498
-8.56578125,-0.38828125,0.08781250000000007,8.316838304887767,4.6341337360286055,6.835975714178902,0.1494171595259077,0.1195053714277818,-0.5141780529800971
-9.0053125,-0.6053125,0.059843750000000195,8.513929573196137,4.715830046486382,6.778868243526048,0.23732200814484103,0.5690744860796147,0.08758505183144523
-9.1203125,-0.24203125,-0.22453124999999982,8.307195482071174,5.602502281259994,6.5689834472522035,0.20173887677902952,0.523168816269966,0.03168634738500746
-8.951562500000001,-0.2653125000000001,0.7281249999999999,8.062891893334163,4.660336283718563,7.5237315947191385,0.21068684230737333,0.2282832040122496,-0.1591507908079435
-8.7734375,-0.7740625,-0.5153124999999998,8.241300189205205,5.245733003698697,6.444428302987299,0.17753203878358026,0.08663499862956127,-0.07543328325384713
-8.694375,-0.9112500000000003,-0.4874999999999998,8.080651249087229,4.459836565110878,6.769690724102541,0.21185471959149496,-0.07129185266638965,0.032260968594319935
-9.11734375,0.5245312499999999,1.78203125,8.196726336278157,4.896368210753092,5.5558747566448465,0.3768134140264966,-0.18134682899263815,-0.31575159119325097
-9.115625,-0.2671874999999999,0.41890625000000004,8.080290618806666,4.097847937008369,6.27855654121319,0.26564520511534845,0.1276456619536568,-0.28375175073975195
-8.4825,-0.36906250000000007,0.16890625000000015,8.000775157758152,5.463176651097212,7.107949141011839,0.11293014718545465,-0.04788252271824629,-0.06961217581263623
-9.43453125,-0.58125,0.10468749999999993,8.44688624762246,4.910541753462646,6.473576573451784,0.35449504032237317,0.11086558148510503,-0.27415480673120185
-8.4103125,-0.443125,0.0048437499999998135,7.893294418513967,4.398429007540647,6.224979666680522,0.048064983294779505,0.22924972300751154,-0.1404497816815901
-9.4390625,-0.028125000000000122,0.47078125000000004,7.813410290717732,5.806535077770133,6.49977939642173,0.18717546899847678,0.2644347264782401,-0.3618109868431224
-9.3828125,-0.636875,0.5059375,8.220909786321934,4.89238083496931,6.518507478410511,0.24065069741185732,-0.10155936183182537,-0.20796249286836954
-9.1421875,0.09781250000000008,0.8629687499999998,8.203627335809676,4.667304986803814,6.340634747328019,0.3296852198517231,0.02464669176801168,-0.021041416225520443
-10.064375000000002,-0.1653124999999999,0.33390625,8.275643455911752,4.916998566437024,6.296375350446552,0.3861829402639122,0.24166950604625406,-0.16657814823897613
-8.34921875,-0.396875,0.32281249999999995,8.24093371239864,4.969096646713062,6.8263486462268945,0.052311194222851146,0.291412126911912,-0.09126896467071309
-8.2590625,0.08406250000000001,0.19437500000000002,8.401671656348737,4.939343870504842,6.710328763136348,0.07342951445907317,0.10046270822393648,-0.40301400865721665
-9.46828125,-0.06593749999999998,0.37140624999999994,8.120759961875393,5.484971148155088,7.1313537168591585,0.2731930798343323,0.1904731972759601,-0.15865317830037595
-9.45765625,-0.41828124999999994,0.6114062500000002,8.270491736851923,4.3224514003512455,6.609313236635176,0.3231559883755029,-0.16225702369906606,-0.10669983819830656
-8.20640625,-0.45343749999999994,-0.04828125000000005,8.390066181053696,4.662936379964211,7.207581632100911,0.08754607020362735,0.5176188116356544,-0.15575388719573913
-9.24359375,-0.26515625,0.3850000000000002,8.324345763930097,4.6397336238825115,6.847173002414939,0.2523897429494364,0.22668261389365854,-0.5953852406629955
-9.90625,-0.2901562500000001,0.985,8.494282176117062,3.7957572911193806,5.068719636160595,0.5233940980765316,0.0921284956719445,-0.32653485209579575
-8.3540625,-0.27265625,-0.05453125000000003,8.473422552079752,4.652968220054371,6.574083331938639,0.2050769889491092,0.11957737857629237,-0.3471018666814935
-8.94140625,-0.44906250000000003,-0.19125000000000017,7.854345108598229,5.630086233450936,6.267355029236815,0.2016244102285246,0.17724975010261879,-0.14142920230145953
-9.231875,-0.21015625000000004,0.46968750000000015,8.25991069015731,5.014424036027062,6.007428986458662,0.17496071480742426,-0.024251082805234827,-0.3286006368890128
-8.244218750000002,-0.24906250000000008,-0.08531250000000001,8.368723544522691,5.204040112844419,6.499081417965446,0.045372903410205626,0.14387507587874468,-0.1336695473843313
-9.770156250000001,-0.7329687500000003,0.15343750000000017,8.487816174557855,5.313492460145533,6.566350589071051,0.32597239669283445,0.1626843626706496,-0.06354529571884866
-9.12859375,-0.22953125000000002,0.4496875,8.655124541851547,5.036849346841082,6.126178960195642,0.28130817944695735,0.2940133298741119,0.11047502520614577
-8.5915625,-0.5640624999999999,-0.19265624999999997,8.268325521748267,5.5648842414819155,7.040521607582491,0.1209990463294032,0.3765248960868544,-0.15534104508286084
-8.966875000000002,-0.275,0.23874999999999996,8.594597117339184,5.915333095016712,6.715642304537965,0.23406614419542324,0.21864669211133297,-0.03744355019570307
-9.270625,-0.78296875,-0.21453125,8.354444901330968,4.915859436459045,5.787249975616522,0.09757081036294085,0.41605115096417844,-0.13583934153996302
-8.3490625,-0.51640625,-0.018906249999999958,8.299905443503183,5.4974313226688825,6.393022103529045,0.04706141472179751,0.5201566007603684,-0.12531619145783177
-8.415468749999999,-0.19796874999999997,0.4598437499999999,8.355340157963255,5.288328297914516,6.228469287319793,0.19350027083214133,0.21667387874565153,-0.24738338849206223
-8.5521875,-0.5549999999999999,-0.8707812500000001,8.607916318125064,5.7502997204493616,5.941256260434188,0.14170087293007388,0.5665397442177965,0.20395729220224287
-9.113437500000002,-0.7496875000000001,-0.07718749999999996,8.01826610362825,5.873675640290648,6.872355052297847,0.11287788964553644,0.13697989705580157,-0.02323806862567893
-8.79515625,-0.08218750000000008,0.9115624999999999,8.71908914970973,5.812799311849993,6.069632973549039,0.217781098361534,0.2658728370031526,-0.004428161272493264
-8.281875000000001,-0.3120312500000001,-0.13937500000000008,8.571950054356067,5.654051694274067,5.6718889806990225,0.08470420366248148,0.1490771889562353,0.06269980553605518
-8.68546875,-0.08765624999999999,0.2767187499999998,8.502551258608998,5.545986088545114,6.489627554482494,0.19592576349705854,0.17065738863178526,-0.12990166241736417
-9.065312500000001,0.12015625000000002,0.44796874999999986,8.419802916478732,5.840570523338105,6.453489167614945,0.336043549095827,0.22777327693411964,-0.07297717162510974
-8.95453125,0.034062499999999774,0.8107812499999999,7.9647125908769265,4.629401864290219,5.683925883766293,0.11603463259883731,0.31097616395740335,-0.05455631004909499
-1.7562499999999996,3.4325,2.6865625000000004,8.000611793013082,5.0283928222643866,3.4581092281178383,-0.551403833098473,-0.08201560050039948,-0.3191097879469235
4.139375,8.529375,0.9053125000000002,2.9355173495271667,4.211753225721445,3.871557732663139,0.08435431770483624,-0.05741637523629913,1.7838547120517214
4.86734375,7.74890625,0.21015625,3.0789559118045093,4.049888932577156,3.077334729613588,-0.08610281738815477,0.24678218110296174,2.3079457641201366
5.3890625,7.591406249999999,0.39828125,3.7146112341796615,4.090674557449045,3.4369320233892373,0.15806196757658436,0.3462553410986541,2.316059443701585
5.83484375,7.551406249999999,0.9660937500000002,3.7190934682508234,3.6130928869821406,3.818834744226429,0.0024443970569389384,-0.03251861325522124,1.963680185603472
5.7321875,7.663125,-0.08796875000000007,3.7359342325372578,4.384066988468014,3.050146604923022,-0.16420945385329566,0.35180450271376734,2.514491622716777
5.248749999999999,7.3875,0.5640625000000001,3.9647558641737324,4.312765571532958,4.225580847184651,0.2287724783041997,0.520150663889857,2.494611971613656
5.6896875,7.4778125,0.9667187500000001,3.4252112018594927,3.8739282666104895,3.8919259590719912,-0.35967255761456596,0.4842875108477555,1.92832997375025
6.069687500000001,7.658125,0.15671875000000005,3.7418294191937385,4.418510380702415,3.316149430574327,-0.3283655512936186,0.4762406612816375,2.90126620214185
5.5446875,7.38359375,0.65453125,4.093521164882838,4.0200024748078125,4.065901241455999,-0.08050198878255686,0.30859989482065325,1.793744950030248
5.807343749999999,7.54796875,0.41984375,3.8252705142036607,4.530780899748237,3.4843590211236752,-0.05180286338316749,0.31158839163799334,2.066563940022954
6.050625,7.36609375,0.6020312500000001,3.8893949862896413,4.282013843241394,3.8902671741826986,-0.23703943040574343,0.5577951289118638,2.1901462193013135
5.33421875,7.2753125,0.6837500000000002,3.7738656427658417,3.989420371726167,3.9323599387009325,0.028852594776448182,0.5317355640121965,2.519952839079418
6.05234375,7.319374999999999,0.4696875000000001,3.477672866923503,3.9237214776758815,3.8790881534638717,-0.3114145562657735,0.41276288680086354,1.928618462781363
6.129687499999999,7.5103124999999995,0.95265625,3.2695546183454023,3.575715386792376,3.566228418348429,-0.2077934814978583,0.4102200709641415,1.5336833624602488
6.1575,7.00578125,-0.14531250000000007,3.909293014727855,4.0933554407904085,3.318490323527213,-0.17222276271887918,0.4689609689940156,2.8220668703146883
5.9103125,7.4278125,0.15625000000000008,3.69257488445986,4.014018197497832,3.3544110418223942,-0.35434360484422706,0.18783321393375546,2.278031891991971
6.147187499999999,7.146249999999999,0.25718749999999996,3.7266915072009583,3.9871718125132256,3.857500594924614,-0.1429019503929115,0.6612504724030451,2.4736792757670276
6.1576562500000005,7.310625,0.07187499999999988,3.834141340552789,4.015770814473231,3.612766372099779,-0.06534755021602241,0.34331230980830096,2.633889161712341
5.856406249999999,6.98,0.8548437500000001,4.15196315283035,4.137117429442872,4.5181802864190725,0.0423753986314387,0.5764587756897288,2.0503288042765138
6.17578125,7.390625,0.4928125,3.6124471469695494,3.6598560742705444,3.6115403001827007,-0.2764099405073214,0.18515219172230504,1.5890388336611398
6.798125,7.7521875,0.6998437499999999,3.7354994123108893,3.942780375552733,3.779124606054415,-0.23001521315601187,0.3959347445446534,1.4204519316653894
5.89890625,6.803125,-0.10390625000000005,3.8909269931741126,4.035516492268989,4.068567629241394,-0.17940643620452199,0.48663558178569466,2.2915955936799213
6.180312499999999,7.27796875,0.24640625000000005,3.5640838447409946,4.053819256148877,3.698692914052333,-0.21245413927893617,0.3787581725239011,1.755718249236539
6.38671875,6.9037500000000005,0.14437499999999998,3.933089217892017,3.87267611768658,3.41253519899429,-0.29848559476712416,0.2682200488813971,1.4408908040278288
6.194375,7.2253125,0.22187499999999993,4.217927095668559,4.616484041166367,4.862029500051907,-0.10270545888571178,0.34327085592502876,1.6483458007815395
6.3025,7.237343750000001,0.52421875,3.878885954755566,4.007043112674973,3.500261956575313,0.033117088032791724,0.5100210645707014,1.417729521614442
6.6471875,7.01875,0.31250000000000006,3.7008218972065854,3.946162099116051,3.69517548636056,-0.28899851133656984,0.5497064987484456,2.3038760150998248
6.50203125,7.415156250000001,0.18093749999999992,4.083733807623048,4.470937748457915,4.528301529944064,-0.15063016660355572,0.23188313998649313,2.0669267605596042
6.16890625,6.87703125,0.14468749999999997,3.4827221380998714,3.5091664250963417,3.5605617397180107,-0.07885235543562313,0.5864130858978267,1.8949558572352538
6.850937500000001,6.83296875,0.6745312499999999,3.8033910522182373,3.7520126597632153,4.119043779237293,-0.03753443508802035,0.334438172037488,1.8902618949524477
6.42921875,6.96296875,0.8817187500000001,4.1042166977571295,4.3577064207015415,4.2789420986265325,0.1334480351297057,0.6305782141222931,2.279768145734673
6.56671875,6.69125,0.4001562500000001,4.257883884149313,3.9711677674835144,4.081330394379502,0.020716370758342734,0.5581419467240609,2.1482129328192183
6.33609375,7.00203125,0.2034375,4.027694601594185,3.686504178964597,3.800564603923179,0.2491445073371015,0.20726415922711794,1.8682277460888652
6.82234375,7.0990625,1.1709375,3.973557419911777,3.895161148283053,3.940940845292371,-0.14055215707425875,0.47270355089403665,1.703105810368075
6.3715625000000005,6.760000000000001,0.59796875,4.238502174541586,4.419360106395494,4.354300022566593,0.010181574798619825,0.5582852078282056,2.184910293565693
6.54296875,7.075156249999999,0.3928125000000001,4.120163330988644,5.138214668110504,4.075819499173602,-0.0934531960161123,0.5654852785616749,2.0504651086978454
6.43125,6.658125,0.35187499999999994,4.120378661300439,4.21312194036382,3.6546322810065313,0.027119361601835524,0.5237195655088585,1.8597648701166887
6.703749999999999,6.62671875,0.6234375000000001,4.358014707122958,3.791818105592413,3.922749441857554,0.08228650139838556,0.6481389709112381,2.474720295840292
6.655625,6.6896875,0.7571875,4.351897529742055,3.983852159323153,4.326902568794882,-0.0524269509471379,0.6431300236960961,1.9317905556448762
6.65703125,6.8003125,0.48609375,3.9113775065855556,3.8998301119848477,3.6440879419562497,-0.18025974613538565,0.47089776531238675,2.4363689134465165
6.76015625,6.598125,0.5270312500000001,3.9528006258962693,3.86922063978975,3.442264280095797,-0.36308979171130273,0.3382393297861389,1.791962891918585
6.589375,6.8703125,-0.05437500000000009,4.232626945453024,4.186061681621969,3.4221470211513414,-0.248869362101006,0.6652980592377024,3.0879849816633773
6.32375,6.83953125,0.9023437500000001,4.189484044903382,3.9310548161750987,4.657612969036386,0.05102216897025657,0.6869561853446698,2.1627104763260725
6.6498437500000005,6.69921875,0.3196875,3.9382140194618596,3.8082855003463747,3.5687051086274626,-0.23369579986019376,0.4194832514055236,2.481093034641818
6.7798437499999995,6.7215625,0.6799999999999999,4.13756929405248,3.5326610980383824,3.3867083945920116,-0.1948922488030849,0.32329452651388674,2.1924644274727494
6.10828125,6.680625000000001,0.8075,4.2867632583802004,4.237313371627711,4.044756636684091,0.15058374851771664,0.5416938303766758,1.5967082994841757
6.49984375,6.66796875,0.06125,4.143328406979821,3.8845451711266583,3.3115854869684402,-0.20069035323524695,0.4496299651727387,2.246241971839583
7.08578125,6.72828125,0.41218750000000004,4.39215558008234,3.9731436524996724,3.4852342410293957,-0.3239278807201781,0.8415093434582106,2.2220808248252886
6.520468749999999,6.79375,0.5390625,4.500838959879973,4.213208211980509,3.6918054182328937,-0.29970310082340423,0.4025150451476997,1.6619253536159044
6.70078125,7.001875,0.7437500000000001,4.180442674185168,3.97198032905187,4.0465311147327165,-0.06870372760763896,0.49849254777012303,2.0055335147560354
6.68546875,6.553125,-0.0671875,4.2746351926536885,3.847965320708465,2.3597698965881717,-0.34149594838297115,0.5485975379126798,-0.22487285357640907
6.699062499999999,7.015625,0.6884374999999999,4.673583581802485,4.318623867550287,4.581950055226895,-0.014013365657782845,0.6219689509941784,2.4416015868441456
6.8290625,7.1134375,0.7103125000000001,4.395590375148002,4.191240575127339,4.110310575533648,-0.2411793847227229,0.7351167620264376,1.961774571486106
7.06359375,6.703125,0.8950000000000001,4.3445009664472325,3.8132064406972512,4.018254440674458,-0.34075491483107256,0.37873487140627354,2.0999193885035856
6.65640625,7.0531250000000005,0.96375,4.560931705524753,4.564200325289743,4.145178109864521,-0.19710722487546478,0.2975220235900127,1.070028464482629
6.61296875,7.13609375,0.3409375,4.406472753123913,4.353120510474174,3.8368471426542063,-0.12390648298335033,0.6367006273460581,2.2208324340969807
6.91265625,6.78140625,0.23515625000000004,4.379381463955377,4.190125992731118,3.02813421938096,-0.2649765679323803,0.5872881182639913,1.5341032437490028
6.5471875,6.70921875,0.5078125,4.700948530865207,4.431453734627999,4.186844899783577,-0.03510896640135511,0.9388985517746126,2.352831245160558
6.98984375,6.6575,0.27828125000000004,4.035826081867991,3.553297764049616,3.887080586172409,-0.34843624306167714,0.35345405548918385,1.8690442239969618
7.045624999999999,6.50859375,0.6325000000000001,4.219153452930457,3.769255093511308,4.3445026326381715,-0.1651340001171382,0.8439079638481046,1.9485656287733686
6.71671875,6.5726562500000005,-0.04296875000000011,4.476705699607518,4.172348425267949,4.147343908940207,-0.12357748844922502,0.5103649290565023,2.060862262202862
6.86109375,6.8925,0.91046875,3.9976892220645337,3.6752453149415754,4.364002760399384,-0.2082195939584326,0.5613273007717337,1.8990572683686733
6.901875,6.682656249999999,0.47750000000000004,4.213057038466842,4.020583462861571,3.7461271668217564,-0.3101724733934881,0.6825187513040322,2.2043865910489715
6.22421875,6.11890625,0.29406250000000006,4.375297777254531,3.9572599884529875,4.218341542726685,0.3674795284177561,0.5117073554476219,1.8002598787994917
6.6264062500000005,6.573593750000001,0.2293749999999998,4.206118819346517,4.058564773717544,4.237883786086518,-0.09423539916914606,0.6895072057123139,1.8982817931065146
7.071093749999999,6.526875,0.49359375000000005,4.422573881939219,4.046259798798762,3.812323916912221,-0.2505422725371737,0.9442145360897802,2.0321451411686287
7.186562500000001,7.11625,0.42296875000000006,4.520169112831261,4.1554630833999715,4.213400007597597,-0.34978619867100735,0.22884080578377192,2.0344089880786638
6.663437500000001,6.61484375,0.6715625,4.249054019260493,4.21791676667356,4.111019193411015,-0.05260106576561586,0.6282201538216629,1.8669903093717906
7.30203125,6.79703125,0.7896874999999999,4.383537804847067,3.9504962819908385,3.822550264855094,-0.330929120158546,0.3875395071199531,1.784148052732545
6.44671875,6.2700000000000005,-0.07734375000000004,4.521931989857702,4.15429709758462,2.6839961124852505,-0.18024777160099725,0.49489135534071893,0.17501219158688922
7.11390625,6.704218750000001,0.73171875,4.181768322577297,3.936550998608863,3.945560224277211,-0.14090891923183438,0.6067620093733536,2.3428152716300463
7.3412500000000005,6.6015625,0.5020312500000002,4.556283950490794,4.166773039006775,3.5891055552217237,-0.24375619504401747,0.7481808198504454,2.296285772537348
6.7465625000000005,6.44828125,0.5306249999999999,4.77680274175036,4.247782713769436,3.750531576906799,-0.14155022534810388,0.5123631305847484,1.7249256224830714
7.1096875,6.59453125,0.05687500000000001,4.1019004622666975,3.6868410130182503,3.311294533014996,-0.40027144972446027,0.5076451792767543,2.4362657525114657
7.168125,6.37109375,0.8032812500000001,4.226707448993246,3.675311686267021,4.070940867403804,-0.17856361117491398,1.009144927574857,2.2017654924916528
6.914999999999999,6.6098437500000005,0.3971874999999999,4.605613762029986,3.953371777746932,3.965856807153248,-0.33487034836120666,0.45393114582715227,1.9034625531036338
7.044218750000001,6.6401562499999995,0.82984375,4.628841581826757,4.0139975757449005,4.221609768570034,-0.13847853715075262,0.6256061047364262,2.0047699591882773
7.141875,6.2809375,0.8554687499999999,4.358381248740752,3.5795891518572005,4.021399760067809,-0.12714345887964365,0.8168206924302948,2.081156788114276
7.3451562500000005,6.5925,0.379375,4.524511020606088,3.7531869790885715,3.689646779757515,-0.35475756812314335,0.5851702146202032,2.4782827949748896
6.8100000000000005,6.305781250000001,1.1217187499999999,4.322757728001883,3.6049635073948307,4.1132269702021595,-0.21341167688237897,0.7083450497083528,1.8912969642327828
7.35,6.4534375,0.13281249999999994,4.117572479629229,3.506693696859443,3.4790715665021534,-0.5317556178874002,0.5068434724002225,2.1291160042141293
6.6870312499999995,5.92140625,0.8737500000000001,4.556017888356392,3.760978457790065,4.132342518172956,-0.023257425348797524,0.9531098639581271,1.7643824376157666
7.180625000000001,6.33796875,0.15546875000000004,4.73917248677182,3.8321575922087856,3.460464171216549,-0.14357069499212655,0.6214460254195401,2.10687077607646
7.045624999999999,6.09375,0.2557812500000001,4.522208349841369,4.070714963308043,4.125677521892427,-0.08329218836461871,0.9200977445376626,1.7715028909426545
7.318593750000001,6.23234375,0.04718749999999994,4.321425136452202,3.8062956656486815,4.2066831013096,-0.41989030648184494,0.3837268843924645,1.9283494329422204
7.758125000000001,6.59796875,0.7292187499999999,4.421035609376496,3.864627318581112,4.689095163477538,-0.11655952278138804,0.27814731053627506,1.8425452995530607
7.14125,5.919375,0.2025,4.898502800601424,4.360514904730289,4.264100872399713,-0.19884984566085717,0.4802256671347876,2.0185224191750892
7.2284375,6.13328125,-0.09999999999999998,4.502797123299445,3.5764035945204,3.6762310863165277,-0.17076691556758228,0.5323803215640318,1.8850215652806732
7.5653125,5.7670312500000005,0.37750000000000006,4.568130077213624,3.5467113639290466,3.9892629331744986,-0.367942561717604,0.4325908618538337,1.235151239357353
7.182812500000001,6.2625,0.63359375,4.867141251786694,4.223132723464892,4.881916365266916,-0.19052039805814644,0.47142768215865305,2.061730342948814
7.53015625,6.4232812500000005,0.41546875,4.429423809942546,4.2622749407914124,4.418373898310716,-0.33473440956879563,0.8328453207913654,2.17818327209707
7.15671875,5.9475,0.8659374999999998,4.245761509540832,3.535904675609907,4.007828167610701,-0.3217020449543872,0.7316249843090685,1.481990365441051
7.710000000000001,6.196562500000001,0.51953125,4.733148067090232,3.9150288228305232,4.051644507823143,-0.17940320067440546,0.48079526264886135,1.8828900292118045
7.54484375,5.579062499999999,0.12968749999999996,4.482659643067488,3.8387472398028177,3.7409515704354885,-0.1902884132115874,0.7356640796534801,1.861811837231865
7.5771875,5.518437499999999,0.3190625,4.4662076574924,3.814976744174694,3.9025787623177766,-0.21065048531403754,0.9504838966019409,1.8077443774798403
8.42703125,5.727499999999999,0.33718750000000003,4.611375770746019,3.590463497238205,3.7904227455316577,-0.3313795032317828,0.7255102231210631,2.0821931311161506
5.466093750000001,6.659531250000001,1.685625,4.5267112155196,4.580837952031641,3.8526735339728697,0.015536252513935252,0.7097607741626849,0.6497827641072392
-1.43125,8.614375,0.8853124999999998,5.461620209470812,9.012647688630407,5.2266334075907555,-0.7740151454560784,-0.17582779573649118,0.16997682371105347
1.75046875,7.3209375,0.7503125,5.160921196140611,9.291895951370407,5.527372502133699,0.01801091496029542,-0.0030916149430184766,0.16120464314402483
0.16765625000000006,8.6521875,0.56546875,4.419961376452959,9.168375413062215,5.1451408902257905,-0.44552920050088424,-0.1922488491608201,0.025774754884329128
-0.9595312499999998,8.1325,0.8703124999999999,4.106607644123485,9.137539158602824,5.533888768519272,-1.0586008782105099,-0.15594441506558585,0.07279054287901628
-0.5851562499999999,8.572656250000001,0.58984375,3.3789897677539567,8.874146480469879,5.296583949876178,-0.8304853337718124,-0.20744333167430473,0.2404902698660166
-0.59078125,8.925156249999999,0.89109375,3.5930102737326592,9.069042120069017,5.457875077922812,-1.0757250791740482,-0.23555989664393912,0.4429934492566579
-0.7735937500000001,9.0903125,0.7762499999999999,3.545522425886055,8.986637470563934,4.429559973913888,-0.5572019976480276,-0.3455308633465853,-0.10702237212982191
-0.528125,8.21953125,0.6268749999999998,3.605530853338382,8.974072276161667,5.460366824616731,-0.7491984904396365,-0.19142263695701872,0.21931544496688082
-0.69640625,9.4446875,1.035625,3.2940668098053107,8.668343081428178,4.636622179386088,-0.10188858767498181,-0.3700324937302703,0.1258467412983772
-0.5053125,8.99671875,0.5096875,4.226396207449527,9.135706399666008,5.241657946427233,-0.31815770414089883,-0.31746897755296494,0.30031391406945535
0.10828124999999991,8.918437500000001,0.52984375,3.8897555975148923,9.510880975682207,5.433235538156425,-0.369053344220558,-0.4461203217064226,-0.23035391049769563
0.343125,9.532656249999999,0.6926562500000001,3.1275279150432853,9.158598630895229,5.0320625872335825,-0.07364625842363294,-0.5109079767481328,-0.11692047762828532
-0.31828124999999996,9.4975,0.7735937500000001,3.37789577376189,8.546511898137158,5.652307152611307,-0.4409562691210601,-0.4728155458008761,-0.29556353029098337
0.40703124999999996,8.589375,-0.013437500000000074,3.749969866415387,9.431727684224931,4.62983707149547,-0.37933589094027914,-0.3207034892810795,-0.16205171619284106
-0.15625000000000003,9.03234375,0.9184374999999998,3.5026429753116433,9.190729660605623,5.005565408482218,-0.3957355309215097,-0.388725237178423,0.037696004858625495
-0.2025,9.43859375,1.2140625,3.534606148498019,8.792420185020786,4.658570300649519,-0.4040764746292182,-0.4087876276690347,0.28262275655906116
-0.9178125000000001,8.807187500000001,0.3329687500000001,3.618165310602011,9.01100203722337,5.167539513542537,-0.6915650294623178,-0.33409727036013703,0.4477961153749921
0.09109375000000001,9.12703125,1.23,2.959359684325469,8.653060636215573,4.835444976938524,-0.4133045596510603,-0.41265159092988435,-0.025038412874214624
-0.3996875,8.49265625,0.6073437499999998,3.2954134645509585,9.080912371939064,4.791744281244141,-0.6106764993930576,-0.34088699177534626,0.29974482387252127
-0.58859375,9.43484375,1.20859375,3.212423086232717,8.50734480320305,4.263208470150262,-1.0081319449189516,-0.30069028199444503,0.36608841176126483
-1.63109375,9.4565625,0.8748437499999998,3.886440015130934,8.682898820877378,5.128668197064998,-0.7826672773594732,-0.40429219007857176,-0.022198376649811804
0.03578125000000007,9.0446875,0.2742187499999999,3.788463905681092,9.097977963665539,5.331356477450034,-0.7454886651234968,-0.3615753652477467,0.26894875527414785
-0.20140625,8.90921875,0.91796875,3.4423279129044255,8.653488332871804,4.457325143684656,-1.0244859641685027,-0.3464447289798481,0.39638306195956186
-1.36078125,8.69734375,0.57359375,3.774228110110521,9.125046274229843,4.944919225574967,-0.3986962291752759,-0.3252235917964567,0.13863643263058506
-1.0553124999999999,8.588906249999999,0.28453125,3.3722206003379656,9.036222786165187,5.128852798655216,-0.43068713910508627,-0.2910400276495876,-0.47794335954405537
-0.5151562499999999,9.47609375,0.50671875,3.5932793136056005,9.052358742543898,4.928352936925118,-0.34439005013289326,-0.4463531012958316,-0.44053510266224766
0.09328125000000001,8.822656250000001,0.1957812499999998,3.2920410911619005,9.431455389113387,4.52184102602562,-0.32731860747377106,-0.44707535391965153,0.03434109441274674
-0.1359375,8.90875,0.9121874999999999,3.7512234332406473,8.350380137305129,4.372956833178639,-0.9865420452586261,-0.32622015274944893,0.1359507132388323
-1.0778125000000003,9.02796875,0.63421875,3.8660462962623394,8.716544287246148,5.038005807325795,-0.6449901315392167,-0.30381603697870646,0.16552351561313075
-1.73953125,9.30015625,0.7998437499999997,4.49042085642019,9.096083548048904,5.632478221270451,-0.3794877878401985,-0.42097335299524213,0.08975104900575355
-1.1657812499999998,8.413124999999999,0.40265624999999994,3.3658527915891447,9.033965400607588,4.519769159684589,0.06608709045766199,-0.28973115406416894,0.3858373074379686
-1.2454687500000001,8.95875,1.034375,3.424476661516828,9.118247587256008,4.974563383793094,-0.3119985883503523,-0.43430809906893003,0.42853004947718226
-1.6615625000000003,9.12203125,1.04,3.8701022349020384,9.02553239075255,4.344810482057877,-0.32832829753324355,-0.354568296703221,0.37788010203915906
-1.0992187500000001,9.22046875,0.44781249999999995,3.660553366930803,8.401771656488496,4.784461656220452,-0.7104345301369575,-0.292973495684911,0.30757551976401404
-0.6118750000000001,9.091093749999999,1.04171875,3.0947293273200804,8.733603587077383,4.786367214119538,-0.4191744202650743,-0.3637386936018732,0.01341115153473487
-1.07953125,9.02171875,0.5489062499999999,3.9614251025071066,9.16578361262137,5.13183724325031,-0.7362769887132714,-0.31674235241726734,0.2987650456858923
-0.28296874999999994,9.154375000000002,0.8106249999999999,3.7206029751941334,9.24688932070537,4.891205716321386,-0.5315852849156331,-0.4456090524357683,-0.03210145060771159
-0.7075,8.31703125,0.9307812500000001,3.666987864719489,9.459720476791237,5.059787639036686,-0.50147516355757,-0.3830084706160763,-0.06947428563069137
-0.66703125,8.65828125,0.451875,3.8976834785579286,9.317162013370726,5.006158043787171,-0.6438003166161742,-0.3809125273700972,-0.07674141432374713
0.28078125,8.72234375,1.189375,4.247216479901683,9.581069020173894,5.651011213435609,-0.5982173745946734,-0.33855226703056324,-0.03673994256882333
-0.2532812499999999,8.545312500000001,0.55578125,4.519416809268474,9.358361730417549,5.056724731943438,-0.8738045881430424,-0.2952264018634659,0.23611985701469276
-0.18578125,9.423750000000002,0.3368749999999999,4.035928798262977,9.110691778756431,4.808489522123866,-0.5335423962803664,-0.48753551076482105,0.23969133330882264
-0.024531250000000046,9.422343750000001,0.9656250000000002,3.5871920293278747,8.765405677681777,4.193664818434468,-0.6956801162728858,-0.4512339585344445,0.18531192483719466
-0.30671875,8.24640625,1.1448437500000002,3.562998234759377,9.051843798224809,4.667266662682339,-0.859643541723522,-0.34932780425101406,0.1928550605905345
-0.9292187500000001,9.8271875,1.28671875,4.319370724092624,8.86302633640698,4.8423135143130125,-0.9297634729151942,-0.436590821609876,0.21568292340728878
-1.2896874999999999,9.138437499999998,1.263125,4.032928126974711,8.86124536583847,4.365595919731349,-1.1169662221210153,-0.40016253635497195,0.4157816886297364
-2.81390625,8.555,1.1751562500000001,5.641094091903709,9.12829375485912,5.516699928452329,-1.041406344321542,-0.2697707218360626,0.48593425116339434
-3.44421875,8.299218750000001,1.3732812500000002,5.768442382016868,9.23426775397749,5.216740497753213,-0.510027503983002,-0.2964385174381865,0.43736745268743193
-3.6665625,7.866250000000001,1.245,5.1105094592999,8.671461003631395,5.342927860733289,-0.658487086353006,-0.19597402528052377,0.3967807349679356
-3.7220312499999997,9.586875000000001,1.4059374999999998,5.697616601397766,8.591780387927464,5.481332729920138,-0.7928990417493117,-0.3541868302992449,-0.20399280990807833
-3.21515625,8.71,1.0534375000000002,5.187592767901692,8.943146293391381,4.872076757769088,-0.6588499893397892,-0.2503719878512209,0.3236028979677833
-3.37,9.131562500000001,1.3646875,4.908285724160727,8.041547040749917,4.93232861104608,-0.31217615574228197,-0.23525386935277814,0.40563704688227925
-4.00109375,8.64875,1.62703125,5.963115302944505,8.826562273189943,4.6264169044762316,-0.5809188189114249,-0.15604410613645178,0.5795927282245412
-4.332343750000001,8.612031250000001,1.11921875,5.980653116034731,9.469204556694477,4.714458248531685,-0.5988780487756682,-0.1645548700353847,0.825982326239905
-4.42578125,8.74953125,0.9125,6.194581252162929,8.758459558779354,5.029830079137863,-0.47307507664747434,-0.32395746145465826,0.3896164863182115
-5.412812499999999,9.021718750000002,0.7576562500000001,6.607836131430905,9.138771381230544,5.035631397286336,-0.1807817090247415,-0.3254659557453034,0.3287408675200493
-5.36,7.7159375,0.83765625,6.622316673566736,8.873059597517294,5.437108532513944,-0.30674964498869284,-0.07326941532616639,0.3464905988311848
-4.01546875,7.536093750000001,3.08171875,6.409377634004213,6.296724003695171,4.547636595903243,-0.39528656856056515,0.13800943701913942,-0.0688954779845106
1.591875,0.20015624999999998,9.688749999999999,0.0648525972880038,0.04255482447311351,0.034753596936144604,0.5717844704350168,0.025683575815427444,-0.7973338694492871
1.4959375,0.1884375,9.69921875,0.06827606530659193,0.10312642044476285,0.02802368905832178,0.3359078886596212,0.24670438938861433,0.714825571203595
1.48625,0.18015625,9.6725,0.05666513478321571,0.06902201160454179,0.032882366094914656,0.8377426984214746,0.2926189297852446,-0.8648801693981331
1.5290625,0.2184375,9.65625,0.046861456376749544,0.03993035929903462,0.03119995993587184,1.4365639533501668,0.6981160800293396,0.09067489109972397
1.53078125,0.23812499999999998,9.645,0.024258032658018683,0.030149367737980843,0.028722813232690297,0.3816869502889313,0.5220569276328204,-0.06330096580207124
1.5207812500000002,0.21390625,9.649687499999999,0.05610550016208306,0.05996397844487556,0.031621232483096,0.6460897408481204,-0.2195483786606639,-0.3983096176393881
1.5060937500000002,0.233125,9.643125,0.04148106448655221,0.03892601154755005,0.029836795655700164,-0.44059977793960825,0.14859034252590494,-0.04240929983196971
1.4949999999999999,0.22796875,9.655625,0.052559490104071634,0.058448152438186615,0.03306598516602832,-0.29830451171860584,0.3136310320358745,-0.1885297776032834
1.4690625000000002,0.23062499999999997,9.67,0.034583176455467504,0.02871601251915036,0.02423839928708153,-0.7142342146155587,0.23030954463209988,0.0790024784367959
1.43515625,0.21078124999999998,9.67234375,0.11368806263604592,0.11184957375170233,0.03673138080630107,0.5508195990124097,0.5506694192307405,-1.1687626619399882
1.379375,0.0340625,9.666875,0.1253479532142428,0.12447036231067217,0.046195068730330954,0.3567046537119265,0.850260344866956,-0.7090808940718039
1.4090624999999999,-0.023125,9.65875,0.047127445228338005,0.028986796563263077,0.023418742493994046,-0.10243037782872473,-0.09616988540564278,0.0045620556639307894
1.3981249999999998,-0.024375,9.6696875,0.03404385957849078,0.0279438611326352,0.02474676430869283,-0.5474187993617255,-0.15661984794683592,-0.08789801082312189
1.393125,-0.0225,9.67875,0.038155725323992966,0.026339134382131847,0.024968730444297572,-0.11742615927228209,-0.09748109145566203,-0.26725156674333467
1.3715625,-0.03125,9.671875,0.048030548547252666,0.024968730444297725,0.028661548719495188,0.3386739278853713,-0.1949807205253167,-0.34784185112248667
1.314375,-0.044062500000000004,9.686093750000001,0.039245819841098976,0.03101001602305294,0.03194806271024103,0.23750976719552996,0.3376288681819068,1.7711544792832439
1.3240625000000001,-0.03671875000000001,9.6790625,0.038919739127465866,0.03473357019422996,0.03150985708869517,-1.2201860330683731,2.113009736460106,-1.1453241783581245
1.31484375,-0.05046875000000001,9.682500000000001,0.02598029226043271,0.023280201318663464,0.026339134382131802,0.8678539976814773,-0.173643431886627,-0.39505494958360327
1.3006250000000001,-0.033124999999999995,9.677187499999999,0.06164097156112969,0.06580926511517964,0.025215864921711375,-0.4632541919284852,-0.06214302646326733,-0.061612829875046224
1.2795312499999998,-0.04890625,9.68703125,0.10410976310335883,0.08035307219352288,0.03855514263282534,-0.2261370183000251,-0.07369563592171045,0.01362575826853314
1.2475,-0.06,9.69484375,0.03921096785339532,0.037914377220257756,0.024748244098066873,-0.5528256621805282,0.19265377309650822,-0.4142651226384275
1.26703125,-0.0471875,9.68265625,0.09491245452224646,0.1071136772020735,0.030935527083557086,0.5116085921219141,0.09635973115869528,-0.6419164628060181
1.20546875,-0.07,9.6984375,0.03758031763353661,0.0257390753524675,0.02762577770398515,0.10587769600090456,0.5717758284065412,-1.2782488999946027
1.06015625,-0.1390625,9.7175,0.18466601768039917,0.07942604165983598,0.044756284474920416,-0.06564233454619448,-0.7252635137690457,-0.34638979322537256
1.07875,-0.15296875,9.731562499999999,0.2602072491303807,0.11770832181047142,0.07502538632856219,1.0792066394825879,1.5103075976613798,-0.7705094196173926
-1.0235937499999999,9.415937499999998,0.12703125,0.4632573771252192,0.22193551111471538,0.6454593318121891,-2.799045210430479,-1.0453984068365265,2.700396098677593
-0.8964062499999998,9.44859375,-0.11,0.0901278118059986,0.05150446544657548,0.11075028216668345,0.11232820034057342,-0.5448926363713854,0.597729638422212
-0.9732812500000001,9.44859375,-0.16109374999999998,0.19997698842226197,0.09670940988827045,0.09735754316403789,-0.7671290935416601,0.5138296724987055,0.0842807348803768
-0.96234375,9.44484375,-0.26531250000000006,0.1440783444378006,0.06670813732924552,0.10450730760932463,-0.984545418914355,0.06512397106266986,0.07882015267102403
-0.96515625,9.41171875,-0.436875,0.06583578499522505,0.0508230597114881,0.07360950600975392,-0.16948270517560318,0.12548676057900987,0.1168627547219817
-1.014375,9.4053125,-0.4146875,0.04827897446093903,0.029153084635248773,0.05024840638020274,-0.20448701403740752,-0.31940564399953436,0.0331292599283341
-1.0256250000000002,9.40015625,-0.41640625,0.05741501872332711,0.04218605321593251,0.06129761382743622,-0.15094411686751505,-0.2956112687372217,-1.1962034544352542
-1.0125,9.404531249999998,-0.4403125,0.08587782018658836,0.04656748085775613,0.08448314828266049,0.256893347199924,0.42557047571746165,0.6593765232967903
-1.0428125000000001,9.403125000000001,-0.45546875,0.037436143548047286,0.033581756580023985,0.04582335947349889,0.031036754147402024,-0.15290014205609534,0.18841084235323127
-1.0412500000000002,9.419843750000002,-0.47265625,0.04203792930200063,0.030181336715551375,0.05244765805960739,0.042118083801383654,-0.5920191518486383,0.25484693980497924
-1.0367187500000001,9.404375000000002,-0.45796875,0.09603148389167744,0.08780082217724378,0.15590641912197684,0.5630470652675664,0.006719812554195669,0.9668218325234386
-1.05234375,9.406718750000001,-0.4765625,0.03819122066571717,0.033496953569503586,0.034242642914208594,0.013514431698115557,0.0042195482362954,0.15469209861904387
-1.056875,9.40375,-0.45125,0.07112653776896496,0.04431774475308945,0.07880950133074058,1.600793114260995,-0.02288744192019495,0.8536706533419419
-1.03859375,9.40203125,-0.5367187499999999,0.08958004778374201,0.05665630170984942,0.10396896603524294,-0.727163078419113,-0.3776373241290933,0.563832769341214
-1.024375,9.395312500000001,-0.5090625,0.1492886779866444,0.05114222662096352,0.0640243789017121,-0.3589033570189657,-0.5302525873290005,0.8469737057328669
-1.0925,9.4146875,-0.41203124999999996,0.10851267207105353,0.04656879152125369,0.0857718574092779,0.2883883440675601,0.34774285979612,0.4019042891442281
-1.1125,9.41171875,-0.41593749999999996,0.03925079617026893,0.03028792496090615,0.051832625765534976,0.9747738344273991,-0.2620879050856516,0.19951587357263842
-1.1300000000000001,9.4096875,-0.33078124999999997,0.06729134416847382,0.04690311656755855,0.06919864267771081,-0.03845950397344993,0.28317546461282356,-0.2215670467423338
-1.10359375,9.40234375,-0.45015625,0.05292586759739983,0.04167366477690068,0.09388310862949469,0.47667219813217787,-0.11773333642244932,0.1640395349806652
-1.1021875,9.4059375,-0.46703125,0.03299946732524631,0.03525437694457224,0.048787795845247,0.6548387144182936,-0.14986796161667817,0.3372629297921647
-1.1564062499999999,9.3953125,-0.3996875,0.06915488023948489,0.03848574208391972,0.09084617407326519,-0.8216685698513014,-0.01928922291271909,0.5066401966386652
-1.11328125,9.39828125,-0.16265625,0.16853277395936228,0.1955645248976345,0.15539508304942437,0.057289777266654074,-4.421011269659767,0.412031626738286
-1.13625,9.42703125,-0.10609375,0.12642314859233653,0.09519190629164587,0.08632455450761099,-0.6343188774276711,-2.729203965419822,0.20753452957624022
-1.0315625,9.41,-0.410625,0.12906174333918632,0.0433733789322436,0.08496092852011447,0.5466516706563904,0.06434125592977631,0.9565958267300201
-1.07296875,9.40640625,-0.40531249999999996,0.1753628353541237,0.16936800896549933,0.1215006269273949,0.3129282114956789,-3.791798208633341,1.6338730782414006
-1.05203125,9.4171875,-0.42874999999999996,0.045317618245418655,0.029499404125337574,0.046954099927482375,0.31369376254141423,-0.016227177469492548,-0.382968212331095
-1.0750000000000002,9.4015625,-0.4621875,0.04886205071423017,0.0367941380351542,0.07014424312621813,0.3825279373916426,0.6059046827255583,0.282015788504578
-1.1228125000000002,9.40703125,-0.38203125,0.046282716469001645,0.04163380865879902,0.061851123865597615,-0.2070658662335571,-0.29776918513460887,-0.10199142089730813
-1.11546875,9.40609375,-0.3615625,0.051110471269960885,0.037400584366256644,0.05943007314272799,0.36727670279282126,-0.5872007535240164,-0.2130578471101382
-1.10828125,9.412968750000001,-0.36906249999999996,0.08623287307307752,0.045058284736965826,0.06911762505866358,-0.3776694723381069,-0.3217790101356003,0.32926131732502567
-1.1053125000000001,9.412343750000002,-0.39999999999999997,0.0801749795369478,0.03521106837256552,0.06934965753340099,0.5389419380884756,-0.5017076390987464,-0.2906423208996481
-1.07421875,9.41390625,-0.47437499999999994,0.18004170252593563,0.15680020315974558,0.13590983913977678,0.5710460349240849,-1.3664337108376283,0.2031217146100007
-1.0959375,9.40609375,-0.45281249999999995,0.07753464447426064,0.0578148225884807,0.07671922734067385,0.43024563355486356,-0.5723076617681175,0.45965178680991553
-1.0625,9.40578125,-0.42265624999999996,0.06075051440111434,0.036047047707648515,0.09194499353383793,-0.30200139425433115,-0.05460473758064084,0.7722659592099335
-1.0939062499999999,9.419218749999999,-0.42843749999999997,0.05412997054255156,0.03227347437815594,0.05006928792932849,0.9928789533829276,-0.1639565769765968,-0.028173241031274093
-1.09984375,9.407187500000001,-0.39671875,0.06847655135838471,0.04032945379930145,0.06696675218671949,-0.21643479337332516,-0.2349392090986161,0.28758690750592086
-1.0965625,9.4190625,-0.388125,0.039734224463930316,0.032341862867651755,0.048116882432260706,0.47457945930316836,-0.5864285361755133,0.19104451937125833
-1.1260937500000001,9.43125,-0.37875,0.03625505083347004,0.030695072894521627,0.06387243145520609,-0.09004763278665413,-0.13736464887820812,0.2569242909842786
-1.13171875,9.4371875,-0.39515625,0.04778057553480804,0.033188323906910455,0.05199135106859121,-0.09558304367293528,-0.6042928887538752,0.1213911467818376
-1.07296875,9.44171875,-0.39640624999999996,0.09613921688591756,0.04339335661639348,0.07818981686215604,0.40314966435285565,-0.5814671932056236,-0.2676503461381047
-1.0862500000000002,9.423281249999999,-0.43265624999999996,0.04836385530538275,0.03737707717890054,0.05850326346399404,0.6652560779995225,0.10490979703201096,0.043210269657604314
-1.1359374999999998,9.41828125,-0.38765625,0.054334575490657844,0.04021639464742566,0.05267062118427596,-0.5278539620435051,0.24383690561997529,-0.22693597789785888
-1.10234375,9.415624999999999,-0.40265625,0.08075313824203674,0.05482571818955041,0.07659230924797542,0.16961224616214113,-0.9653574089512477,-0.23723174302467853
-1.103125,9.43328125,-0.38359375,0.036949078134643605,0.03326290574254599,0.04761063390606661,0.05113754047273279,-0.2676030240356859,0.08282036820090678
-5.0828125,8.29015625,2.9281249999999996,4.896563038483601,6.8012715934658825,3.88198478350637,-0.8708825707582851,0.07690495580150981,0.5977082145747462
-6.095,7.056875,1.8465625,3.7068909648113473,5.408480573079189,4.129763241832847,-0.299826842646463,0.22751645745240548,1.2140308193225122
-5.79140625,6.83546875,2.25484375,5.609801374376898,7.081686753893696,4.014242998447645,-0.5359968460063247,0.2175348837663274,0.5714887091104611
-7.431875000000001,6.66578125,1.7571875000000001,4.470191507013429,5.3073509766783316,3.9204800681604985,-0.28494764891229246,0.2248009677067196,1.1583710674516448
-6.14859375,6.59953125,2.46375,6.056349165129181,6.227525448986414,3.566836176851973,-0.719857744425332,0.5176834382952081,0.6611377347995813
-7.715,6.702343750000001,1.9159375,4.960080014475572,5.29755537435296,4.645781930535887,-0.180021509002574,0.35160839685615514,1.2522978727818896
-7.3373437500000005,6.373906249999999,1.7140625000000003,7.042434380726308,6.671925232173315,4.243142526016979,-0.43068303407187375,0.5392885071394293,0.5664871739364722
-8.322812500000001,6.1157812499999995,1.4465625000000002,5.654160655202835,5.146342999125538,4.3073045583745,-0.3108495536557546,0.48066796472477197,0.5493361482906651
-7.87328125,5.684375,1.9253125,6.386180650114624,5.758073645706089,3.9962482283191254,-0.18513225763348387,0.4690757453515137,1.1635239430970423
-7.9614062500000005,5.893906250000001,1.8854687499999998,5.87928829323422,5.240733076460863,4.803740707019212,-0.13355422087724714,0.45135870383251475,0.9100742880275137
-7.8589062499999995,4.567031249999999,1.3096875,5.720247513544404,4.370423920974193,3.9078366652591496,-0.15110254157762545,0.9403735991770715,1.5148990755262635
-7.99125,4.7515625,2.60078125,6.2194587535813755,4.7056771625977225,3.690863425697087,-0.2298064611628153,0.3647681304605588,0.5258793083674196
-9.3484375,4.38875,2.02203125,5.929820881240322,4.545403413064675,4.690731945712037,0.017243861292381524,0.824715712229077,0.5534273230962589
-8.946406249999999,3.9296875,1.98140625,6.468900932342444,3.862742293674761,3.7432317534399253,-0.07210041095478877,0.17100478865855798,0.16255533102031708
-2.6281250000000003,5.73203125,2.94125,7.559956777943575,4.7331639720723215,2.6742279843910093,-0.2405136836512869,0.6230083120716591,-0.2816258769714237
4.63921875,7.6740625,2.16984375,2.9007080518639645,4.8007954154591665,2.8324815159301457,0.594999435501049,0.24853161100091373,-0.06239758375228206
5.2221875,7.365156249999999,2.31109375,3.6714423548305577,4.849595985810152,3.2105403153069014,0.4049656853308166,0.5615231792863511,0.3267504038913024
4.5978125,7.18171875,2.4553125,3.6326111772172576,4.88691222638574,3.5287878446208336,-0.00590624577447637,0.5014714894795335,0.3690196206675925
5.352656250000001,6.723593750000001,3.3332812499999998,3.8217540320952024,5.893514010966712,3.576554755752865,0.7355283234875487,0.30191307695752145,0.3258290782663082
6.09984375,7.396875,1.81109375,3.5933382338830753,5.281241531058298,3.6037658763036946,0.8195352657161844,0.3300578185062713,0.2881678095270677
4.81875,7.735312500000001,2.37109375,3.5259668443563106,5.791433859791869,3.6914699465403937,0.43765942442195466,0.4837843798270358,-0.029244839550262743
5.12453125,7.196093749999999,2.1446875,3.661495566059508,5.4645366961629,4.891070616679312,1.0193019640566379,0.13706883973129116,0.38553652338607936
4.96140625,6.890625,2.79015625,3.675612562548036,5.41111497146152,4.098230369694454,0.8573751917608609,0.1464060910249329,0.47638345676970806
5.45109375,7.39484375,3.32796875,3.4105791833955323,5.725384264447753,4.504815194491716,0.3994730284537434,0.24772539106074046,0.273080159414012
4.56453125,7.5090625,2.0943750000000003,3.6457847790665645,5.532362379318057,3.960598469218383,0.5184357629141803,0.49809066277775227,0.7362346089171571
4.82296875,8.3871875,2.0329687499999998,3.806639216424829,5.772048615079723,3.8447572581404197,0.3726103411871269,0.15185021661183223,0.2056358909221015
4.57453125,7.31546875,2.9924999999999997,2.98110556761639,5.922871434555492,4.658523438279558,0.2792184588687427,0.2797044379129609,-0.08079588915715955
-0.026562499999999968,8.337343749999999,3.5409375,3.9622378536117377,6.8586230492596645,4.217554356033097,0.28642228024871386,0.15415932340638988,0.5085888927401613
2.7117187499999997,7.17765625,1.4039062500000001,4.282255011486172,6.923294632567354,3.4064349111220276,1.8158295153162667,0.40147986987052303,0.7188791084663545
0.29375,8.5815625,2.0471874999999997,2.4843532231749976,6.841072699774046,4.428747166506996,0.10103611986588436,0.13400535192414134,0.844792541465436
-0.0746875000000001,9.4878125,1.5676562500000002,3.288481302568672,6.229373832083266,3.5618735160496557,0.13887537480728301,-0.029712986968593463,0.8457211683547258
2.7923437499999997,6.56625,1.89671875,4.811235789205923,7.13605140729101,3.7728383938221417,0.8745625456311132,0.4849386207528531,0.5195577539866222
5.1509375,6.9750000000000005,1.6949999999999998,5.130513716587624,6.0902837577571045,4.0360186911113285,0.619724236429489,0.320600000279212,0.7853194699490013
5.22453125,5.94046875,0.9546875000000002,6.656523099957923,7.580584045294494,3.929405158843225,0.7363168502417957,0.5726382761088776,0.18595066846180555
6.5221875,7.26578125,2.1178125,5.609443340461133,6.0662459573156475,3.9654584652778486,0.41765779723091045,0.24854374526010575,0.4350021831483543
5.740625,6.729843750000001,1.01703125,5.503210959010658,5.988840270710678,3.1231187736017083,0.3926241507123687,0.4862535549671053,0.18912221402118654
5.34984375,6.39046875,1.94828125,5.4354227331538745,6.180604852502175,3.5949580815912774,0.42017713434049014,0.39656442010035015,0.442284719905949
5.17234375,8.0034375,1.1159374999999998,5.470598042658219,6.168433051318119,3.8387631140894527,0.47738468197183903,-0.051127244168033825,0.9893392700552117
6.06625,6.317343750000001,1.81359375,6.445797686283677,7.114900131543375,3.882187836447502,0.3754179722249856,0.47517693103399294,0.09147598715407645
4.97140625,7.1040625,1.7853125,5.59889829207148,7.116572805507841,3.2246017044502953,0.726506941918716,0.19039140944058264,0.3031033749998328
3.2596875,7.73796875,1.1082812499999999,5.066909798125851,6.6128873184504995,2.733871770657585,0.8661783488229591,0.2683192923702924,0.6914045880090441
-3.7592187499999996,8.27,3.0865624999999994,4.173010867724698,5.800897559860887,3.4661101300440165,-0.7761865371734731,-0.026947755443678847,-0.03704532501675709
-4.09578125,7.46703125,2.93390625,4.256004510059692,5.393216421952992,4.106364578761966,-0.11869126708244664,0.13248181258494696,0.3368830085983028
-0.38375000000000004,8.464375,2.29921875,3.267824438751262,4.597204610888556,3.9689369265772463,0.08680651834970315,0.027644979261988743,0.7089609856964671
0.53046875,9.032343749999999,3.6031250000000004,3.5274510227320572,5.715541789221381,4.433785373061601,0.70081574059284,-0.16835451421450162,0.13372468114996194
1.26125,9.1921875,2.0025,3.2727021996356465,5.3940382219487235,3.962342662491471,-0.5979375465572712,0.08408787902553448,0.22467411225815295
1.53015625,8.91890625,1.4225,2.97629251974431,4.966604447830624,4.372198031311025,0.021450997764002184,0.16782562231608195,0.3523902116997267
2.98171875,8.929375,2.69046875,2.9470120220994076,6.513901690567259,4.761298545856312,0.7250643095676768,0.16697488098582652,0.4324314578673971
1.3765625000000001,8.2965625,1.9959375,3.422358570283621,5.567309218428032,4.065484949067423,0.21775923677313522,0.22531235768045751,0.8174845980839791
1.02390625,9.11265625,2.81625,2.7534294622726287,5.958431589507086,4.275082053306112,0.33090807220565444,-0.021548154711669255,0.7926969633899619
0.015781249999999997,8.563593749999999,2.39265625,2.486512244017398,5.447671339431275,3.3352048485566725,-0.1052423709706522,0.22245179827261713,0.4137203759542564
1.03875,8.60734375,1.6034375,2.841284645631268,4.9446316351004285,4.255945553997813,0.16982250189907835,-0.12251435062980907,0.6240904358293551
1.0659375,8.50171875,2.26484375,3.0857934143577648,5.978377067264864,4.851190895088127,0.28452662968017056,0.12778592548314116,-0.18702331429355187
-4.033906249999999,7.4282812499999995,2.06921875,4.72912935208067,7.291452306186913,4.82155942897611,-0.8885251593232577,0.2998653261379906,1.071370563532872
-5.44328125,8.580468750000001,1.6026562500000001,4.262094942149745,6.403938346265791,4.969285110238286,-0.49866210900591323,0.13156787595807024,1.2428797291688842
-4.44015625,6.955625,2.1028124999999998,5.2475096748920755,7.791246064293888,4.38376032531932,-1.081382141099864,0.37115168292277884,0.7535930756714164
-4.246250000000001,7.702500000000001,1.45578125,3.5864255795290103,6.2837247612383536,3.501809266600401,-0.8673334815212121,0.06797964928315979,1.3151971326630958
-3.72578125,7.33015625,2.5123437500000003,5.00304526160302,7.412582523188928,3.905484021774502,-0.9180107429708261,0.26106139414533625,0.6760738465777759
-5.86875,8.76625,1.6623437499999998,4.492902214882937,5.74145737705158,4.510952553988563,-0.2555099768071286,-0.1029676252606727,1.3022644730273947
-5.1743749999999995,7.715000000000001,1.6228125,4.87108203938047,6.448550951570438,3.9591963628801934,-0.8955548690071605,0.11925690855768384,0.6926711788372385
-5.9490625,8.2778125,2.04296875,5.848054088420673,7.3479898332703035,3.96792006270583,-0.5228431258353828,0.05716004865963916,0.37057156205685815
-5.908906249999999,7.653281249999999,0.49140624999999993,3.5684932557328644,5.758166498191801,3.5048706588062473,-0.20462187212152153,-0.008522256192521635,0.7088954712332154
-5.4165624999999995,8.225625,1.83890625,5.489923786683541,7.183083180945005,3.9435715558629,-0.659391034662102,-0.10073152808850487,0.43935303492017647
-6.07125,8.3775,1.433125,4.477622660240588,6.085939738446315,3.5130559502198366,-0.7979332057753195,-0.038256571946922925,0.6204318756119596
-4.86515625,7.721718750000001,1.9168749999999997,6.0157145752259495,7.6470702222091855,4.342444902860024,-0.9780906864503436,0.18298650537977235,0.4951453297825391
-4.5923437499999995,7.7584375,2.071875,5.928796974879131,7.440960795394218,4.376310473375375,-1.0038689051068939,0.23718075529371369,0.7531928645199258
-4.5184375,7.869375,2.77484375,4.476687607326844,6.389674256906607,3.3302482040511543,-0.5351611968426138,0.09883809054327673,0.29115485342734315
-6.831718749999999,6.8015625,2.4167187500000002,4.834263954667601,4.614685531928883,3.9798398423678356,-0.8699792233871222,0.11913153854902003,0.7060737825174533
-6.22046875,7.78078125,3.6359375,5.302719652949177,5.638395246180285,4.26207612216086,-0.34220620193888607,0.07573204771723455,0.12940685785994194
-5.303437499999999,7.43375,2.218125,4.122911675453859,4.534493666607111,3.8652970758241856,-0.8321396940506173,0.3936541799512816,1.0340416454330266
-6.469375,7.55375,3.6157812499999995,5.344476960786247,5.351736137694011,4.212433161445821,-0.33216997971163653,0.3495686909690087,0.30988339488435274
-6.15828125,6.82515625,0.98484375,4.656862729713905,4.890913127994193,3.861115849153705,-0.6156385031295026,0.3356267342271444,1.152809130789918
-4.863125,7.80421875,2.1392187499999995,5.063572070127471,4.716528054580873,4.275420412327709,0.018476558042739913,0.0914439712629414,0.14610641222930995
-5.6034375,7.0054687499999995,2.0920312500000002,5.045305125420439,4.620208304857416,5.1206863491648695,-0.5104140721969079,0.33233722775746,0.08849485638359933
-6.6703125,7.465468749999999,2.1475,5.206396597200769,4.273071176598096,4.40084934984146,-0.4158061216576273,0.5849500016940509,0.6977116124752997
-6.428906250000001,7.14859375,2.0689062500000004,4.945179192022362,4.881609259246477,4.376101688856298,-0.1311277845730021,0.46061603246625726,0.852418030339115
-4.9821875,6.9553125,2.47875,4.609349692727137,4.819866754106772,4.186188787250284,-0.40467992748110054,0.44254826472061237,0.21356507853643794
-5.45265625,7.37515625,1.915625,5.169345111504545,4.665037845568452,4.3547599227023985,-0.46498345678751846,0.6078268768104572,0.7951180490976149
-4.79921875,7.046875,2.02703125,4.522584059710603,5.77668505584085,4.3691863800968065,-0.32697011425017786,0.49926380898270495,0.32499414451880404
1.3737500000000002,7.79546875,1.4767187499999999,6.420009126745849,6.786459848866229,3.5356059658704106,0.3358004867304232,0.3023565370717768,0.620777756311771
2.5207812499999998,7.08546875,0.9571875000000001,4.097741872318026,7.141687460276699,4.039422324397853,1.5503517803650475,0.10871205555421377,1.0268576371025895
3.64171875,6.48625,1.4084374999999998,5.987533808539075,8.209749824903314,5.8792312472459995,0.8939273118733363,0.19009193563175883,0.38066198924924133
4.083281250000001,7.776562499999999,1.5725,4.780177838835961,5.951055898627885,3.8387131632879266,0.7255435670928482,0.09708717181121898,0.755395465047032
4.987343750000001,6.03421875,0.8754687499999999,6.114330820444372,7.788173888316082,3.6357035639987805,0.723667279884027,0.4983546521237447,-0.2488357906437891
2.59875,9.005937499999998,0.75640625,3.9951980942751764,6.066462807608216,3.6306569512225937,1.0902311857118505,-0.16791371301788904,1.3836652322889136
1.6795312500000001,7.62703125,0.7840625000000001,4.085796062920106,6.834164789791321,2.736062818374927,1.2412393791835021,0.2451755830755254,1.0426024882304705
-0.05687500000000001,8.3884375,1.5928125,2.459059700246214,7.176336595617136,3.4421693145230017,0.3731960898266057,0.067729815714803,0.7171892930238783
4.90625,7.69296875,1.42890625,4.638184417150745,5.8264852397499,3.3482747969978415,0.16602284022528985,0.2824187145809579,0.9271603118652892
3.3809375,7.2128125,1.1804687500000002,5.486872606147672,7.750621843751878,3.429216578574972,0.8075989820623084,0.3503169009995867,-0.006894610037686094
3.484375,7.8296875,1.3765625,5.226735619330195,6.927680881965029,3.3016142920689195,1.2940024337863982,0.1122591722057241,0.8085269400599797
1.64171875,7.87578125,1.6965625000000002,3.6358718670215042,6.792312015407451,3.4814437642440454,0.6508618478613203,0.27626822278934193,0.32966001367982384
-1.629375,8.40875,2.67390625,3.0849806902758723,5.6201102357960915,4.393019539987381,0.21179145900857319,0.20420396471394195,0.24729972073031456
-2.89734375,8.725312500000001,2.0115625,3.5272897005825787,5.056690484135227,3.62609346385249,-0.2962883000779363,0.3841940806254895,1.0014804171151206
-4.4046875000000005,7.722031250000001,1.675625,4.3380384999840365,4.953833799344043,4.216601443624356,-0.9266844090580978,0.44929762206472623,1.0043185505708565
-4.14921875,7.886718750000001,3.0323437500000003,4.348403552126739,5.212824646571035,4.0755914993207965,-0.3138432039920165,0.3070873942073515,0.9339635361292774
-4.859687500000001,8.053749999999999,1.5434374999999998,3.5696025552354915,5.122653578712892,3.7184763423469227,-0.8160945945771494,0.24330768523579965,1.0539733488002108
-3.73390625,8.05921875,2.7823437500000003,4.868014423634233,5.975679172876372,4.167084465706921,-0.5406350954955311,0.2876875249809929,0.26190130299837977
-3.3493749999999998,8.0040625,1.759375,3.3198789864052274,4.732071995552661,4.228414624226791,-0.42697178906640293,0.5421100434739261,0.9198940411309555
-4.26453125,8.06453125,1.6510937499999998,4.294476077506246,4.978105792394677,5.1411286203722755,-0.6720371888332297,-0.1701313214429901,0.6301429598226503
-3.994375,7.851562499999999,2.4954687499999997,3.1079046774917343,4.7473440662747155,3.740110263117043,-0.4153707103321781,0.22872514304364797,0.8188948453756426
-3.6090625000000003,8.564687499999998,2.27078125,2.6427475751750773,4.001591468071641,2.5497262749456926,-0.18095157217636237,1.004079783998282,0.23074992973433683
-4.838593749999999,8.28734375,1.5276562500000002,2.1780659907268505,2.212582090417424,2.123644230876711,-0.22731670491170436,0.33303842322409455,0.41236587017597276
-2.9459375,8.26515625,2.06625,2.9370891833742045,4.644881252581807,2.792031910186558,-0.22161088439258633,0.6623534390289406,0.3507708008955625
-4.81203125,9.03734375,1.81640625,3.86108436019254,5.008086349279127,3.6309310820312932,-0.8144750106464829,0.3137549678724651,-0.0878681569938987
-3.8503125000000002,8.665000000000001,2.39921875,4.759509221268906,5.041336318378293,4.7981732541821,-0.7232309711681466,0.4199553398698504,0.24817917217752847
-5.376,8.329999999999998,2.3912000000000004,2.6158577942999885,2.5227841762624084,2.2610056523591444,-0.7746481673872574,-0.1555593372116068,0.23817835311258612
