14,65
65,14
22,182
182,22
22,312
312,22
25,32
32,25
28,38
38,28
31,47
47,31
35,172
172,35
36,252
252,36
39,151
151,39
42,372
372,42
43,179
179,43
44,185
185,44
48,77
77,48
51,101
101,51
55,171
171,55
57,371
371,57
59,163
163,59
62,216
216,62
62,339
339,62
62,348
348,62
63,66
66,63
64,208
208,64
64,226
226,64
64,236
236,64
64,267
267,64
64,285
285,64
64,316
316,64
67,98
98,67
67,376
376,67
69,141
141,69
71,387
387,71
71,389
389,71
74,76
76,74
74,238
238,74
74,285
285,74
75,127
127,75
76,285
285,76
78,278
278,78
79,377
377,79
83,338
338,83
83,369
369,83
85,129
129,85
85,227
227,85
86,248
248,86
86,264
264,86
89,318
318,89
89,363
363,89
90,114
114,90
92,347
347,92
93,358
358,93
96,163
163,96
96,370
370,96
98,376
376,98
104,109
109,104
104,136
136,104
105,309
309,105
105,342
342,105
105,347
347,105
105,361
361,105
107,384
384,107
109,136
136,109
112,195
195,112
112,316
316,112
114,359
359,114
116,381
381,116
122,325
325,122
125,385
385,125
127,294
294,127
129,202
202,129
129,227
227,129
130,313
313,130
132,195
195,132
132,276
276,132
136,158
158,136
145,230
230,145
146,265
265,146
148,182
182,148
148,225
225,148
149,339
339,149
154,202
202,154
154,223
223,154
154,282
282,154
154,366
366,154
159,300
300,159
160,224
224,160
162,334
334,162
163,370
370,163
164,192
192,164
173,218
218,173
179,220
220,179
180,229
229,180
182,225
225,182
182,316
316,182
187,271
271,187
193,372
372,193
196,197
197,196
203,344
344,203
208,226
226,208
208,236
236,208
208,285
285,208
208,316
316,208
210,234
234,210
216,339
339,216
216,348
348,216
221,245
245,221
223,228
228,223
223,282
282,223
223,366
366,223
226,285
285,226
226,316
316,226
228,343
343,228
228,366
366,228
229,232
232,229
229,355
355,229
232,355
355,232
235,337
337,235
236,238
238,236
236,285
285,236
242,246
246,242
244,246
246,244
244,292
292,244
246,292
292,246
254,323
323,254
257,273
273,257
261,293
293,261
264,355
355,264
267,307
307,267
268,307
307,268
272,304
304,272
274,284
284,274
275,289
289,275
282,366
366,282
285,316
316,285
295,296
296,295
296,347
347,296
301,356
356,301
306,354
354,306
309,342
342,309
309,358
358,309
310,379
379,310
318,363
363,318
319,340
340,319
321,368
368,321
338,368
368,338
343,359
359,343
343,378
378,343
360,377
377,360
360,387
387,360
386,390
390,386
387,389
389,387
397,409
409,397
402,422
422,402
486,487
487,486
486,488
488,486
486,489
489,486
486,490
490,486
486,491
491,486
486,492
492,486
486,493
493,486
486,494
494,486
486,495
495,486
486,496
496,486
486,498
498,486
486,499
499,486
486,500
500,486
486,501
501,486
486,502
502,486
486,503
503,486
486,504
504,486
486,505
505,486
486,506
506,486
486,507
507,486
486,508
508,486
486,509
509,486
486,510
510,486
486,511
511,486
486,512
512,486
486,513
513,486
486,514
514,486
486,515
515,486
486,516
516,486
486,517
517,486
486,518
518,486
486,519
519,486
486,520
520,486
486,521
521,486
486,522
522,486
486,523
523,486
486,524
524,486
486,525
525,486
486,526
526,486
486,527
527,486
486,528
528,486
486,529
529,486
486,530
530,486
486,531
531,486
486,532
532,486
486,533
533,486
486,534
534,486
486,536
536,486
486,537
537,486
486,540
540,486
486,541
541,486
486,542
542,486
486,543
543,486
486,544
544,486
486,545
545,486
486,546
546,486
486,547
547,486
486,548
548,486
486,549
549,486
486,551
551,486
486,552
552,486
486,553
553,486
486,554
554,486
486,555
555,486
486,556
556,486
486,563
563,486
486,564
564,486
486,565
565,486
486,566
566,486
486,567
567,486
486,568
568,486
486,569
569,486
486,570
570,486
486,571
571,486
486,572
572,486
486,573
573,486
486,574
574,486
486,575
575,486
486,576
576,486
486,577
577,486
487,488
488,487
487,489
489,487
487,490
490,487
487,491
491,487
487,493
493,487
487,494
494,487
487,495
495,487
487,496
496,487
487,498
498,487
487,499
499,487
487,500
500,487
487,501
501,487
487,502
502,487
487,503
503,487
487,504
504,487
487,505
505,487
487,506
506,487
487,507
507,487
487,508
508,487
487,509
509,487
487,510
510,487
487,511
511,487
487,512
512,487
487,513
513,487
487,514
514,487
487,515
515,487
487,516
516,487
487,517
517,487
487,518
518,487
487,520
520,487
487,521
521,487
487,522
522,487
487,523
523,487
487,524
524,487
487,525
525,487
487,526
526,487
487,527
527,487
487,528
528,487
487,529
529,487
487,530
530,487
487,531
531,487
487,532
532,487
487,533
533,487
487,534
534,487
487,536
536,487
487,537
537,487
487,538
538,487
487,539
539,487
487,540
540,487
487,541
541,487
487,542
542,487
487,543
543,487
487,544
544,487
487,545
545,487
487,546
546,487
487,547
547,487
487,548
548,487
487,549
549,487
487,551
551,487
487,552
552,487
487,553
553,487
487,554
554,487
487,555
555,487
487,556
556,487
487,563
563,487
487,564
564,487
487,565
565,487
487,566
566,487
487,567
567,487
487,568
568,487
487,569
569,487
487,570
570,487
487,571
571,487
487,572
572,487
487,573
573,487
487,574
574,487
487,575
575,487
487,576
576,487
487,577
577,487
488,489
489,488
488,490
490,488
488,491
491,488
488,492
492,488
488,493
493,488
488,494
494,488
488,495
495,488
488,496
496,488
488,497
497,488
488,498
498,488
488,499
499,488
488,500
500,488
488,501
501,488
488,502
502,488
488,503
503,488
488,504
504,488
488,505
505,488
488,506
506,488
488,507
507,488
488,508
508,488
488,509
509,488
488,510
510,488
488,511
511,488
488,512
512,488
488,513
513,488
488,514
514,488
488,515
515,488
488,516
516,488
488,517
517,488
488,518
518,488
488,519
519,488
488,520
520,488
488,521
521,488
488,522
522,488
488,523
523,488
488,524
524,488
488,525
525,488
488,526
526,488
488,527
527,488
488,528
528,488
488,529
529,488
488,530
530,488
488,531
531,488
488,532
532,488
488,533
533,488
488,534
534,488
488,536
536,488
488,537
537,488
488,538
538,488
488,540
540,488
488,541
541,488
488,542
542,488
488,543
543,488
488,544
544,488
488,545
545,488
488,546
546,488
488,547
547,488
488,548
548,488
488,549
549,488
488,551
551,488
488,552
552,488
488,553
553,488
488,554
554,488
488,555
555,488
488,556
556,488
488,563
563,488
488,564
564,488
488,565
565,488
488,566
566,488
488,567
567,488
488,568
568,488
488,569
569,488
488,570
570,488
488,571
571,488
488,572
572,488
488,573
573,488
488,576
576,488
488,577
577,488
489,490
490,489
489,491
491,489
489,492
492,489
489,493
493,489
489,494
494,489
489,495
495,489
489,496
496,489
489,497
497,489
489,498
498,489
489,499
499,489
489,500
500,489
489,501
501,489
489,502
502,489
489,503
503,489
489,504
504,489
489,505
505,489
489,506
506,489
489,507
507,489
489,508
508,489
489,509
509,489
489,510
510,489
489,511
511,489
489,512
512,489
489,513
513,489
489,514
514,489
489,515
515,489
489,516
516,489
489,517
517,489
489,518
518,489
489,519
519,489
489,520
520,489
489,521
521,489
489,522
522,489
489,523
523,489
489,524
524,489
489,525
525,489
489,526
526,489
489,527
527,489
489,528
528,489
489,529
529,489
489,530
530,489
489,531
531,489
489,532
532,489
489,533
533,489
489,534
534,489
489,536
536,489
489,537
537,489
489,542
542,489
489,543
543,489
489,544
544,489
489,545
545,489
489,546
546,489
489,547
547,489
489,548
548,489
489,549
549,489
489,553
553,489
489,554
554,489
489,555
555,489
489,556
556,489
489,563
563,489
489,564
564,489
489,565
565,489
489,566
566,489
489,567
567,489
489,568
568,489
489,569
569,489
490,491
491,490
490,492
492,490
490,493
493,490
490,494
494,490
490,495
495,490
490,496
496,490
490,498
498,490
490,499
499,490
490,500
500,490
490,501
501,490
490,502
502,490
490,503
503,490
490,504
504,490
490,505
505,490
490,506
506,490
490,507
507,490
490,508
508,490
490,509
509,490
490,510
510,490
490,511
511,490
490,512
512,490
490,513
513,490
490,514
514,490
490,515
515,490
490,516
516,490
490,517
517,490
490,518
518,490
490,519
519,490
490,520
520,490
490,521
521,490
490,522
522,490
490,523
523,490
490,524
524,490
490,525
525,490
490,526
526,490
490,527
527,490
490,528
528,490
490,529
529,490
490,530
530,490
490,531
531,490
490,532
532,490
490,533
533,490
490,534
534,490
490,535
535,490
490,536
536,490
490,537
537,490
490,538
538,490
490,539
539,490
490,540
540,490
490,541
541,490
490,542
542,490
490,543
543,490
490,544
544,490
490,545
545,490
490,546
546,490
490,547
547,490
490,548
548,490
490,549
549,490
490,551
551,490
490,552
552,490
490,553
553,490
490,554
554,490
490,555
555,490
490,556
556,490
490,557
557,490
490,558
558,490
490,563
563,490
490,564
564,490
490,565
565,490
490,566
566,490
490,567
567,490
490,568
568,490
490,569
569,490
490,570
570,490
490,571
571,490
490,572
572,490
490,573
573,490
490,574
574,490
490,575
575,490
490,576
576,490
490,577
577,490
491,492
492,491
491,493
493,491
491,494
494,491
491,495
495,491
491,496
496,491
491,497
497,491
491,498
498,491
491,499
499,491
491,500
500,491
491,501
501,491
491,502
502,491
491,503
503,491
491,504
504,491
491,505
505,491
491,506
506,491
491,507
507,491
491,508
508,491
491,509
509,491
491,510
510,491
491,511
511,491
491,512
512,491
491,513
513,491
491,514
514,491
491,515
515,491
491,516
516,491
491,517
517,491
491,518
518,491
491,519
519,491
491,520
520,491
491,521
521,491
491,522
522,491
491,523
523,491
491,524
524,491
491,525
525,491
491,526
526,491
491,527
527,491
491,528
528,491
491,529
529,491
491,530
530,491
491,531
531,491
491,532
532,491
491,533
533,491
491,534
534,491
491,536
536,491
491,537
537,491
491,538
538,491
491,540
540,491
491,541
541,491
491,542
542,491
491,543
543,491
491,544
544,491
491,545
545,491
491,546
546,491
491,547
547,491
491,548
548,491
491,549
549,491
491,551
551,491
491,552
552,491
491,553
553,491
491,554
554,491
491,555
555,491
491,556
556,491
491,563
563,491
491,564
564,491
491,565
565,491
491,566
566,491
491,567
567,491
491,568
568,491
491,569
569,491
491,570
570,491
491,573
573,491
492,493
493,492
492,495
495,492
492,496
496,492
492,497
497,492
492,498
498,492
492,499
499,492
492,500
500,492
492,501
501,492
492,502
502,492
492,503
503,492
492,504
504,492
492,505
505,492
492,506
506,492
492,507
507,492
492,508
508,492
492,509
509,492
492,510
510,492
492,512
512,492
492,513
513,492
492,514
514,492
492,515
515,492
492,516
516,492
492,517
517,492
492,518
518,492
492,519
519,492
492,520
520,492
492,523
523,492
492,524
524,492
492,525
525,492
492,526
526,492
492,527
527,492
492,528
528,492
492,529
529,492
492,531
531,492
492,532
532,492
492,533
533,492
492,534
534,492
492,544
544,492
492,547
547,492
492,548
548,492
492,555
555,492
492,564
564,492
492,565
565,492
492,566
566,492
492,567
567,492
492,568
568,492
493,494
494,493
493,495
495,493
493,496
496,493
493,498
498,493
493,499
499,493
493,500
500,493
493,501
501,493
493,502
502,493
493,503
503,493
493,504
504,493
493,505
505,493
493,506
506,493
493,507
507,493
493,508
508,493
493,509
509,493
493,510
510,493
493,511
511,493
493,512
512,493
493,513
513,493
493,514
514,493
493,515
515,493
493,516
516,493
493,517
517,493
493,518
518,493
493,519
519,493
493,520
520,493
493,521
521,493
493,522
522,493
493,523
523,493
493,524
524,493
493,525
525,493
493,526
526,493
493,527
527,493
493,528
528,493
493,529
529,493
493,530
530,493
493,531
531,493
493,532
532,493
493,533
533,493
493,534
534,493
493,535
535,493
493,536
536,493
493,537
537,493
493,538
538,493
493,539
539,493
493,540
540,493
493,541
541,493
493,542
542,493
493,543
543,493
493,544
544,493
493,545
545,493
493,546
546,493
493,547
547,493
493,548
548,493
493,549
549,493
493,551
551,493
493,552
552,493
493,553
553,493
493,554
554,493
493,555
555,493
493,556
556,493
493,557
557,493
493,558
558,493
493,559
559,493
493,563
563,493
493,564
564,493
493,565
565,493
493,566
566,493
493,567
567,493
493,568
568,493
493,569
569,493
493,570
570,493
493,571
571,493
493,572
572,493
493,573
573,493
493,574
574,493
493,575
575,493
493,576
576,493
493,577
577,493
494,495
495,494
494,498
498,494
494,499
499,494
494,500
500,494
494,501
501,494
494,502
502,494
494,503
503,494
494,504
504,494
494,506
506,494
494,507
507,494
494,508
508,494
494,509
509,494
494,510
510,494
494,511
511,494
494,512
512,494
494,513
513,494
494,514
514,494
494,515
515,494
494,516
516,494
494,517
517,494
494,521
521,494
494,522
522,494
494,523
523,494
494,524
524,494
494,525
525,494
494,526
526,494
494,527
527,494
494,528
528,494
494,530
530,494
494,531
531,494
494,532
532,494
494,533
533,494
494,534
534,494
494,536
536,494
494,537
537,494
494,538
538,494
494,539
539,494
494,540
540,494
494,541
541,494
494,542
542,494
494,543
543,494
494,544
544,494
494,545
545,494
494,546
546,494
494,547
547,494
494,548
548,494
494,549
549,494
494,550
550,494
494,551
551,494
494,552
552,494
494,553
553,494
494,554
554,494
494,555
555,494
494,556
556,494
494,557
557,494
494,558
558,494
494,559
559,494
494,560
560,494
494,561
561,494
494,562
562,494
494,563
563,494
494,565
565,494
494,566
566,494
494,567
567,494
494,568
568,494
494,569
569,494
494,570
570,494
494,571
571,494
494,572
572,494
494,573
573,494
494,574
574,494
494,575
575,494
494,576
576,494
494,577
577,494
495,496
496,495
495,497
497,495
495,498
498,495
495,499
499,495
495,500
500,495
495,501
501,495
495,502
502,495
495,503
503,495
495,504
504,495
495,505
505,495
495,506
506,495
495,507
507,495
495,508
508,495
495,509
509,495
495,510
510,495
495,511
511,495
495,512
512,495
495,513
513,495
495,514
514,495
495,515
515,495
495,516
516,495
495,517
517,495
495,518
518,495
495,519
519,495
495,520
520,495
495,521
521,495
495,522
522,495
495,523
523,495
495,524
524,495
495,525
525,495
495,526
526,495
495,527
527,495
495,528
528,495
495,529
529,495
495,530
530,495
495,531
531,495
495,532
532,495
495,533
533,495
495,534
534,495
495,536
536,495
495,537
537,495
495,538
538,495
495,539
539,495
495,540
540,495
495,541
541,495
495,542
542,495
495,543
543,495
495,544
544,495
495,545
545,495
495,546
546,495
495,547
547,495
495,548
548,495
495,549
549,495
495,551
551,495
495,552
552,495
495,553
553,495
495,554
554,495
495,555
555,495
495,556
556,495
495,557
557,495
495,558
558,495
495,559
559,495
495,563
563,495
495,564
564,495
495,565
565,495
495,566
566,495
495,567
567,495
495,568
568,495
495,569
569,495
495,570
570,495
495,571
571,495
495,572
572,495
495,573
573,495
495,574
574,495
495,575
575,495
495,576
576,495
495,577
577,495
496,497
497,496
496,498
498,496
496,499
499,496
496,500
500,496
496,501
501,496
496,502
502,496
496,503
503,496
496,504
504,496
496,505
505,496
496,506
506,496
496,507
507,496
496,508
508,496
496,509
509,496
496,510
510,496
496,511
511,496
496,512
512,496
496,513
513,496
496,514
514,496
496,515
515,496
496,516
516,496
496,517
517,496
496,518
518,496
496,519
519,496
496,520
520,496
496,521
521,496
496,523
523,496
496,524
524,496
496,525
525,496
496,526
526,496
496,527
527,496
496,528
528,496
496,529
529,496
496,530
530,496
496,531
531,496
496,532
532,496
496,533
533,496
496,534
534,496
496,536
536,496
496,542
542,496
496,543
543,496
496,544
544,496
496,545
545,496
496,546
546,496
496,547
547,496
496,548
548,496
496,549
549,496
496,555
555,496
496,563
563,496
496,564
564,496
496,565
565,496
496,566
566,496
496,567
567,496
496,568
568,496
497,498
498,497
497,499
499,497
497,502
502,497
497,503
503,497
497,504
504,497
497,505
505,497
497,506
506,497
497,507
507,497
497,508
508,497
497,509
509,497
497,510
510,497
497,512
512,497
497,513
513,497
497,514
514,497
497,515
515,497
497,516
516,497
497,517
517,497
497,518
518,497
497,519
519,497
497,520
520,497
497,523
523,497
497,524
524,497
497,525
525,497
497,526
526,497
497,527
527,497
497,528
528,497
497,529
529,497
497,532
532,497
497,533
533,497
497,534
534,497
497,544
544,497
497,547
547,497
497,548
548,497
497,555
555,497
497,563
563,497
497,564
564,497
497,565
565,497
497,566
566,497
497,567
567,497
497,568
568,497
498,499
499,498
498,500
500,498
498,501
501,498
498,502
502,498
498,503
503,498
498,504
504,498
498,505
505,498
498,506
506,498
498,507
507,498
498,508
508,498
498,509
509,498
498,510
510,498
498,511
511,498
498,512
512,498
498,513
513,498
498,514
514,498
498,515
515,498
498,516
516,498
498,517
517,498
498,518
518,498
498,519
519,498
498,520
520,498
498,521
521,498
498,522
522,498
498,523
523,498
498,524
524,498
498,525
525,498
498,526
526,498
498,527
527,498
498,528
528,498
498,529
529,498
498,530
530,498
498,531
531,498
498,532
532,498
498,533
533,498
498,534
534,498
498,536
536,498
498,537
537,498
498,542
542,498
498,543
543,498
498,544
544,498
498,545
545,498
498,546
546,498
498,547
547,498
498,548
548,498
498,549
549,498
498,552
552,498
498,553
553,498
498,554
554,498
498,555
555,498
498,556
556,498
498,563
563,498
498,564
564,498
498,565
565,498
498,566
566,498
498,567
567,498
498,568
568,498
498,569
569,498
499,500
500,499
499,501
501,499
499,502
502,499
499,503
503,499
499,504
504,499
499,505
505,499
499,506
506,499
499,507
507,499
499,508
508,499
499,509
509,499
499,510
510,499
499,511
511,499
499,512
512,499
499,513
513,499
499,514
514,499
499,515
515,499
499,516
516,499
499,517
517,499
499,518
518,499
499,519
519,499
499,520
520,499
499,521
521,499
499,522
522,499
499,523
523,499
499,524
524,499
499,525
525,499
499,526
526,499
499,527
527,499
499,528
528,499
499,529
529,499
499,530
530,499
499,531
531,499
499,532
532,499
499,533
533,499
499,534
534,499
499,535
535,499
499,536
536,499
499,537
537,499
499,538
538,499
499,539
539,499
499,540
540,499
499,541
541,499
499,542
542,499
499,543
543,499
499,544
544,499
499,545
545,499
499,546
546,499
499,547
547,499
499,548
548,499
499,549
549,499
499,551
551,499
499,552
552,499
499,553
553,499
499,554
554,499
499,555
555,499
499,556
556,499
499,557
557,499
499,558
558,499
499,559
559,499
499,563
563,499
499,564
564,499
499,565
565,499
499,566
566,499
499,567
567,499
499,568
568,499
499,569
569,499
499,570
570,499
499,571
571,499
499,572
572,499
499,573
573,499
499,575
575,499
499,576
576,499
500,501
501,500
500,502
502,500
500,503
503,500
500,504
504,500
500,505
505,500
500,506
506,500
500,507
507,500
500,508
508,500
500,509
509,500
500,510
510,500
500,511
511,500
500,512
512,500
500,513
513,500
500,514
514,500
500,515
515,500
500,516
516,500
500,517
517,500
500,518
518,500
500,519
519,500
500,520
520,500
500,521
521,500
500,522
522,500
500,523
523,500
500,524
524,500
500,525
525,500
500,526
526,500
500,527
527,500
500,528
528,500
500,529
529,500
500,530
530,500
500,531
531,500
500,532
532,500
500,533
533,500
500,534
534,500
500,535
535,500
500,536
536,500
500,537
537,500
500,538
538,500
500,539
539,500
500,540
540,500
500,541
541,500
500,542
542,500
500,543
543,500
500,544
544,500
500,545
545,500
500,546
546,500
500,547
547,500
500,548
548,500
500,549
549,500
500,551
551,500
500,552
552,500
500,553
553,500
500,554
554,500
500,555
555,500
500,556
556,500
500,557
557,500
500,558
558,500
500,559
559,500
500,562
562,500
500,563
563,500
500,564
564,500
500,565
565,500
500,566
566,500
500,567
567,500
500,568
568,500
500,569
569,500
500,570
570,500
500,571
571,500
500,572
572,500
500,573
573,500
500,574
574,500
500,575
575,500
500,576
576,500
500,577
577,500
501,502
502,501
501,503
503,501
501,504
504,501
501,505
505,501
501,506
506,501
501,507
507,501
501,508
508,501
501,509
509,501
501,510
510,501
501,511
511,501
501,512
512,501
501,513
513,501
501,514
514,501
501,515
515,501
501,516
516,501
501,517
517,501
501,518
518,501
501,519
519,501
501,520
520,501
501,521
521,501
501,522
522,501
501,523
523,501
501,524
524,501
501,525
525,501
501,526
526,501
501,527
527,501
501,528
528,501
501,529
529,501
501,530
530,501
501,531
531,501
501,532
532,501
501,533
533,501
501,534
534,501
501,535
535,501
501,536
536,501
501,537
537,501
501,538
538,501
501,539
539,501
501,540
540,501
501,541
541,501
501,542
542,501
501,543
543,501
501,544
544,501
501,545
545,501
501,546
546,501
501,547
547,501
501,548
548,501
501,549
549,501
501,551
551,501
501,552
552,501
501,553
553,501
501,554
554,501
501,555
555,501
501,556
556,501
501,557
557,501
501,558
558,501
501,559
559,501
501,562
562,501
501,563
563,501
501,564
564,501
501,565
565,501
501,566
566,501
501,567
567,501
501,568
568,501
501,569
569,501
501,570
570,501
501,571
571,501
501,572
572,501
501,573
573,501
501,574
574,501
501,575
575,501
501,576
576,501
501,577
577,501
502,503
503,502
502,504
504,502
502,505
505,502
502,506
506,502
502,507
507,502
502,508
508,502
502,509
509,502
502,510
510,502
502,511
511,502
502,512
512,502
502,513
513,502
502,514
514,502
502,515
515,502
502,516
516,502
502,517
517,502
502,518
518,502
502,519
519,502
502,520
520,502
502,521
521,502
502,522
522,502
502,523
523,502
502,524
524,502
502,525
525,502
502,526
526,502
502,527
527,502
502,528
528,502
502,529
529,502
502,530
530,502
502,531
531,502
502,532
532,502
502,533
533,502
502,534
534,502
502,535
535,502
502,536
536,502
502,537
537,502
502,538
538,502
502,539
539,502
502,540
540,502
502,541
541,502
502,542
542,502
502,543
543,502
502,544
544,502
502,545
545,502
502,546
546,502
502,547
547,502
502,548
548,502
502,549
549,502
502,551
551,502
502,552
552,502
502,553
553,502
502,554
554,502
502,555
555,502
502,556
556,502
502,563
563,502
502,564
564,502
502,565
565,502
502,566
566,502
502,567
567,502
502,568
568,502
502,569
569,502
502,570
570,502
502,571
571,502
502,573
573,502
503,504
504,503
503,505
505,503
503,506
506,503
503,507
507,503
503,508
508,503
503,509
509,503
503,510
510,503
503,511
511,503
503,512
512,503
503,513
513,503
503,514
514,503
503,515
515,503
503,516
516,503
503,517
517,503
503,518
518,503
503,519
519,503
503,520
520,503
503,521
521,503
503,522
522,503
503,523
523,503
503,524
524,503
503,525
525,503
503,526
526,503
503,527
527,503
503,528
528,503
503,529
529,503
503,530
530,503
503,531
531,503
503,532
532,503
503,533
533,503
503,534
534,503
503,536
536,503
503,537
537,503
503,540
540,503
503,541
541,503
503,542
542,503
503,543
543,503
503,544
544,503
503,545
545,503
503,546
546,503
503,547
547,503
503,548
548,503
503,549
549,503
503,551
551,503
503,552
552,503
503,553
553,503
503,554
554,503
503,555
555,503
503,556
556,503
503,563
563,503
503,564
564,503
503,565
565,503
503,566
566,503
503,567
567,503
503,568
568,503
504,505
505,504
504,506
506,504
504,507
507,504
504,508
508,504
504,509
509,504
504,510
510,504
504,511
511,504
504,512
512,504
504,513
513,504
504,514
514,504
504,515
515,504
504,516
516,504
504,517
517,504
504,518
518,504
504,519
519,504
504,520
520,504
504,521
521,504
504,522
522,504
504,523
523,504
504,524
524,504
504,525
525,504
504,526
526,504
504,527
527,504
504,528
528,504
504,529
529,504
504,530
530,504
504,531
531,504
504,532
532,504
504,533
533,504
504,534
534,504
504,535
535,504
504,536
536,504
504,537
537,504
504,538
538,504
504,540
540,504
504,541
541,504
504,542
542,504
504,543
543,504
504,544
544,504
504,545
545,504
504,546
546,504
504,547
547,504
504,548
548,504
504,549
549,504
504,551
551,504
504,552
552,504
504,553
553,504
504,554
554,504
504,555
555,504
504,556
556,504
504,563
563,504
504,564
564,504
504,565
565,504
504,566
566,504
504,567
567,504
504,568
568,504
504,569
569,504
505,506
506,505
505,507
507,505
505,508
508,505
505,509
509,505
505,510
510,505
505,511
511,505
505,512
512,505
505,513
513,505
505,514
514,505
505,515
515,505
505,516
516,505
505,517
517,505
505,518
518,505
505,519
519,505
505,520
520,505
505,521
521,505
505,522
522,505
505,523
523,505
505,524
524,505
505,525
525,505
505,526
526,505
505,527
527,505
505,528
528,505
505,529
529,505
505,531
531,505
505,532
532,505
505,533
533,505
505,534
534,505
505,536
536,505
505,542
542,505
505,543
543,505
505,544
544,505
505,545
545,505
505,547
547,505
505,548
548,505
505,549
549,505
505,555
555,505
505,564
564,505
505,565
565,505
505,566
566,505
505,567
567,505
505,568
568,505
506,507
507,506
506,508
508,506
506,509
509,506
506,510
510,506
506,511
511,506
506,512
512,506
506,513
513,506
506,514
514,506
506,515
515,506
506,516
516,506
506,517
517,506
506,518
518,506
506,519
519,506
506,520
520,506
506,521
521,506
506,522
522,506
506,523
523,506
506,524
524,506
506,525
525,506
506,526
526,506
506,527
527,506
506,528
528,506
506,529
529,506
506,530
530,506
506,531
531,506
506,532
532,506
506,533
533,506
506,534
534,506
506,536
536,506
506,537
537,506
506,540
540,506
506,541
541,506
506,542
542,506
506,543
543,506
506,544
544,506
506,545
545,506
506,546
546,506
506,547
547,506
506,548
548,506
506,549
549,506
506,551
551,506
506,552
552,506
506,553
553,506
506,554
554,506
506,555
555,506
506,556
556,506
506,563
563,506
506,564
564,506
506,565
565,506
506,566
566,506
506,567
567,506
506,568
568,506
507,508
508,507
507,509
509,507
507,510
510,507
507,511
511,507
507,512
512,507
507,513
513,507
507,514
514,507
507,515
515,507
507,516
516,507
507,517
517,507
507,518
518,507
507,519
519,507
507,520
520,507
507,521
521,507
507,522
522,507
507,523
523,507
507,524
524,507
507,525
525,507
507,526
526,507
507,527
527,507
507,528
528,507
507,529
529,507
507,530
530,507
507,531
531,507
507,532
532,507
507,533
533,507
507,534
534,507
507,535
535,507
507,536
536,507
507,537
537,507
507,538
538,507
507,539
539,507
507,540
540,507
507,541
541,507
507,542
542,507
507,543
543,507
507,544
544,507
507,545
545,507
507,546
546,507
507,547
547,507
507,548
548,507
507,549
549,507
507,551
551,507
507,552
552,507
507,553
553,507
507,554
554,507
507,555
555,507
507,556
556,507
507,557
557,507
507,558
558,507
507,563
563,507
507,564
564,507
507,565
565,507
507,566
566,507
507,567
567,507
507,568
568,507
507,569
569,507
507,570
570,507
507,571
571,507
507,572
572,507
507,573
573,507
507,576
576,507
508,509
509,508
508,510
510,508
508,511
511,508
508,512
512,508
508,513
513,508
508,514
514,508
508,515
515,508
508,516
516,508
508,517
517,508
508,518
518,508
508,519
519,508
508,520
520,508
508,521
521,508
508,522
522,508
508,523
523,508
508,524
524,508
508,525
525,508
508,526
526,508
508,527
527,508
508,528
528,508
508,529
529,508
508,530
530,508
508,531
531,508
508,532
532,508
508,533
533,508
508,534
534,508
508,535
535,508
508,536
536,508
508,537
537,508
508,538
538,508
508,540
540,508
508,541
541,508
508,542
542,508
508,543
543,508
508,544
544,508
508,545
545,508
508,546
546,508
508,547
547,508
508,548
548,508
508,549
549,508
508,551
551,508
508,552
552,508
508,553
553,508
508,554
554,508
508,555
555,508
508,556
556,508
508,563
563,508
508,564
564,508
508,565
565,508
508,566
566,508
508,567
567,508
508,568
568,508
508,569
569,508
508,573
573,508
509,510
510,509
509,511
511,509
509,512
512,509
509,513
513,509
509,514
514,509
509,515
515,509
509,516
516,509
509,517
517,509
509,518
518,509
509,519
519,509
509,520
520,509
509,521
521,509
509,522
522,509
509,523
523,509
509,524
524,509
509,525
525,509
509,526
526,509
509,527
527,509
509,528
528,509
509,529
529,509
509,530
530,509
509,531
531,509
509,532
532,509
509,533
533,509
509,534
534,509
509,535
535,509
509,536
536,509
509,537
537,509
509,538
538,509
509,539
539,509
509,540
540,509
509,541
541,509
509,542
542,509
509,543
543,509
509,544
544,509
509,545
545,509
509,546
546,509
509,547
547,509
509,548
548,509
509,549
549,509
509,551
551,509
509,552
552,509
509,553
553,509
509,554
554,509
509,555
555,509
509,556
556,509
509,557
557,509
509,563
563,509
509,564
564,509
509,565
565,509
509,566
566,509
509,567
567,509
509,568
568,509
509,569
569,509
509,570
570,509
509,573
573,509
510,511
511,510
510,512
512,510
510,513
513,510
510,514
514,510
510,515
515,510
510,516
516,510
510,517
517,510
510,518
518,510
510,519
519,510
510,520
520,510
510,521
521,510
510,522
522,510
510,523
523,510
510,524
524,510
510,525
525,510
510,526
526,510
510,527
527,510
510,528
528,510
510,529
529,510
510,530
530,510
510,531
531,510
510,532
532,510
510,533
533,510
510,534
534,510
510,535
535,510
510,536
536,510
510,537
537,510
510,538
538,510
510,539
539,510
510,540
540,510
510,541
541,510
510,542
542,510
510,543
543,510
510,544
544,510
510,545
545,510
510,546
546,510
510,547
547,510
510,548
548,510
510,549
549,510
510,551
551,510
510,552
552,510
510,553
553,510
510,554
554,510
510,555
555,510
510,556
556,510
510,557
557,510
510,563
563,510
510,564
564,510
510,565
565,510
510,566
566,510
510,567
567,510
510,568
568,510
510,569
569,510
510,571
571,510
510,573
573,510
511,512
512,511
511,513
513,511
511,514
514,511
511,515
515,511
511,516
516,511
511,517
517,511
511,518
518,511
511,519
519,511
511,520
520,511
511,521
521,511
511,522
522,511
511,523
523,511
511,524
524,511
511,525
525,511
511,526
526,511
511,527
527,511
511,528
528,511
511,529
529,511
511,530
530,511
511,531
531,511
511,532
532,511
511,533
533,511
511,534
534,511
511,535
535,511
511,536
536,511
511,537
537,511
511,538
538,511
511,539
539,511
511,540
540,511
511,541
541,511
511,542
542,511
511,543
543,511
511,544
544,511
511,545
545,511
511,546
546,511
511,547
547,511
511,548
548,511
511,549
549,511
511,551
551,511
511,552
552,511
511,553
553,511
511,554
554,511
511,555
555,511
511,556
556,511
511,557
557,511
511,558
558,511
511,559
559,511
511,563
563,511
511,564
564,511
511,565
565,511
511,566
566,511
511,567
567,511
511,568
568,511
511,569
569,511
511,570
570,511
511,571
571,511
511,572
572,511
511,573
573,511
511,574
574,511
511,575
575,511
511,576
576,511
511,577
577,511
512,513
513,512
512,514
514,512
512,515
515,512
512,516
516,512
512,517
517,512
512,518
518,512
512,519
519,512
512,520
520,512
512,521
521,512
512,522
522,512
512,523
523,512
512,524
524,512
512,525
525,512
512,526
526,512
512,527
527,512
512,528
528,512
512,529
529,512
512,530
530,512
512,531
531,512
512,532
532,512
512,533
533,512
512,534
534,512
512,535
535,512
512,536
536,512
512,537
537,512
512,538
538,512
512,539
539,512
512,540
540,512
512,541
541,512
512,542
542,512
512,543
543,512
512,544
544,512
512,545
545,512
512,546
546,512
512,547
547,512
512,548
548,512
512,549
549,512
512,551
551,512
512,552
552,512
512,553
553,512
512,554
554,512
512,555
555,512
512,556
556,512
512,557
557,512
512,558
558,512
512,559
559,512
512,563
563,512
512,564
564,512
512,565
565,512
512,566
566,512
512,567
567,512
512,568
568,512
512,569
569,512
512,570
570,512
512,571
571,512
512,572
572,512
512,573
573,512
512,574
574,512
512,575
575,512
512,576
576,512
513,514
514,513
513,515
515,513
513,516
516,513
513,517
517,513
513,518
518,513
513,519
519,513
513,520
520,513
513,521
521,513
513,522
522,513
513,523
523,513
513,524
524,513
513,525
525,513
513,526
526,513
513,527
527,513
513,528
528,513
513,529
529,513
513,530
530,513
513,531
531,513
513,532
532,513
513,533
533,513
513,534
534,513
513,535
535,513
513,536
536,513
513,537
537,513
513,538
538,513
513,539
539,513
513,540
540,513
513,541
541,513
513,542
542,513
513,543
543,513
513,544
544,513
513,545
545,513
513,546
546,513
513,547
547,513
513,548
548,513
513,549
549,513
513,551
551,513
513,552
552,513
513,553
553,513
513,554
554,513
513,555
555,513
513,556
556,513
513,557
557,513
513,558
558,513
513,559
559,513
513,563
563,513
513,564
564,513
513,565
565,513
513,566
566,513
513,567
567,513
513,568
568,513
513,569
569,513
513,570
570,513
513,571
571,513
513,572
572,513
513,573
573,513
513,575
575,513
513,576
576,513
514,515
515,514
514,516
516,514
514,517
517,514
514,518
518,514
514,519
519,514
514,520
520,514
514,521
521,514
514,522
522,514
514,523
523,514
514,524
524,514
514,525
525,514
514,526
526,514
514,527
527,514
514,528
528,514
514,529
529,514
514,530
530,514
514,531
531,514
514,532
532,514
514,533
533,514
514,534
534,514
514,535
535,514
514,536
536,514
514,537
537,514
514,538
538,514
514,539
539,514
514,540
540,514
514,541
541,514
514,542
542,514
514,543
543,514
514,544
544,514
514,545
545,514
514,546
546,514
514,547
547,514
514,548
548,514
514,549
549,514
514,551
551,514
514,552
552,514
514,553
553,514
514,554
554,514
514,555
555,514
514,556
556,514
514,557
557,514
514,563
563,514
514,564
564,514
514,565
565,514
514,566
566,514
514,567
567,514
514,568
568,514
514,569
569,514
514,573
573,514
515,516
516,515
515,517
517,515
515,518
518,515
515,519
519,515
515,520
520,515
515,521
521,515
515,522
522,515
515,523
523,515
515,524
524,515
515,525
525,515
515,526
526,515
515,527
527,515
515,528
528,515
515,529
529,515
515,530
530,515
515,531
531,515
515,532
532,515
515,533
533,515
515,534
534,515
515,535
535,515
515,536
536,515
515,537
537,515
515,538
538,515
515,539
539,515
515,540
540,515
515,541
541,515
515,542
542,515
515,543
543,515
515,544
544,515
515,545
545,515
515,546
546,515
515,547
547,515
515,548
548,515
515,549
549,515
515,551
551,515
515,552
552,515
515,553
553,515
515,554
554,515
515,555
555,515
515,556
556,515
515,557
557,515
515,563
563,515
515,564
564,515
515,565
565,515
515,566
566,515
515,567
567,515
515,568
568,515
515,569
569,515
515,573
573,515
516,517
517,516
516,518
518,516
516,519
519,516
516,520
520,516
516,521
521,516
516,522
522,516
516,523
523,516
516,524
524,516
516,525
525,516
516,526
526,516
516,527
527,516
516,528
528,516
516,529
529,516
516,530
530,516
516,531
531,516
516,532
532,516
516,533
533,516
516,534
534,516
516,535
535,516
516,536
536,516
516,537
537,516
516,538
538,516
516,540
540,516
516,541
541,516
516,542
542,516
516,543
543,516
516,544
544,516
516,545
545,516
516,546
546,516
516,547
547,516
516,548
548,516
516,549
549,516
516,551
551,516
516,552
552,516
516,553
553,516
516,554
554,516
516,555
555,516
516,556
556,516
516,563
563,516
516,564
564,516
516,565
565,516
516,566
566,516
516,567
567,516
516,568
568,516
517,518
518,517
517,519
519,517
517,520
520,517
517,521
521,517
517,522
522,517
517,523
523,517
517,524
524,517
517,525
525,517
517,526
526,517
517,527
527,517
517,528
528,517
517,529
529,517
517,530
530,517
517,531
531,517
517,532
532,517
517,533
533,517
517,534
534,517
517,535
535,517
517,536
536,517
517,537
537,517
517,538
538,517
517,540
540,517
517,541
541,517
517,542
542,517
517,543
543,517
517,544
544,517
517,545
545,517
517,546
546,517
517,547
547,517
517,548
548,517
517,549
549,517
517,551
551,517
517,552
552,517
517,553
553,517
517,554
554,517
517,555
555,517
517,556
556,517
517,563
563,517
517,564
564,517
517,565
565,517
517,566
566,517
517,567
567,517
517,568
568,517
517,569
569,517
518,519
519,518
518,520
520,518
518,521
521,518
518,522
522,518
518,523
523,518
518,524
524,518
518,525
525,518
518,526
526,518
518,527
527,518
518,528
528,518
518,529
529,518
518,530
530,518
518,531
531,518
518,532
532,518
518,533
533,518
518,534
534,518
518,536
536,518
518,537
537,518
518,542
542,518
518,543
543,518
518,544
544,518
518,545
545,518
518,546
546,518
518,547
547,518
518,548
548,518
518,549
549,518
518,553
553,518
518,555
555,518
518,556
556,518
518,563
563,518
518,564
564,518
518,565
565,518
518,566
566,518
518,567
567,518
518,568
568,518
519,520
520,519
519,521
521,519
519,522
522,519
519,523
523,519
519,524
524,519
519,525
525,519
519,526
526,519
519,527
527,519
519,528
528,519
519,529
529,519
519,530
530,519
519,531
531,519
519,532
532,519
519,533
533,519
519,534
534,519
519,536
536,519
519,537
537,519
519,540
540,519
519,542
542,519
519,543
543,519
519,544
544,519
519,545
545,519
519,546
546,519
519,547
547,519
519,548
548,519
519,549
549,519
519,552
552,519
519,553
553,519
519,555
555,519
519,556
556,519
519,563
563,519
519,564
564,519
519,565
565,519
519,566
566,519
519,567
567,519
519,568
568,519
520,521
521,520
520,522
522,520
520,523
523,520
520,524
524,520
520,525
525,520
520,526
526,520
520,527
527,520
520,528
528,520
520,529
529,520
520,530
530,520
520,531
531,520
520,532
532,520
520,533
533,520
520,534
534,520
520,535
535,520
520,536
536,520
520,537
537,520
520,538
538,520
520,540
540,520
520,541
541,520
520,542
542,520
520,543
543,520
520,544
544,520
520,545
545,520
520,546
546,520
520,547
547,520
520,548
548,520
520,549
549,520
520,551
551,520
520,552
552,520
520,553
553,520
520,554
554,520
520,555
555,520
520,556
556,520
520,563
563,520
520,564
564,520
520,565
565,520
520,566
566,520
520,567
567,520
520,568
568,520
520,569
569,520
521,522
522,521
521,523
523,521
521,524
524,521
521,525
525,521
521,526
526,521
521,527
527,521
521,528
528,521
521,529
529,521
521,530
530,521
521,531
531,521
521,532
532,521
521,533
533,521
521,534
534,521
521,535
535,521
521,536
536,521
521,537
537,521
521,538
538,521
521,539
539,521
521,540
540,521
521,541
541,521
521,542
542,521
521,543
543,521
521,544
544,521
521,545
545,521
521,546
546,521
521,547
547,521
521,548
548,521
521,549
549,521
521,550
550,521
521,551
551,521
521,552
552,521
521,553
553,521
521,554
554,521
521,555
555,521
521,556
556,521
521,557
557,521
521,558
558,521
521,559
559,521
521,560
560,521
521,561
561,521
521,562
562,521
521,563
563,521
521,564
564,521
521,565
565,521
521,566
566,521
521,567
567,521
521,568
568,521
521,569
569,521
521,570
570,521
521,571
571,521
521,572
572,521
521,573
573,521
521,574
574,521
521,575
575,521
521,576
576,521
521,577
577,521
522,523
523,522
522,524
524,522
522,525
525,522
522,526
526,522
522,527
527,522
522,528
528,522
522,529
529,522
522,530
530,522
522,531
531,522
522,532
532,522
522,533
533,522
522,534
534,522
522,535
535,522
522,536
536,522
522,537
537,522
522,538
538,522
522,539
539,522
522,540
540,522
522,541
541,522
522,542
542,522
522,543
543,522
522,544
544,522
522,545
545,522
522,546
546,522
522,547
547,522
522,548
548,522
522,549
549,522
522,550
550,522
522,551
551,522
522,552
552,522
522,553
553,522
522,554
554,522
522,555
555,522
522,556
556,522
522,557
557,522
522,558
558,522
522,559
559,522
522,560
560,522
522,561
561,522
522,562
562,522
522,563
563,522
522,564
564,522
522,565
565,522
522,566
566,522
522,567
567,522
522,568
568,522
522,569
569,522
522,570
570,522
522,571
571,522
522,572
572,522
522,573
573,522
522,574
574,522
522,575
575,522
522,576
576,522
522,577
577,522
523,524
524,523
523,525
525,523
523,526
526,523
523,527
527,523
523,528
528,523
523,529
529,523
523,530
530,523
523,531
531,523
523,532
532,523
523,533
533,523
523,534
534,523
523,535
535,523
523,536
536,523
523,537
537,523
523,538
538,523
523,539
539,523
523,540
540,523
523,541
541,523
523,542
542,523
523,543
543,523
523,544
544,523
523,545
545,523
523,546
546,523
523,547
547,523
523,548
548,523
523,549
549,523
523,551
551,523
523,552
552,523
523,553
553,523
523,554
554,523
523,555
555,523
523,556
556,523
523,557
557,523
523,558
558,523
523,559
559,523
523,563
563,523
523,564
564,523
523,565
565,523
523,566
566,523
523,567
567,523
523,568
568,523
523,569
569,523
523,570
570,523
523,572
572,523
523,573
573,523
524,525
525,524
524,526
526,524
524,527
527,524
524,528
528,524
524,529
529,524
524,530
530,524
524,531
531,524
524,532
532,524
524,533
533,524
524,534
534,524
524,535
535,524
524,536
536,524
524,537
537,524
524,538
538,524
524,539
539,524
524,540
540,524
524,541
541,524
524,542
542,524
524,543
543,524
524,544
544,524
524,545
545,524
524,546
546,524
524,547
547,524
524,548
548,524
524,549
549,524
524,551
551,524
524,552
552,524
524,553
553,524
524,554
554,524
524,555
555,524
524,556
556,524
524,557
557,524
524,558
558,524
524,563
563,524
524,564
564,524
524,565
565,524
524,566
566,524
524,567
567,524
524,568
568,524
524,569
569,524
524,570
570,524
524,572
572,524
524,573
573,524
525,526
526,525
525,527
527,525
525,528
528,525
525,529
529,525
525,530
530,525
525,531
531,525
525,532
532,525
525,533
533,525
525,534
534,525
525,535
535,525
525,536
536,525
525,537
537,525
525,538
538,525
525,540
540,525
525,541
541,525
525,542
542,525
525,543
543,525
525,544
544,525
525,545
545,525
525,546
546,525
525,547
547,525
525,548
548,525
525,549
549,525
525,551
551,525
525,552
552,525
525,553
553,525
525,554
554,525
525,555
555,525
525,556
556,525
525,563
563,525
525,564
564,525
525,565
565,525
525,566
566,525
525,567
567,525
525,568
568,525
526,527
527,526
526,528
528,526
526,529
529,526
526,530
530,526
526,531
531,526
526,532
532,526
526,533
533,526
526,534
534,526
526,535
535,526
526,536
536,526
526,537
537,526
526,538
538,526
526,539
539,526
526,540
540,526
526,541
541,526
526,542
542,526
526,543
543,526
526,544
544,526
526,545
545,526
526,546
546,526
526,547
547,526
526,548
548,526
526,549
549,526
526,551
551,526
526,552
552,526
526,553
553,526
526,554
554,526
526,555
555,526
526,556
556,526
526,557
557,526
526,563
563,526
526,564
564,526
526,565
565,526
526,566
566,526
526,567
567,526
526,568
568,526
526,569
569,526
527,528
528,527
527,529
529,527
527,530
530,527
527,531
531,527
527,532
532,527
527,533
533,527
527,534
534,527
527,535
535,527
527,536
536,527
527,537
537,527
527,538
538,527
527,539
539,527
527,540
540,527
527,541
541,527
527,542
542,527
527,543
543,527
527,544
544,527
527,545
545,527
527,546
546,527
527,547
547,527
527,548
548,527
527,549
549,527
527,551
551,527
527,552
552,527
527,553
553,527
527,554
554,527
527,555
555,527
527,556
556,527
527,557
557,527
527,558
558,527
527,559
559,527
527,562
562,527
527,563
563,527
527,564
564,527
527,565
565,527
527,566
566,527
527,567
567,527
527,568
568,527
527,569
569,527
527,570
570,527
527,571
571,527
527,572
572,527
527,573
573,527
527,574
574,527
527,575
575,527
527,576
576,527
528,529
529,528
528,530
530,528
528,531
531,528
528,532
532,528
528,533
533,528
528,534
534,528
528,535
535,528
528,536
536,528
528,537
537,528
528,538
538,528
528,539
539,528
528,540
540,528
528,541
541,528
528,542
542,528
528,543
543,528
528,544
544,528
528,545
545,528
528,546
546,528
528,547
547,528
528,548
548,528
528,549
549,528
528,551
551,528
528,552
552,528
528,553
553,528
528,554
554,528
528,555
555,528
528,556
556,528
528,557
557,528
528,563
563,528
528,564
564,528
528,565
565,528
528,566
566,528
528,567
567,528
528,568
568,528
528,569
569,528
528,573
573,528
529,530
530,529
529,531
531,529
529,532
532,529
529,533
533,529
529,534
534,529
529,535
535,529
529,536
536,529
529,537
537,529
529,538
538,529
529,540
540,529
529,541
541,529
529,542
542,529
529,543
543,529
529,544
544,529
529,545
545,529
529,546
546,529
529,547
547,529
529,548
548,529
529,549
549,529
529,551
551,529
529,552
552,529
529,553
553,529
529,554
554,529
529,555
555,529
529,556
556,529
529,563
563,529
529,564
564,529
529,565
565,529
529,566
566,529
529,567
567,529
529,568
568,529
530,531
531,530
530,532
532,530
530,533
533,530
530,534
534,530
530,535
535,530
530,536
536,530
530,537
537,530
530,538
538,530
530,539
539,530
530,540
540,530
530,541
541,530
530,542
542,530
530,543
543,530
530,544
544,530
530,545
545,530
530,546
546,530
530,547
547,530
530,548
548,530
530,549
549,530
530,551
551,530
530,552
552,530
530,553
553,530
530,554
554,530
530,555
555,530
530,556
556,530
530,557
557,530
530,558
558,530
530,559
559,530
530,560
560,530
530,561
561,530
530,562
562,530
530,563
563,530
530,564
564,530
530,565
565,530
530,566
566,530
530,567
567,530
530,568
568,530
530,569
569,530
530,570
570,530
530,571
571,530
530,572
572,530
530,573
573,530
530,574
574,530
530,575
575,530
530,576
576,530
531,532
532,531
531,533
533,531
531,534
534,531
531,535
535,531
531,536
536,531
531,537
537,531
531,538
538,531
531,539
539,531
531,540
540,531
531,541
541,531
531,542
542,531
531,543
543,531
531,544
544,531
531,545
545,531
531,546
546,531
531,547
547,531
531,548
548,531
531,549
549,531
531,551
551,531
531,552
552,531
531,553
553,531
531,554
554,531
531,555
555,531
531,556
556,531
531,557
557,531
531,558
558,531
531,559
559,531
531,562
562,531
531,563
563,531
531,564
564,531
531,565
565,531
531,566
566,531
531,567
567,531
531,568
568,531
531,569
569,531
531,570
570,531
531,571
571,531
531,572
572,531
531,573
573,531
531,574
574,531
531,575
575,531
531,576
576,531
531,577
577,531
532,533
533,532
532,534
534,532
532,535
535,532
532,536
536,532
532,537
537,532
532,538
538,532
532,539
539,532
532,540
540,532
532,541
541,532
532,542
542,532
532,543
543,532
532,544
544,532
532,545
545,532
532,546
546,532
532,547
547,532
532,548
548,532
532,549
549,532
532,551
551,532
532,552
552,532
532,553
553,532
532,554
554,532
532,555
555,532
532,556
556,532
532,557
557,532
532,558
558,532
532,563
563,532
532,564
564,532
532,565
565,532
532,566
566,532
532,567
567,532
532,568
568,532
532,569
569,532
532,573
573,532
533,534
534,533
533,535
535,533
533,536
536,533
533,537
537,533
533,538
538,533
533,539
539,533
533,540
540,533
533,541
541,533
533,542
542,533
533,543
543,533
533,544
544,533
533,545
545,533
533,546
546,533
533,547
547,533
533,548
548,533
533,549
549,533
533,551
551,533
533,552
552,533
533,553
553,533
533,554
554,533
533,555
555,533
533,556
556,533
533,557
557,533
533,558
558,533
533,559
559,533
533,563
563,533
533,564
564,533
533,565
565,533
533,566
566,533
533,567
567,533
533,568
568,533
533,569
569,533
533,570
570,533
533,573
573,533
534,535
535,534
534,536
536,534
534,537
537,534
534,538
538,534
534,539
539,534
534,540
540,534
534,541
541,534
534,542
542,534
534,543
543,534
534,544
544,534
534,545
545,534
534,546
546,534
534,547
547,534
534,548
548,534
534,549
549,534
534,551
551,534
534,552
552,534
534,553
553,534
534,554
554,534
534,555
555,534
534,556
556,534
534,557
557,534
534,558
558,534
534,559
559,534
534,562
562,534
534,563
563,534
534,564
564,534
534,565
565,534
534,566
566,534
534,567
567,534
534,568
568,534
534,569
569,534
534,570
570,534
534,572
572,534
534,573
573,534
535,536
536,535
535,537
537,535
535,538
538,535
535,539
539,535
535,540
540,535
535,541
541,535
535,542
542,535
535,543
543,535
535,544
544,535
535,545
545,535
535,546
546,535
535,547
547,535
535,548
548,535
535,549
549,535
535,550
550,535
535,551
551,535
535,552
552,535
535,553
553,535
535,554
554,535
535,555
555,535
535,556
556,535
535,557
557,535
535,558
558,535
535,559
559,535
535,560
560,535
535,561
561,535
535,562
562,535
535,563
563,535
535,564
564,535
535,565
565,535
535,566
566,535
535,567
567,535
536,537
537,536
536,538
538,536
536,539
539,536
536,540
540,536
536,541
541,536
536,542
542,536
536,543
543,536
536,544
544,536
536,545
545,536
536,546
546,536
536,547
547,536
536,548
548,536
536,549
549,536
536,551
551,536
536,552
552,536
536,553
553,536
536,554
554,536
536,555
555,536
536,556
556,536
536,557
557,536
536,558
558,536
536,559
559,536
536,562
562,536
536,563
563,536
536,564
564,536
536,565
565,536
536,566
566,536
536,567
567,536
536,568
568,536
536,569
569,536
536,573
573,536
537,538
538,537
537,539
539,537
537,540
540,537
537,541
541,537
537,542
542,537
537,543
543,537
537,544
544,537
537,545
545,537
537,546
546,537
537,547
547,537
537,548
548,537
537,549
549,537
537,550
550,537
537,551
551,537
537,552
552,537
537,553
553,537
537,554
554,537
537,555
555,537
537,556
556,537
537,557
557,537
537,558
558,537
537,559
559,537
537,560
560,537
537,561
561,537
537,562
562,537
537,563
563,537
537,564
564,537
537,565
565,537
537,566
566,537
537,567
567,537
537,568
568,537
537,569
569,537
537,570
570,537
537,571
571,537
537,572
572,537
537,573
573,537
537,574
574,537
537,575
575,537
538,539
539,538
538,540
540,538
538,541
541,538
538,542
542,538
538,543
543,538
538,544
544,538
538,545
545,538
538,546
546,538
538,547
547,538
538,548
548,538
538,549
549,538
538,550
550,538
538,551
551,538
538,552
552,538
538,553
553,538
538,554
554,538
538,555
555,538
538,556
556,538
538,557
557,538
538,558
558,538
538,559
559,538
538,560
560,538
538,561
561,538
538,562
562,538
538,563
563,538
538,564
564,538
538,565
565,538
538,566
566,538
538,567
567,538
538,568
568,538
538,569
569,538
538,570
570,538
538,571
571,538
538,572
572,538
538,573
573,538
538,574
574,538
538,575
575,538
538,576
576,538
538,577
577,538
539,540
540,539
539,541
541,539
539,542
542,539
539,543
543,539
539,544
544,539
539,545
545,539
539,546
546,539
539,547
547,539
539,548
548,539
539,549
549,539
539,550
550,539
539,551
551,539
539,552
552,539
539,553
553,539
539,554
554,539
539,555
555,539
539,556
556,539
539,557
557,539
539,558
558,539
539,559
559,539
539,560
560,539
539,561
561,539
539,562
562,539
539,563
563,539
539,565
565,539
539,566
566,539
539,567
567,539
539,569
569,539
539,570
570,539
539,571
571,539
539,572
572,539
539,573
573,539
539,574
574,539
539,575
575,539
539,576
576,539
539,577
577,539
540,541
541,540
540,542
542,540
540,543
543,540
540,544
544,540
540,545
545,540
540,546
546,540
540,547
547,540
540,548
548,540
540,549
549,540
540,550
550,540
540,551
551,540
540,552
552,540
540,553
553,540
540,554
554,540
540,555
555,540
540,556
556,540
540,557
557,540
540,558
558,540
540,559
559,540
540,560
560,540
540,561
561,540
540,562
562,540
540,563
563,540
540,564
564,540
540,565
565,540
540,566
566,540
540,567
567,540
540,568
568,540
540,569
569,540
540,570
570,540
540,571
571,540
540,572
572,540
540,573
573,540
540,574
574,540
540,575
575,540
540,576
576,540
541,542
542,541
541,543
543,541
541,544
544,541
541,545
545,541
541,546
546,541
541,547
547,541
541,548
548,541
541,549
549,541
541,550
550,541
541,551
551,541
541,552
552,541
541,553
553,541
541,554
554,541
541,555
555,541
541,556
556,541
541,557
557,541
541,558
558,541
541,559
559,541
541,560
560,541
541,561
561,541
541,562
562,541
541,563
563,541
541,564
564,541
541,565
565,541
541,566
566,541
541,567
567,541
541,568
568,541
541,569
569,541
541,570
570,541
541,571
571,541
541,572
572,541
541,573
573,541
541,574
574,541
541,575
575,541
541,576
576,541
541,577
577,541
542,543
543,542
542,544
544,542
542,545
545,542
542,546
546,542
542,547
547,542
542,548
548,542
542,549
549,542
542,551
551,542
542,552
552,542
542,553
553,542
542,554
554,542
542,555
555,542
542,556
556,542
542,557
557,542
542,558
558,542
542,559
559,542
542,562
562,542
542,563
563,542
542,564
564,542
542,565
565,542
542,566
566,542
542,567
567,542
542,568
568,542
542,569
569,542
542,570
570,542
542,571
571,542
542,572
572,542
542,573
573,542
542,575
575,542
543,544
544,543
543,545
545,543
543,546
546,543
543,547
547,543
543,548
548,543
543,549
549,543
543,551
551,543
543,552
552,543
543,553
553,543
543,554
554,543
543,555
555,543
543,556
556,543
543,557
557,543
543,558
558,543
543,559
559,543
543,562
562,543
543,563
563,543
543,564
564,543
543,565
565,543
543,566
566,543
543,567
567,543
543,568
568,543
543,569
569,543
543,573
573,543
544,545
545,544
544,546
546,544
544,547
547,544
544,548
548,544
544,549
549,544
544,551
551,544
544,552
552,544
544,553
553,544
544,554
554,544
544,555
555,544
544,556
556,544
544,557
557,544
544,558
558,544
544,563
563,544
544,564
564,544
544,565
565,544
544,566
566,544
544,567
567,544
544,568
568,544
544,569
569,544
545,546
546,545
545,547
547,545
545,548
548,545
545,549
549,545
545,551
551,545
545,552
552,545
545,553
553,545
545,554
554,545
545,555
555,545
545,556
556,545
545,557
557,545
545,558
558,545
545,559
559,545
545,562
562,545
545,563
563,545
545,564
564,545
545,565
565,545
545,566
566,545
545,567
567,545
545,568
568,545
545,569
569,545
545,570
570,545
545,571
571,545
545,572
572,545
545,573
573,545
545,575
575,545
546,547
547,546
546,548
548,546
546,549
549,546
546,550
550,546
546,551
551,546
546,552
552,546
546,553
553,546
546,554
554,546
546,555
555,546
546,556
556,546
546,557
557,546
546,558
558,546
546,559
559,546
546,560
560,546
546,561
561,546
546,562
562,546
546,563
563,546
546,564
564,546
546,565
565,546
546,566
566,546
546,567
567,546
546,568
568,546
546,569
569,546
546,570
570,546
546,571
571,546
546,572
572,546
546,573
573,546
546,574
574,546
546,575
575,546
546,576
576,546
547,548
548,547
547,549
549,547
547,551
551,547
547,552
552,547
547,553
553,547
547,554
554,547
547,555
555,547
547,556
556,547
547,557
557,547
547,558
558,547
547,559
559,547
547,562
562,547
547,563
563,547
547,564
564,547
547,565
565,547
547,566
566,547
547,567
567,547
547,568
568,547
547,569
569,547
547,570
570,547
547,572
572,547
547,573
573,547
548,549
549,548
548,551
551,548
548,552
552,548
548,553
553,548
548,554
554,548
548,555
555,548
548,556
556,548
548,557
557,548
548,558
558,548
548,559
559,548
548,562
562,548
548,563
563,548
548,564
564,548
548,565
565,548
548,566
566,548
548,567
567,548
548,568
568,548
548,569
569,548
548,570
570,548
548,572
572,548
548,573
573,548
549,551
551,549
549,552
552,549
549,553
553,549
549,554
554,549
549,555
555,549
549,556
556,549
549,557
557,549
549,558
558,549
549,559
559,549
549,560
560,549
549,561
561,549
549,562
562,549
549,563
563,549
549,564
564,549
549,565
565,549
549,566
566,549
549,567
567,549
549,568
568,549
549,569
569,549
549,570
570,549
549,571
571,549
549,572
572,549
549,573
573,549
549,574
574,549
549,575
575,549
549,576
576,549
550,551
551,550
550,552
552,550
550,553
553,550
550,554
554,550
550,556
556,550
550,557
557,550
550,558
558,550
550,559
559,550
550,560
560,550
550,561
561,550
550,562
562,550
550,570
570,550
550,571
571,550
550,573
573,550
550,574
574,550
550,575
575,550
550,576
576,550
550,577
577,550
551,552
552,551
551,553
553,551
551,554
554,551
551,555
555,551
551,556
556,551
551,557
557,551
551,558
558,551
551,559
559,551
551,560
560,551
551,561
561,551
551,562
562,551
551,563
563,551
551,564
564,551
551,565
565,551
551,566
566,551
551,567
567,551
551,568
568,551
551,569
569,551
551,570
570,551
551,571
571,551
551,572
572,551
551,573
573,551
551,574
574,551
551,575
575,551
551,576
576,551
551,577
577,551
552,553
553,552
552,554
554,552
552,555
555,552
552,556
556,552
552,557
557,552
552,558
558,552
552,559
559,552
552,560
560,552
552,561
561,552
552,562
562,552
552,563
563,552
552,564
564,552
552,565
565,552
552,566
566,552
552,567
567,552
552,568
568,552
552,569
569,552
552,570
570,552
552,571
571,552
552,572
572,552
552,573
573,552
552,574
574,552
552,575
575,552
552,576
576,552
552,577
577,552
553,554
554,553
553,555
555,553
553,556
556,553
553,557
557,553
553,558
558,553
553,559
559,553
553,560
560,553
553,561
561,553
553,562
562,553
553,563
563,553
553,564
564,553
553,565
565,553
553,566
566,553
553,567
567,553
553,568
568,553
553,569
569,553
553,570
570,553
553,571
571,553
553,572
572,553
553,573
573,553
553,574
574,553
553,575
575,553
553,576
576,553
553,577
577,553
554,555
555,554
554,556
556,554
554,557
557,554
554,558
558,554
554,559
559,554
554,560
560,554
554,561
561,554
554,562
562,554
554,563
563,554
554,564
564,554
554,565
565,554
554,566
566,554
554,567
567,554
554,568
568,554
554,569
569,554
554,570
570,554
554,571
571,554
554,572
572,554
554,573
573,554
554,574
574,554
554,575
575,554
554,576
576,554
554,577
577,554
555,556
556,555
555,557
557,555
555,558
558,555
555,559
559,555
555,562
562,555
555,563
563,555
555,564
564,555
555,565
565,555
555,566
566,555
555,567
567,555
555,568
568,555
555,569
569,555
555,570
570,555
555,572
572,555
555,573
573,555
556,557
557,556
556,558
558,556
556,559
559,556
556,560
560,556
556,561
561,556
556,562
562,556
556,563
563,556
556,564
564,556
556,565
565,556
556,566
566,556
556,567
567,556
556,568
568,556
556,569
569,556
556,570
570,556
556,571
571,556
556,572
572,556
556,573
573,556
556,574
574,556
556,575
575,556
556,576
576,556
556,577
577,556
557,558
558,557
557,559
559,557
557,560
560,557
557,561
561,557
557,562
562,557
557,563
563,557
557,565
565,557
557,566
566,557
557,567
567,557
557,569
569,557
557,570
570,557
557,571
571,557
557,572
572,557
557,573
573,557
557,574
574,557
557,575
575,557
557,576
576,557
557,577
577,557
558,559
559,558
558,560
560,558
558,561
561,558
558,562
562,558
558,563
563,558
558,565
565,558
558,566
566,558
558,567
567,558
558,569
569,558
558,570
570,558
558,571
571,558
558,572
572,558
558,573
573,558
558,574
574,558
558,575
575,558
558,576
576,558
558,577
577,558
559,560
560,559
559,561
561,559
559,562
562,559
559,563
563,559
559,566
566,559
559,567
567,559
559,569
569,559
559,570
570,559
559,571
571,559
559,572
572,559
559,573
573,559
559,574
574,559
559,575
575,559
559,576
576,559
559,577
577,559
560,561
561,560
560,562
562,560
560,569
569,560
560,570
570,560
560,571
571,560
560,572
572,560
560,573
573,560
560,574
574,560
560,575
575,560
560,576
576,560
561,562
562,561
561,569
569,561
561,570
570,561
561,571
571,561
561,572
572,561
561,573
573,561
561,574
574,561
561,575
575,561
561,576
576,561
562,569
569,562
562,570
570,562
562,571
571,562
562,572
572,562
562,573
573,562
562,574
574,562
562,575
575,562
562,576
576,562
562,577
577,562
563,564
564,563
563,565
565,563
563,566
566,563
563,567
567,563
563,568
568,563
563,569
569,563
563,570
570,563
563,571
571,563
563,572
572,563
563,573
573,563
563,575
575,563
563,576
576,563
564,565
565,564
564,566
566,564
564,567
567,564
564,568
568,564
564,569
569,564
565,566
566,565
565,567
567,565
565,568
568,565
565,569
569,565
565,570
570,565
565,572
572,565
565,573
573,565
566,567
567,566
566,568
568,566
566,569
569,566
566,570
570,566
566,572
572,566
566,573
573,566
567,568
568,567
567,569
569,567
567,570
570,567
567,571
571,567
567,572
572,567
567,573
573,567
567,575
575,567
568,569
569,568
568,570
570,568
568,572
572,568
568,573
573,568
569,570
570,569
569,571
571,569
569,572
572,569
569,573
573,569
569,574
574,569
569,575
575,569
569,576
576,569
569,577
577,569
570,571
571,570
570,572
572,570
570,573
573,570
570,574
574,570
570,575
575,570
570,576
576,570
570,577
577,570
571,572
572,571
571,573
573,571
571,574
574,571
571,575
575,571
571,576
576,571
571,577
577,571
572,573
573,572
572,574
574,572
572,575
575,572
572,576
576,572
572,577
577,572
573,574
574,573
573,575
575,573
573,576
576,573
573,577
577,573
574,575
575,574
574,576
576,574
574,577
577,574
575,576
576,575
575,577
577,575
576,577
577,576
579,580
580,579
579,581
581,579
579,582
582,579
579,583
583,579
579,584
584,579
580,581
581,580
580,582
582,580
580,583
583,580
580,584
584,580
580,585
585,580
581,582
582,581
581,583
583,581
581,584
584,581
581,585
585,581
582,583
583,582
582,584
584,582
582,585
585,582
583,584
584,583
583,585
585,583
584,585
585,584
584,586
586,584
584,587
587,584
584,588
588,584
584,589
589,584
584,590
590,584
584,591
591,584
584,592
592,584
584,593
593,584
584,594
594,584
584,595
595,584
584,596
596,584
584,597
597,584
584,598
598,584
584,599
599,584
584,600
600,584
584,601
601,584
584,602
602,584
584,603
603,584
584,604
604,584
584,605
605,584
584,608
608,584
584,609
609,584
584,610
610,584
584,611
611,584
584,612
612,584
584,613
613,584
584,614
614,584
584,616
616,584
584,617
617,584
584,618
618,584
584,621
621,584
584,622
622,584
584,623
623,584
584,624
624,584
584,625
625,584
584,626
626,584
584,627
627,584
584,628
628,584
585,586
586,585
585,587
587,585
585,590
590,585
585,592
592,585
585,594
594,585
585,595
595,585
585,601
601,585
585,608
608,585
585,610
610,585
585,611
611,585
585,624
624,585
586,587
587,586
586,588
588,586
586,589
589,586
586,590
590,586
586,591
591,586
586,592
592,586
586,593
593,586
586,594
594,586
586,595
595,586
586,596
596,586
586,597
597,586
586,598
598,586
586,599
599,586
586,600
600,586
586,601
601,586
586,602
602,586
586,603
603,586
586,604
604,586
586,605
605,586
586,606
606,586
586,607
607,586
586,608
608,586
586,609
609,586
586,610
610,586
586,611
611,586
586,612
612,586
586,613
613,586
586,614
614,586
586,615
615,586
586,616
616,586
586,617
617,586
586,618
618,586
586,620
620,586
586,621
621,586
586,622
622,586
586,623
623,586
586,624
624,586
586,625
625,586
586,626
626,586
586,627
627,586
586,628
628,586
586,629
629,586
586,630
630,586
586,631
631,586
586,632
632,586
586,633
633,586
586,634
634,586
586,635
635,586
586,636
636,586
586,637
637,586
586,638
638,586
586,639
639,586
586,640
640,586
587,588
588,587
587,589
589,587
587,590
590,587
587,591
591,587
587,592
592,587
587,593
593,587
587,594
594,587
587,595
595,587
587,596
596,587
587,597
597,587
587,598
598,587
587,599
599,587
587,600
600,587
587,601
601,587
587,602
602,587
587,603
603,587
587,604
604,587
587,605
605,587
587,606
606,587
587,607
607,587
587,608
608,587
587,609
609,587
587,610
610,587
587,611
611,587
587,622
622,587
587,623
623,587
587,624
624,587
587,625
625,587
587,626
626,587
588,589
589,588
588,590
590,588
588,591
591,588
588,592
592,588
588,593
593,588
588,594
594,588
588,595
595,588
588,596
596,588
588,597
597,588
588,598
598,588
588,599
599,588
588,600
600,588
588,601
601,588
588,602
602,588
588,603
603,588
588,604
604,588
588,605
605,588
588,606
606,588
588,607
607,588
588,608
608,588
588,609
609,588
588,610
610,588
588,611
611,588
588,612
612,588
588,613
613,588
588,614
614,588
588,615
615,588
588,616
616,588
588,617
617,588
588,618
618,588
588,619
619,588
588,620
620,588
588,621
621,588
588,622
622,588
588,623
623,588
588,624
624,588
588,625
625,588
588,626
626,588
588,627
627,588
588,628
628,588
588,629
629,588
588,630
630,588
588,631
631,588
588,632
632,588
588,633
633,588
588,634
634,588
588,635
635,588
588,636
636,588
588,637
637,588
588,638
638,588
588,639
639,588
588,640
640,588
589,590
590,589
589,591
591,589
589,592
592,589
589,593
593,589
589,594
594,589
589,595
595,589
589,596
596,589
589,597
597,589
589,598
598,589
589,599
599,589
589,600
600,589
589,601
601,589
589,602
602,589
589,603
603,589
589,604
604,589
589,605
605,589
589,606
606,589
589,607
607,589
589,608
608,589
589,609
609,589
589,610
610,589
589,611
611,589
589,612
612,589
589,613
613,589
589,614
614,589
589,615
615,589
589,616
616,589
589,617
617,589
589,618
618,589
589,619
619,589
589,620
620,589
589,621
621,589
589,622
622,589
589,623
623,589
589,624
624,589
589,625
625,589
589,626
626,589
589,627
627,589
589,628
628,589
589,629
629,589
589,630
630,589
589,631
631,589
589,632
632,589
589,633
633,589
589,634
634,589
589,635
635,589
589,636
636,589
589,637
637,589
589,638
638,589
589,639
639,589
589,640
640,589
590,591
591,590
590,592
592,590
590,593
593,590
590,594
594,590
590,595
595,590
590,596
596,590
590,597
597,590
590,598
598,590
590,599
599,590
590,600
600,590
590,601
601,590
590,602
602,590
590,603
603,590
590,604
604,590
590,605
605,590
590,606
606,590
590,607
607,590
590,608
608,590
590,609
609,590
590,610
610,590
590,611
611,590
590,612
612,590
590,613
613,590
590,614
614,590
590,615
615,590
590,616
616,590
590,617
617,590
590,618
618,590
590,619
619,590
590,620
620,590
590,621
621,590
590,622
622,590
590,623
623,590
590,624
624,590
590,625
625,590
590,626
626,590
590,627
627,590
590,628
628,590
590,629
629,590
590,630
630,590
590,631
631,590
590,632
632,590
590,633
633,590
590,634
634,590
590,635
635,590
590,636
636,590
590,637
637,590
590,638
638,590
590,639
639,590
590,640
640,590
591,592
592,591
591,593
593,591
591,594
594,591
591,595
595,591
591,596
596,591
591,597
597,591
591,598
598,591
591,599
599,591
591,600
600,591
591,601
601,591
591,602
602,591
591,603
603,591
591,604
604,591
591,605
605,591
591,606
606,591
591,607
607,591
591,608
608,591
591,609
609,591
591,610
610,591
591,611
611,591
591,612
612,591
591,613
613,591
591,614
614,591
591,615
615,591
591,616
616,591
591,617
617,591
591,618
618,591
591,619
619,591
591,620
620,591
591,621
621,591
591,622
622,591
591,623
623,591
591,624
624,591
591,625
625,591
591,626
626,591
591,627
627,591
591,628
628,591
591,629
629,591
591,630
630,591
591,631
631,591
591,632
632,591
591,633
633,591
591,634
634,591
591,635
635,591
591,636
636,591
591,637
637,591
591,638
638,591
591,639
639,591
591,640
640,591
592,593
593,592
592,594
594,592
592,595
595,592
592,596
596,592
592,597
597,592
592,598
598,592
592,599
599,592
592,600
600,592
592,601
601,592
592,602
602,592
592,603
603,592
592,604
604,592
592,605
605,592
592,606
606,592
592,607
607,592
592,608
608,592
592,609
609,592
592,610
610,592
592,611
611,592
592,612
612,592
592,613
613,592
592,614
614,592
592,615
615,592
592,616
616,592
592,617
617,592
592,618
618,592
592,619
619,592
592,620
620,592
592,621
621,592
592,622
622,592
592,623
623,592
592,624
624,592
592,625
625,592
592,626
626,592
592,627
627,592
592,628
628,592
592,629
629,592
592,630
630,592
592,631
631,592
592,632
632,592
592,633
633,592
592,634
634,592
592,635
635,592
592,636
636,592
592,637
637,592
592,638
638,592
592,639
639,592
592,640
640,592
593,594
594,593
593,595
595,593
593,596
596,593
593,597
597,593
593,598
598,593
593,599
599,593
593,600
600,593
593,601
601,593
593,602
602,593
593,603
603,593
593,604
604,593
593,605
605,593
593,606
606,593
593,607
607,593
593,608
608,593
593,609
609,593
593,610
610,593
593,611
611,593
593,612
612,593
593,613
613,593
593,614
614,593
593,615
615,593
593,616
616,593
593,617
617,593
593,618
618,593
593,619
619,593
593,620
620,593
593,621
621,593
593,622
622,593
593,623
623,593
593,624
624,593
593,625
625,593
593,626
626,593
593,627
627,593
593,628
628,593
593,629
629,593
593,630
630,593
593,631
631,593
593,632
632,593
593,633
633,593
593,634
634,593
593,635
635,593
593,636
636,593
593,637
637,593
593,638
638,593
593,639
639,593
593,640
640,593
594,595
595,594
594,596
596,594
594,597
597,594
594,598
598,594
594,599
599,594
594,600
600,594
594,601
601,594
594,602
602,594
594,603
603,594
594,604
604,594
594,605
605,594
594,606
606,594
594,607
607,594
594,608
608,594
594,609
609,594
594,610
610,594
594,611
611,594
594,612
612,594
594,613
613,594
594,614
614,594
594,615
615,594
594,616
616,594
594,617
617,594
594,618
618,594
594,619
619,594
594,620
620,594
594,621
621,594
594,622
622,594
594,623
623,594
594,624
624,594
594,625
625,594
594,626
626,594
594,627
627,594
594,628
628,594
594,629
629,594
594,630
630,594
594,631
631,594
594,632
632,594
594,633
633,594
594,634
634,594
594,635
635,594
594,636
636,594
594,637
637,594
594,638
638,594
594,639
639,594
594,640
640,594
595,596
596,595
595,597
597,595
595,598
598,595
595,599
599,595
595,600
600,595
595,601
601,595
595,602
602,595
595,603
603,595
595,604
604,595
595,605
605,595
595,606
606,595
595,607
607,595
595,608
608,595
595,609
609,595
595,610
610,595
595,611
611,595
595,612
612,595
595,614
614,595
595,616
616,595
595,617
617,595
595,618
618,595
595,621
621,595
595,622
622,595
595,623
623,595
595,624
624,595
595,625
625,595
595,626
626,595
595,627
627,595
595,628
628,595
595,629
629,595
595,630
630,595
595,631
631,595
595,632
632,595
595,633
633,595
595,634
634,595
595,635
635,595
595,637
637,595
595,638
638,595
595,639
639,595
595,640
640,595
596,597
597,596
596,598
598,596
596,599
599,596
596,600
600,596
596,601
601,596
596,602
602,596
596,603
603,596
596,604
604,596
596,605
605,596
596,606
606,596
596,607
607,596
596,608
608,596
596,609
609,596
596,610
610,596
596,611
611,596
596,612
612,596
596,613
613,596
596,614
614,596
596,615
615,596
596,616
616,596
596,617
617,596
596,618
618,596
596,619
619,596
596,620
620,596
596,621
621,596
596,622
622,596
596,623
623,596
596,624
624,596
596,625
625,596
596,626
626,596
596,627
627,596
596,628
628,596
596,629
629,596
596,630
630,596
596,631
631,596
596,632
632,596
596,633
633,596
596,634
634,596
596,635
635,596
596,636
636,596
596,637
637,596
596,638
638,596
596,639
639,596
596,640
640,596
597,598
598,597
597,599
599,597
597,600
600,597
597,601
601,597
597,602
602,597
597,603
603,597
597,604
604,597
597,605
605,597
597,606
606,597
597,607
607,597
597,608
608,597
597,609
609,597
597,610
610,597
597,611
611,597
597,612
612,597
597,613
613,597
597,614
614,597
597,615
615,597
597,616
616,597
597,617
617,597
597,618
618,597
597,619
619,597
597,620
620,597
597,621
621,597
597,622
622,597
597,623
623,597
597,624
624,597
597,625
625,597
597,626
626,597
597,627
627,597
597,628
628,597
597,629
629,597
597,630
630,597
597,631
631,597
597,632
632,597
597,633
633,597
597,634
634,597
597,635
635,597
597,636
636,597
597,637
637,597
597,638
638,597
597,639
639,597
597,640
640,597
598,599
599,598
598,600
600,598
598,601
601,598
598,602
602,598
598,603
603,598
598,604
604,598
598,605
605,598
598,606
606,598
598,607
607,598
598,608
608,598
598,609
609,598
598,610
610,598
598,611
611,598
598,612
612,598
598,613
613,598
598,614
614,598
598,615
615,598
598,616
616,598
598,617
617,598
598,618
618,598
598,619
619,598
598,620
620,598
598,621
621,598
598,622
622,598
598,623
623,598
598,624
624,598
598,625
625,598
598,626
626,598
598,627
627,598
598,628
628,598
598,629
629,598
598,630
630,598
598,631
631,598
598,632
632,598
598,633
633,598
598,634
634,598
598,635
635,598
598,636
636,598
598,637
637,598
598,638
638,598
598,639
639,598
598,640
640,598
599,600
600,599
599,601
601,599
599,602
602,599
599,603
603,599
599,604
604,599
599,605
605,599
599,606
606,599
599,607
607,599
599,608
608,599
599,609
609,599
599,610
610,599
599,611
611,599
599,612
612,599
599,613
613,599
599,614
614,599
599,615
615,599
599,616
616,599
599,617
617,599
599,618
618,599
599,619
619,599
599,620
620,599
599,621
621,599
599,622
622,599
599,623
623,599
599,624
624,599
599,625
625,599
599,626
626,599
599,627
627,599
599,628
628,599
599,629
629,599
599,630
630,599
599,631
631,599
599,632
632,599
599,633
633,599
599,634
634,599
599,635
635,599
599,636
636,599
599,637
637,599
599,638
638,599
599,639
639,599
599,640
640,599
600,601
601,600
600,602
602,600
600,603
603,600
600,604
604,600
600,605
605,600
600,606
606,600
600,607
607,600
600,608
608,600
600,609
609,600
600,610
610,600
600,611
611,600
600,612
612,600
600,613
613,600
600,614
614,600
600,615
615,600
600,616
616,600
600,617
617,600
600,618
618,600
600,619
619,600
600,620
620,600
600,621
621,600
600,622
622,600
600,623
623,600
600,624
624,600
600,625
625,600
600,626
626,600
600,627
627,600
600,628
628,600
600,629
629,600
600,630
630,600
600,631
631,600
600,632
632,600
600,633
633,600
600,634
634,600
600,635
635,600
600,636
636,600
600,637
637,600
600,638
638,600
600,639
639,600
600,640
640,600
601,602
602,601
601,603
603,601
601,604
604,601
601,605
605,601
601,606
606,601
601,607
607,601
601,608
608,601
601,609
609,601
601,610
610,601
601,611
611,601
601,612
612,601
601,614
614,601
601,616
616,601
601,617
617,601
601,618
618,601
601,621
621,601
601,622
622,601
601,623
623,601
601,624
624,601
601,625
625,601
601,626
626,601
601,627
627,601
601,628
628,601
601,629
629,601
601,630
630,601
601,631
631,601
601,632
632,601
601,633
633,601
601,634
634,601
601,635
635,601
601,636
636,601
601,637
637,601
601,638
638,601
601,639
639,601
601,640
640,601
602,603
603,602
602,604
604,602
602,605
605,602
602,606
606,602
602,607
607,602
602,608
608,602
602,609
609,602
602,610
610,602
602,611
611,602
602,612
612,602
602,613
613,602
602,614
614,602
602,615
615,602
602,616
616,602
602,617
617,602
602,618
618,602
602,619
619,602
602,620
620,602
602,621
621,602
602,622
622,602
602,623
623,602
602,624
624,602
602,625
625,602
602,626
626,602
602,627
627,602
602,628
628,602
602,629
629,602
602,630
630,602
602,631
631,602
602,632
632,602
602,633
633,602
602,634
634,602
602,635
635,602
602,636
636,602
602,637
637,602
602,638
638,602
602,639
639,602
602,640
640,602
603,604
604,603
603,605
605,603
603,606
606,603
603,607
607,603
603,608
608,603
603,609
609,603
603,610
610,603
603,611
611,603
603,612
612,603
603,613
613,603
603,614
614,603
603,615
615,603
603,616
616,603
603,617
617,603
603,618
618,603
603,619
619,603
603,620
620,603
603,621
621,603
603,622
622,603
603,623
623,603
603,624
624,603
603,625
625,603
603,626
626,603
603,627
627,603
603,628
628,603
603,629
629,603
603,630
630,603
603,631
631,603
603,632
632,603
603,633
633,603
603,634
634,603
603,635
635,603
603,636
636,603
603,637
637,603
603,638
638,603
603,639
639,603
603,640
640,603
604,605
605,604
604,606
606,604
604,607
607,604
604,608
608,604
604,609
609,604
604,610
610,604
604,611
611,604
604,612
612,604
604,614
614,604
604,615
615,604
604,616
616,604
604,617
617,604
604,618
618,604
604,621
621,604
604,622
622,604
604,623
623,604
604,624
624,604
604,625
625,604
604,626
626,604
604,627
627,604
604,628
628,604
604,629
629,604
604,630
630,604
604,631
631,604
604,632
632,604
604,633
633,604
604,634
634,604
604,635
635,604
604,636
636,604
604,637
637,604
604,638
638,604
604,639
639,604
604,640
640,604
605,606
606,605
605,607
607,605
605,608
608,605
605,609
609,605
605,610
610,605
605,611
611,605
605,612
612,605
605,613
613,605
605,614
614,605
605,615
615,605
605,616
616,605
605,617
617,605
605,618
618,605
605,619
619,605
605,620
620,605
605,621
621,605
605,622
622,605
605,623
623,605
605,624
624,605
605,625
625,605
605,626
626,605
605,627
627,605
605,628
628,605
605,629
629,605
605,630
630,605
605,631
631,605
605,632
632,605
605,633
633,605
605,634
634,605
605,635
635,605
605,636
636,605
605,637
637,605
605,638
638,605
605,639
639,605
605,640
640,605
606,607
607,606
606,608
608,606
606,609
609,606
606,610
610,606
606,611
611,606
606,616
616,606
606,617
617,606
606,618
618,606
606,621
621,606
606,622
622,606
606,623
623,606
606,624
624,606
606,625
625,606
606,626
626,606
606,627
627,606
606,628
628,606
606,629
629,606
606,630
630,606
606,631
631,606
606,632
632,606
606,633
633,606
606,634
634,606
606,635
635,606
606,636
636,606
606,637
637,606
606,638
638,606
606,639
639,606
606,640
640,606
607,608
608,607
607,609
609,607
607,610
610,607
607,611
611,607
607,616
616,607
607,618
618,607
607,622
622,607
607,623
623,607
607,624
624,607
607,625
625,607
607,626
626,607
607,627
627,607
607,628
628,607
607,629
629,607
607,630
630,607
607,631
631,607
607,632
632,607
607,633
633,607
607,634
634,607
607,635
635,607
607,637
637,607
607,638
638,607
607,639
639,607
607,640
640,607
608,609
609,608
608,610
610,608
608,611
611,608
608,616
616,608
608,617
617,608
608,618
618,608
608,621
621,608
608,622
622,608
608,623
623,608
608,624
624,608
608,625
625,608
608,626
626,608
608,627
627,608
608,628
628,608
608,629
629,608
608,630
630,608
608,631
631,608
608,632
632,608
608,633
633,608
608,634
634,608
608,635
635,608
608,637
637,608
608,638
638,608
608,639
639,608
608,640
640,608
609,610
610,609
609,611
611,609
609,612
612,609
609,613
613,609
609,614
614,609
609,615
615,609
609,616
616,609
609,617
617,609
609,618
618,609
609,619
619,609
609,620
620,609
609,621
621,609
609,622
622,609
609,623
623,609
609,624
624,609
609,625
625,609
609,626
626,609
609,627
627,609
609,628
628,609
609,629
629,609
609,630
630,609
609,631
631,609
609,632
632,609
609,633
633,609
609,634
634,609
609,635
635,609
609,636
636,609
609,637
637,609
609,638
638,609
609,639
639,609
609,640
640,609
610,611
611,610
610,612
612,610
610,613
613,610
610,614
614,610
610,615
615,610
610,616
616,610
610,617
617,610
610,618
618,610
610,619
619,610
610,620
620,610
610,621
621,610
610,622
622,610
610,623
623,610
610,624
624,610
610,625
625,610
610,626
626,610
610,627
627,610
610,628
628,610
610,629
629,610
610,630
630,610
610,631
631,610
610,632
632,610
610,633
633,610
610,634
634,610
610,635
635,610
610,636
636,610
610,637
637,610
610,638
638,610
610,639
639,610
610,640
640,610
611,612
612,611
611,613
613,611
611,614
614,611
611,615
615,611
611,616
616,611
611,617
617,611
611,618
618,611
611,619
619,611
611,620
620,611
611,621
621,611
611,622
622,611
611,623
623,611
611,624
624,611
611,625
625,611
611,626
626,611
611,627
627,611
611,628
628,611
611,629
629,611
611,630
630,611
611,631
631,611
611,632
632,611
611,633
633,611
611,634
634,611
611,635
635,611
611,636
636,611
611,637
637,611
611,638
638,611
611,639
639,611
611,640
640,611
612,613
613,612
612,614
614,612
612,615
615,612
612,616
616,612
612,617
617,612
612,618
618,612
612,619
619,612
612,620
620,612
612,621
621,612
612,622
622,612
612,623
623,612
612,624
624,612
612,625
625,612
612,626
626,612
612,627
627,612
612,628
628,612
612,629
629,612
612,630
630,612
612,633
633,612
612,634
634,612
612,635
635,612
612,636
636,612
612,637
637,612
612,638
638,612
612,639
639,612
612,640
640,612
613,614
614,613
613,615
615,613
613,616
616,613
613,617
617,613
613,618
618,613
613,619
619,613
613,620
620,613
613,621
621,613
613,622
622,613
613,623
623,613
613,625
625,613
613,626
626,613
613,627
627,613
613,628
628,613
613,629
629,613
613,630
630,613
613,634
634,613
613,635
635,613
613,636
636,613
613,638
638,613
613,639
639,613
614,615
615,614
614,616
616,614
614,617
617,614
614,618
618,614
614,619
619,614
614,620
620,614
614,621
621,614
614,622
622,614
614,623
623,614
614,624
624,614
614,625
625,614
614,626
626,614
614,627
627,614
614,628
628,614
614,629
629,614
614,630
630,614
614,634
634,614
614,635
635,614
614,636
636,614
614,637
637,614
614,638
638,614
614,639
639,614
614,640
640,614
615,616
616,615
615,617
617,615
615,618
618,615
615,619
619,615
615,620
620,615
615,621
621,615
615,622
622,615
615,623
623,615
615,625
625,615
615,626
626,615
615,627
627,615
615,628
628,615
615,629
629,615
615,630
630,615
615,631
631,615
615,632
632,615
615,633
633,615
615,634
634,615
615,635
635,615
615,636
636,615
615,637
637,615
615,638
638,615
615,639
639,615
615,640
640,615
616,617
617,616
616,618
618,616
616,619
619,616
616,620
620,616
616,621
621,616
616,622
622,616
616,623
623,616
616,624
624,616
616,625
625,616
616,626
626,616
616,627
627,616
616,628
628,616
616,629
629,616
616,630
630,616
616,631
631,616
616,632
632,616
616,633
633,616
616,634
634,616
616,635
635,616
616,636
636,616
616,637
637,616
616,638
638,616
616,639
639,616
616,640
640,616
617,618
618,617
617,619
619,617
617,620
620,617
617,621
621,617
617,622
622,617
617,623
623,617
617,624
624,617
617,625
625,617
617,626
626,617
617,627
627,617
617,628
628,617
617,629
629,617
617,630
630,617
617,631
631,617
617,632
632,617
617,633
633,617
617,634
634,617
617,635
635,617
617,636
636,617
617,637
637,617
617,638
638,617
617,639
639,617
617,640
640,617
618,619
619,618
618,620
620,618
618,621
621,618
618,622
622,618
618,623
623,618
618,624
624,618
618,625
625,618
618,626
626,618
618,627
627,618
618,628
628,618
618,629
629,618
618,630
630,618
618,631
631,618
618,632
632,618
618,633
633,618
618,634
634,618
618,635
635,618
618,636
636,618
618,637
637,618
618,638
638,618
618,639
639,618
618,640
640,618
619,620
620,619
619,621
621,619
619,622
622,619
619,623
623,619
619,625
625,619
619,626
626,619
619,627
627,619
619,628
628,619
619,629
629,619
619,630
630,619
619,634
634,619
619,636
636,619
619,638
638,619
620,621
621,620
620,622
622,620
620,623
623,620
620,625
625,620
620,626
626,620
620,627
627,620
620,628
628,620
620,629
629,620
620,630
630,620
620,633
633,620
620,634
634,620
620,635
635,620
620,636
636,620
620,637
637,620
620,638
638,620
620,639
639,620
620,640
640,620
621,622
622,621
621,623
623,621
621,624
624,621
621,625
625,621
621,626
626,621
621,627
627,621
621,628
628,621
621,629
629,621
621,630
630,621
621,631
631,621
621,632
632,621
621,633
633,621
621,634
634,621
621,635
635,621
621,636
636,621
621,637
637,621
621,638
638,621
621,639
639,621
621,640
640,621
622,623
623,622
622,624
624,622
622,625
625,622
622,626
626,622
622,627
627,622
622,628
628,622
622,629
629,622
622,630
630,622
622,631
631,622
622,632
632,622
622,633
633,622
622,634
634,622
622,635
635,622
622,636
636,622
622,637
637,622
622,638
638,622
622,639
639,622
622,640
640,622
623,624
624,623
623,625
625,623
623,626
626,623
623,627
627,623
623,628
628,623
623,629
629,623
623,630
630,623
623,631
631,623
623,632
632,623
623,633
633,623
623,634
634,623
623,635
635,623
623,636
636,623
623,637
637,623
623,638
638,623
623,639
639,623
623,640
640,623
624,625
625,624
624,626
626,624
624,627
627,624
624,628
628,624
624,629
629,624
624,630
630,624
624,631
631,624
624,632
632,624
624,633
633,624
624,634
634,624
624,635
635,624
624,637
637,624
624,638
638,624
624,639
639,624
624,640
640,624
625,626
626,625
625,627
627,625
625,628
628,625
625,629
629,625
625,630
630,625
625,631
631,625
625,632
632,625
625,633
633,625
625,634
634,625
625,635
635,625
625,636
636,625
625,637
637,625
625,638
638,625
625,639
639,625
625,640
640,625
626,627
627,626
626,628
628,626
626,629
629,626
626,630
630,626
626,631
631,626
626,632
632,626
626,633
633,626
626,634
634,626
626,635
635,626
626,636
636,626
626,637
637,626
626,638
638,626
626,639
639,626
626,640
640,626
627,628
628,627
627,629
629,627
627,630
630,627
627,631
631,627
627,632
632,627
627,633
633,627
627,634
634,627
627,635
635,627
627,636
636,627
627,637
637,627
627,638
638,627
627,639
639,627
627,640
640,627
628,629
629,628
628,630
630,628
628,631
631,628
628,632
632,628
628,633
633,628
628,634
634,628
628,635
635,628
628,636
636,628
628,637
637,628
628,638
638,628
628,639
639,628
628,640
640,628
629,630
630,629
629,631
631,629
629,632
632,629
629,633
633,629
629,634
634,629
629,635
635,629
629,636
636,629
629,637
637,629
629,638
638,629
629,639
639,629
629,640
640,629
630,631
631,630
630,632
632,630
630,633
633,630
630,634
634,630
630,635
635,630
630,636
636,630
630,637
637,630
630,638
638,630
630,639
639,630
630,640
640,630
631,632
632,631
631,633
633,631
631,634
634,631
631,635
635,631
631,636
636,631
631,637
637,631
631,638
638,631
631,639
639,631
631,640
640,631
632,633
633,632
632,634
634,632
632,635
635,632
632,636
636,632
632,637
637,632
632,638
638,632
632,639
639,632
632,640
640,632
633,634
634,633
633,635
635,633
633,636
636,633
633,637
637,633
633,638
638,633
633,639
639,633
633,640
640,633
634,635
635,634
634,636
636,634
634,637
637,634
634,638
638,634
634,639
639,634
634,640
640,634
635,636
636,635
635,637
637,635
635,638
638,635
635,639
639,635
635,640
640,635
636,637
637,636
636,638
638,636
636,639
639,636
636,640
640,636
637,638
638,637
637,639
639,637
637,640
640,637
638,639
639,638
638,640
640,638
639,640
640,639