6.54125,7.585937499999999,0.3179499904375
7.2171875,7.4271875000000005,-0.13279841031249995
6.9709375,7.5259375,-0.013194707812499984
7.5959375,7.4875,-0.5673725915625001
7.868437499999999,7.008749999999999,0.037455983125000036
7.598125,7.3478125,-0.032773983437500015
8.732500000000002,6.1078125,-0.6358999699999999
8.629375,6.977812500000001,-0.6665457081249999
9.23375,6.7696875,-1.90386925
7.6603125,6.058125,-0.054906962500000156
8.89875,5.8240625,-1.0015212096875001
7.9228125,5.440312499999999,-0.029794529562500005
8.9965625,5.7090625,0.3937131741875001
8.048437499999999,5.266249999999999,0.37115446924999995
9.705625000000001,5.2515625,-0.09066047375000005
8.0853125,5.0278125000000005,0.28347350206250005
8.8590625,5.995,0.5677982375624999
7.9046875,4.9134375,-0.5929107643125
9.235,5.323124999999999,-0.2349510475
9.010625000000001,5.07375,-1.18497026125
9.0075,5.048125000000001,0.74401146375
8.4690625,5.11625,-0.2843247484375
8.55125,5.176562499999999,0.2634686150000002
9.026562499999999,5.8703125,-0.30943729875000014
8.325937499999998,5.526875,-0.09576807531250003
8.0496875,5.6693750000000005,0.1864285176249999
8.3615625,5.715625,-0.019153638624999914
8.599374999999998,5.5865625,-0.16727489781249993
8.330625000000001,5.717499999999999,0.07789133906249998
8.145,5.7459375,-0.12641383875
7.964687499999999,5.6021875,-0.14045981250000014
8.316875,5.598437499999999,-0.10598332562500004
9.04375,5.165,-0.08257333625000007
8.743125,4.779375,-0.32518582
8.939375,5.138437499999999,-0.3170987115625
7.9446875,5.2346875,-0.11534731687500013
9.0734375,5.7346875,-0.11747549062500001
8.6109375,5.61125,-0.12769075000000008
8.513124999999999,5.2559375,-0.4277640736249999
9.17625,5.27375,0.03319959812499998
8.355625,5.274687500000001,-0.46521999531250013
9.267812499999998,5.3221875,0.29666820250000003
8.153125,5.257187500000001,0.016174145437499954
9.4265625,5.2465625000000005,-0.24090991249999993
7.9178125,5.540625,-0.2779402146875002
9.025000000000002,4.521875,-0.4528765331249999
7.930937500000001,5.6778125,-0.14599311562500003
9.3690625,5.1590625,0.06341976437499997
8.0196875,5.3609375,0.05575830906250004
9.0121875,4.9371875,-0.19451554062500004
8.87875,5.6431249999999995,-0.27751455
9.06375,4.785625,-0.3975439206249999
8.5471875,5.6625,-0.305180920125
9.268437500000001,4.94125,0.20132575656249993
8.2825,5.4940625,0.15067514487500006
8.975,4.708749999999999,0.05150196125000003
8.7334375,5.476875,0.016599802187499985
8.9965625,4.7640625,0.2685762664375001
8.4621875,5.37,0.38647735393750005
9.131562500000001,4.680937500000001,0.1625928946875
9.3025,5.42875,-0.39115932656249996
8.9025,4.989374999999999,0.09066043749999995
8.935,4.88125,-0.24431500012500004
8.5390625,4.9956249999999995,-0.12598824687500004
8.0490625,5.260625,0.43797931374999993
8.862187500000001,4.842499999999999,-0.23750481499999998
8.805,5.125,0.09832190362499987
8.7221875,5.0346875,-0.001276914812499988
9.3896875,5.2128125,0.36945195562500005
8.431875,4.7575,1.105801986875
9.1175,5.225,0.33369853375
8.725312500000001,5.0940625,-0.81551832925
9.4128125,4.4350000000000005,0.7223040792500001
8.356250000000001,5.040312500000001,-0.1055576775
9.2759375,4.995625,0.04171231668749997
8.3475,5.0159375,-0.13067020293750006
9.401562499999999,5.112500000000001,0.030645799374999977
8.194062500000001,5.0725,-0.152803255625
9.231875,5.234375,0.4188256839375001
8.160625,5.0896875,0.04554304156249994
9.38875,4.868125,0.15578273406249998
7.474375,5.1575,0.5380037306249998
8.7428125,5.0371875,0.365621191375
8.4496875,5.3584375,0.09363989281250004
8.5621875,5.09,-0.1621672446250001
9.2353125,5.0390625,0.3562571992500002
7.66,4.968437499999999,0.1234343934374999
8.700624999999999,5.1309375,-0.36732374125
8.6375,5.2646875,0.25155077593749997
8.611875,5.1,-0.03873286825
9.5046875,5.2775,0.32092943937499996
8.549999999999999,4.775,0.16259288968750005
8.7071875,4.8896875,0.09747061218750006
8.45,5.27625,0.15918779843749997
8.666875,4.88,-0.2132435546875
8.561875,5.4825,0.3992464653125
8.28,5.405937499999999,-0.36179048937499997
8.81375,5.151875,0.1362034871875
7.290625,5.62625,-0.7278373546875001
8.349375,5.09375,-0.4137180437500001
8.951875000000001,5.706875,-0.30049890024999987
7.895,5.179375,-0.5354499225
8.827499999999999,5.1103125,0.9329938662500001
8.0775,5.6290625,-0.3383805062499999
8.673125,4.8140624999999995,0.251976424375
8.584687500000001,5.483125,-0.060014661250000045
9.30875,4.5971875,0.30901163093749995
8.948125,5.702187499999999,0.10300386343750001
7.9978125,5.6034375,-0.32007817437499986
9.4578125,4.749375000000001,0.1740850805000001
7.4478125,4.7171875,-0.27325822968749996
8.559375,5.017812500000001,-0.24984825499999996
8.268437500000001,5.805312499999999,-0.19877190937499983
8.58,5.141562499999999,0.04171225374999987
9.38625,4.998125,0.589080044625
7.782499999999999,4.508125,-0.592485120625
9.515,4.431875,-0.4588354812499999
8.0490625,4.8396875,0.2830478300000001
8.568437500000002,4.499375,0.00042563987499993905
8.825624999999999,5.1584375,-0.14216238656250002
8.780625,4.6990625,-0.23452540156249996
9.474062499999999,4.91125,0.36987761925000007
8.786249999999999,5.2884375,0.17408509000000005
8.695,4.6678125,-0.02979451124999999
8.6071875,5.3478125,-0.07916828937499995
8.97875,4.9815625,-0.4673481596875
9.3559375,5.018437499999999,0.037030327812500013
7.9171875,4.632187500000001,-0.3017758475000001
8.59625,5.124375000000001,-0.16599799612500005
9.4825,5.0546875,-0.23197157174999997
8.20625,4.648125,-0.09193736187499993
8.5534375,4.8565625,-0.21707430062499994
8.98375,5.0975,-0.1413111425
8.368749999999999,4.943125,-0.2941144034374999
8.9209375,4.4478124999999995,0.05660957362499999
8.0190625,5.5653125,-0.29496566281250003
9.1321875,4.838125,-0.07704009406249998
9.1765625,4.9215625,-0.024261243937499954
8.2659375,4.5575,0.15791089187500001
8.290625,5.2749999999999995,-0.5703520603125001
9.4553125,5.2290624999999995,0.4086104193750001
8.2796875,4.474375,0.439681814375
8.585625,4.88625,0.0008512687500000782
8.996875,5.283125,-0.3473188599375
8.115312500000002,5.1693750000000005,-0.26772500231249996
8.15875,4.9353125,0.417123148625
7.929375,5.6396875,-0.39201063218749993
8.3753125,5.053437499999999,-0.29113493981250005
8.948125000000001,4.8675,0.08555280325000003
8.0425,5.4359375,-0.047671204375
8.506874999999999,5.3334375000000005,-0.3996720921874998
9.0584375,5.275625000000001,0.05235320262500004
7.965937500000001,4.7840625,-0.20856155468749998
8.515625,5.174375,-0.062142824375000016
8.818125,5.492812499999999,-0.20685902362499997
8.024375,5.4421875,-0.22899209425000008
8.5559375,5.067187499999999,0.2268639148124999
8.055625000000001,5.4996875,-0.33880616843749994
8.8921875,5.2371875,0.2575096574999998
9.10375,5.52,0.338380528
8.3815625,4.897812500000001,-0.595464555625
8.796875,4.9421875,-0.13194713249999995
8.5175,5.438125,0.36008793687500007
8.715,4.9712499999999995,-0.80019542375
8.40375,4.5371875,-0.22388451350000005
8.28,5.634375,-0.24261245562500006
8.131875,5.1075,-0.41031293499999993
8.684375,5.286250000000001,0.5013990275
8.473749999999999,5.573125,0.13407532243750003
7.96375,4.83625,0.11151664556250004
8.2428125,5.478750000000001,0.22005372406249996
8.9728125,5.120312500000001,-0.3009245733750001
8.305937499999999,5.4799999999999995,-0.21877681437499996
8.17875,5.307812500000001,-0.367323739375
8.581562499999999,4.859375,0.8610613603124999
8.2134375,5.683125,-0.42563587156249993
8.1909375,5.5728124999999995,-0.21792554699999997
8.929375,5.66,-0.024261257187499996
8.205937500000001,5.253125000000001,-0.014897244999999948
9.1621875,5.000624999999999,0.15663399418750007
8.278437499999999,5.1046875,0.8746817340624998
8.424375,5.058125,-0.26048907500000007
8.583124999999999,5.686249999999999,0.24772005249999998
9.10625,5.418125,-0.455855990125
9.42875,5.320625,-0.17749019656250012
7.9003125,5.018437499999999,0.3524264325
8.538125,4.685625,-0.3477445133749999
8.5778125,5.189375,0.6988941181249999
8.553125,4.907500000000001,-0.7635907093750001
8.78125,4.615625,-0.5890800327499999
8.2771875,4.9121875,-0.26176605499999983
8.73625,4.9096875,-0.85339993375
9.160625,5.3803125000000005,0.2651711405
8.2596875,4.7371875,-0.3754108721875001
8.549687500000001,4.929062500000001,-0.24857132075000016
8.4875,5.626875,-0.49969652081250004
8.4809375,5.64375,-0.593336423125
9.205000000000002,5.565624999999999,0.12939331331250012
8.0359375,5.1440625,-0.08725534000000001
8.615312500000002,5.4809375,-0.3426368643749999
8.806249999999999,5.318125,0.046819945937500024
8.5884375,5.2046875,-0.10981405374999992
9.0546875,4.653124999999999,0.34689320618749997
8.786562499999999,5.0571874999999995,-1.3020200921874998
8.5209375,5.395625,-0.14854690593749992
9.535,5.1996875,0.026389441062499908
7.768125,4.945,-0.5299166666875001
8.4828125,5.0181249999999995,-0.17493636931249995
8.555,5.43625,0.035327776250000026
8.6721875,5.051874999999999,-0.30730908906249993
9.55,4.49125,0.6878275290625001
8.578125,4.8128125,-1.023654265875
7.569687500000001,5.203125,0.15110073962499998
9.4053125,5.831875,-0.6312179818750001
7.8253125,5.5603125,-0.5375780916249999
8.930937499999999,4.966875,0.072783733125
8.170625000000001,5.165625,0.3149705381250001
8.3025,5.5178125,-0.30603220749999993
9.071875,5.397812500000001,-0.05916339281249999
8.2503125,5.186875000000001,-0.0017025176250000107
8.894375,4.875625,0.343913751125
8.0296875,5.65125,-0.578439092
8.4328125,5.181875,-0.014045979062499964
9.0296875,5.5009375,0.3081603613749999
8.379999999999999,5.0765625,-0.2281408376250001
8.483125,4.959375,-0.16174164456249998
8.5159375,5.1465625,-0.16642364874999993
8.465625000000001,5.1890625,0.05490701343750004
9.235625,5.039687499999999,0.20175140612499998
8.143437500000001,5.175625,-0.26729935668749993
8.265,5.100624999999999,-0.49586578249999996
9.175625,5.0665625,0.24686881424999998
8.2671875,5.0621875,-0.28687858437499997
8.6828125,5.047499999999999,-0.22431010968749993
8.7828125,4.75,0.04852246893750001
8.459375,5.0365625000000005,-0.10087569093750004
9.11125,4.883750000000001,0.09449115781250003
8.405312499999999,5.1068750000000005,-0.10683458187499997
8.54625,5.5053125000000005,0.19536688062500007
8.4803125,5.5075,0.6686739031250002
8.4478125,5.259062500000001,-0.16046474781250003
8.32375,5.28125,-0.10342952937500004
8.98625,5.4956249999999995,-0.16131599500000002
8.209687500000001,5.2815625,-0.14471618424999988
8.835625,4.8853125,0.35370338781249994
8.2434375,5.2759375,-0.12002927718749992
8.940312500000001,5.1274999999999995,0.04596869781249997
9.177499999999998,5.06375,0.43287165812499995
7.318125,4.925000000000001,-0.1523776443749999
8.964062499999999,5.33625,-0.83509757125
9.745000000000001,5.1025,-0.550772825625
7.9259375,5.20625,-0.144716231875
8.890625,4.8462499999999995,-0.9338451268749999
8.403125,5.0959375,0.22473569781250008
8.217187500000001,5.3,0.2987964262499999
9.02,5.304375,-0.037881595312500016
8.50375,4.8453125,-0.37711336906250004
8.76375,4.90375,-0.5878031328125
9.170000000000002,5.5406249999999995,0.24899695156249999
8.407499999999999,5.335,-0.07363501281250012
8.78125,4.835625,-0.016599769687500016
8.349375,5.040625,-0.7227296962499999
8.715937499999999,4.7878125,-0.22090499175
9.276250000000001,5.0290625,0.29368877718749997
8.165312499999999,4.959375,0.3651955405624999
9.1646875,4.38,-0.15918783249999996
8.6153125,4.975,-0.09321424937499995
8.6246875,4.973437499999999,0.04000977018749996
9.141875,5.103125,0.09789625312500003
8.1153125,4.8528125,-0.2672993228125
8.4546875,4.7162500000000005,-0.309862911875
9.1446875,5.06,-0.406056626625
8.469375,4.89,-0.3626417146250001
8.4284375,4.6771875000000005,0.21196666274999998
8.725312500000001,5.1853125,-0.1374804003125
8.569375,4.826875,-0.1860028759375
8.7109375,4.202500000000001,0.13535220812499998
8.2134375,5.0703125,-0.09576811937500002
8.904062500000002,4.8346875,-0.70996062125
8.89,4.74125,0.19834631518749996
8.799375000000001,4.6815625,0.18813106656250006
8.483125,5.1778125,-0.07491192468749999
9.3775,5.1340625,0.24176117112499995
8.4753125,4.671875,0.23495099718749995
8.444375,5.0096875,-0.12471131937500007
9.3084375,4.8646875000000005,0.03532774937500004
8.311875,4.7278125,-0.10428079925
8.693437500000002,4.629687499999999,0.15024944593749995
8.713437500000001,5.1771875000000005,-0.139608562
8.814062499999999,4.5221875,0.39413877268749997
9.440624999999999,4.1925,0.2681506
8.20375,5.2125,-0.15365455050000001
8.835625,4.9040625,-0.04596869343750004
9.3315625,5.0225,0.12471129843749997
8.622499999999999,4.797812499999999,0.07363499868749993
8.631875,4.844687500000001,0.155782716875
9.264375000000001,5.1175,0.66569449975
8.438125,4.6475,0.7525242062499999
8.4875,4.7884375,-0.026815051937499973
8.94125,5.2437499999999995,0.2575096786249999
8.534687499999999,4.843125,0.3728570240624999
8.8771875,4.7665625,-0.011492160312499972
8.43,5.327187500000001,0.24772007799999995
9.1128125,5.0609375,-0.4933119746875001
9.0709375,4.7290625,0.6456896421874999
8.98375,4.8628125,-0.357959768375
8.64375,4.9584375000000005,-0.042563598124999935
8.921875,5.5246875,0.05660956312499998
8.716875000000002,4.827500000000001,0.20771030175000002
9.148125,4.650625,0.47713781843749997
7.553749999999999,5.3765625,-0.07065554656249998
8.467187500000001,5.115625,-0.35668285531250005
9.44,5.1084375,-0.22728955562499997
7.810624999999999,4.4175,0.554177886875
9.5165625,4.7275,0.06597358156249994
8.47875,5.009375,-0.20260270406249986
8.681249999999999,5.183124999999999,0.15833655968749996
8.629999999999999,5.2084375000000005,0.3217807020000001
9.311875,5.1534375,0.157059621875
9.475625,5.23,0.21154106062500005
8.6059375,4.9665625,0.4298922453125
8.9921875,4.5890625,0.09321423406249997
8.386875,5.05125,0.2758120448749999
9.0215625,4.8125,-0.03703029643749997
9.424375000000001,4.8878125,0.4218051621874999
8.075312499999999,4.6815625,0.38860552000000004
8.4515625,4.181875,0.5575830015625
8.885625,5.2459375,-0.33667797750000006
8.506250000000001,4.945625000000001,0.572054556875
9.57875,5.14125,0.463517423375
8.235937499999999,5.3225,0.942357796625
9.356875,4.58125,0.4724557462500001
8.4509375,5.1253125,0.7103862932500002
8.8125,4.9165625,-0.1634441828125
9.3165625,4.9240625,0.41286680343750004
8.235625,4.8865625,0.6103618528125001
8.7859375,4.77375,0.09576806387499998
8.665624999999999,5.040000000000001,0.3217807165625
8.9684375,4.9596875,0.10640898637500001
9.26875,5.1503125,0.23622790318750003
8.389375,4.6878125,0.07831698050000008
8.7571875,4.842499999999999,0.255807153875
8.5284375,5.2109375,0.09661934218750012
9.0228125,4.69875,0.36689810612499996
9.318125,4.7634375,0.8406308013750001
8.5,4.467812500000001,0.5737571684375
8.5978125,4.8246875000000005,0.22856644262500003
8.8878125,5.04625,0.09917314781250006
9.1284375,4.996874999999999,0.3456163277500001
8.7728125,5.4021875,0.30688345906250003
8.278437499999999,5.0078125,0.4469176556250001
8.911562499999999,4.828125,0.9793881602500001
8.291875,4.945625,0.3107141646874999
8.9540625,4.846562499999999,-0.34391378937499995
9.230625,5.0559375,0.21068975787500013
8.5303125,4.9090625,0.3273139866875
8.6609375,4.6378125,0.5197013991249999
8.74375,4.9084375,0.165146715125
8.5615625,5.1321875,0.07661445112500001
9.196562499999999,5.150625,0.36519559718749994
8.6265625,4.8240625,0.3371035855000001
8.8975,4.1203125,0.8053030918749999
8.636875,5.291875,0.31667306124999994
8.3825,5.298125000000001,0.5397062481249999
9.107187499999998,4.74,0.9053275012499999
8.4565625,5.180937500000001,-0.009363973624999883
9.244687500000001,4.5521875000000005,0.7857238378125
8.6034375,5.0140625,0.3945644498125
8.7384375,4.9878125,0.43585111781249997
8.5628125,5.425625,0.3634930173125
8.7065625,5.398125,0.025538154874999844
9.192812499999999,5.324375,0.32092945981250004
8.225,4.8775,0.9402296943749997
9.1490625,5.105,-0.10300389812499999
8.657812499999999,5.5903125,0.02681505718750002
8.770625,5.108437500000001,0.10087569575000002
9.2403125,5.1921875,0.3341241444999999
8.555937499999999,5.243125,0.17110561562499998
9.0928125,4.614375,0.4882043349999999
8.4225,5.319687500000001,0.7142169686875
7.836562499999999,4.5225,-0.6435614234374999
9.163125,5.30125,0.457984153375
8.434375000000001,5.209375,-0.344765105
9.333125,4.579375,0.342636855625
8.61625,5.2875,-0.014897258750000059
8.2925,5.3221875,0.188131070125
9.1475,5.1721875,0.393287557625
8.35625,5.023125,0.08427585531250004
9.102812499999999,5.219375,0.43244603143749993
8.3009375,5.340625,0.2562327703125
7.963125,5.8575,-0.025112507499999964
4.571875,10.190625,1.0219517121875001
3.8478125,9.531875,-0.47671215856249993
5.2378125,9.059062500000001,0.17706448312499998
3.2665625,8.776250000000001,-0.7750829175000002
2.293125,9.905625,-1.2888253993749998
2.3996874999999998,10.2040625,-0.8474410221875
2.4934374999999998,9.585,-0.5618393239375
2.8678125,9.9071875,-0.7022991740625
2.7978125,10.7496875,-1.153047535
2.3453125,10.096874999999999,-1.4624848560625
2.8293749999999998,10.07375,-0.8031748679375
2.66875,9.384375,-0.8742560640624999
2.9234375,9.8634375,-0.9308656271875
1.8959374999999998,9.981874999999999,-1.9523916975
2.5306249999999997,9.415,-0.7601856784374998
2.54625,10.2309375,-1.9085512412499996
2.7653125000000003,9.5640625,-0.53544998125
2.316875,10.1803125,-0.8095594098125
2.979375,10.154375,-1.576555247125
3.0271875,9.9390625,-0.74613967
2.13125,9.8009375,-1.05557693875
2.8659375000000002,10.1596875,-1.190077873125
2.005,9.77,-1.3960856359375
2.7803125,9.9415625,-0.49799394625000004
3.0475000000000003,9.710625,-1.694881980625
3.7931250000000003,9.541250000000002,-1.4088547125
3.2106250000000003,9.2978125,-0.7320937025
2.6759375,9.51625,-0.5839724406249999
3.3246875,9.4765625,-1.4182186878124998
2.89625,9.8865625,-1.081115115
2.7928125,10.030625,-0.83467194875
3.253125,9.4459375,-0.9393783503124999
3.2090625000000004,9.8684375,-0.647817814375
2.5028125,10.16,-1.8485365278125
3.2603125,9.7678125,-0.30432964893750003
3.01,9.9496875,-0.32476017625000003
2.0815624999999995,10.1875,-0.940655246875
2.254375,10.513437499999998,-1.2330670901875
2.5268749999999995,9.182500000000001,-0.7406064075000001
3.0465625,9.108125000000001,-1.4211981904375
2.0678124999999996,10.8925,-1.2581796059375
2.2828125,9.516875,-0.8027492430625001
3.2275,9.704374999999999,-0.539706269375
0.7243749999999999,10.638125,-1.2560514981249997
1.7821875,8.37125,-0.7738059834375
4.983124999999999,10.322500000000002,0.6524997840625
4.1475,8.935937500000001,0.34263689156250005
4.67125,10.1765625,0.7291142125
4.288437500000001,9.115625,0.35625720624999985
4.5825,9.76625,0.8142413978125
5.394375,9.80125,-0.23239719531250008
3.8171875,9.3596875,0.59418763625
4.41125,10.200937499999998,0.3907336759375
4.7046875,8.919375,0.4681994589375
5.1440624999999995,9.2921875,1.1228274116249999
4.6371875,9.997812499999998,0.33497540843749996
4.5159375,9.1671875,0.8568050056875001
4.4690625,9.340625,1.013013356875
5.043125,9.8803125,0.2902836998125
4.5356250000000005,8.60875,0.13364966093749997
4.409375000000001,8.453125,1.299891929375
5.0737499999999995,9.7275,-0.016174117749999967
4.731249999999999,8.759062499999999,0.423933305
4.7924999999999995,9.16375,0.8236053619999999
6.251875,9.9009375,-0.1915361896875002
5.0271875,9.064375,1.3292608121875
4.7984375,9.63625,0.5733315496875
5.2465625000000005,8.592812499999999,0.32688833468749995
4.87375,9.67125,0.88489698375
4.523125,9.938749999999999,0.5703520803125002
5.0109375,8.51,-0.44947147306250007
4.429062500000001,9.143125,-0.014046013562500043
5.0171875,8.9825,0.56694699475
3.113125,10.4571875,1.4369466496875
3.3187499999999996,9.5715625,0.3222063284375001
5.578125,9.2034375,0.4856505565625002
5.67,8.209062500000002,0.41967697000000004
5.42125,8.044375,0.7963646887499998
5.7003125,8.5240625,0.632494881
5.51125,8.559375,0.35029830968749975
5.0659375,9.020625,0.7520985800000001
6.2590625,9.1165625,0.9836444915625
5.4253125,8.701562500000001,-0.7644420265625
5.383749999999999,8.751874999999998,1.4420543120625
6.065,8.4375,0.03149700562500002
6.0275,8.45,0.511614303125
5.8159374999999995,8.75625,1.167519159375
5.5503125,8.6146875,0.24218683843749989
6.936875000000001,8.9678125,-0.26474552687499997
6.1971875,7.938749999999999,0.14684439312500006
7.4696875,6.8946875,0.16982870124999994
8.2209375,7.2078125,-0.10002443125000016
7.046875,7.5443750000000005,1.132617056125
6.874375000000001,5.3246875,3.226301405625
5.443125,2.4893750000000003,8.2321875
5.459375,2.4975,8.2184375
5.4334375,2.5062499999999996,8.245625
5.4121875,2.5065625000000002,8.2546875
5.442187500000001,2.5218749999999996,8.2346875
5.421250000000001,2.5165625,8.249375
5.3690625,2.5246874999999998,8.2734375
5.451875,2.52125,8.24875
5.49875,2.5168749999999998,8.23125
5.448125,2.52125,8.2546875
5.399687500000001,2.5246874999999998,8.29
5.376250000000001,2.5390625,8.3125
5.42625,2.53,8.29625
5.4528125,2.5315624999999997,8.2771875
5.4609375,2.5403124999999998,8.239375
5.458125,2.54875,8.238125
5.425000000000001,2.533125,8.233125000000001
5.4078125,2.5228124999999997,8.2346875
5.41375,2.5409375,8.2484375
5.3875,2.524375,8.229375
5.409062499999999,2.5268749999999995,8.2225
5.43625,2.535,8.239687499999999
5.4209375,2.5340625,8.24375
5.425625,2.5378125000000002,8.24375
5.4265625,2.5403124999999998,8.23
5.44625,2.535,8.21
5.44375,2.5365624999999996,8.248125
5.4428125000000005,2.540625,8.2446875
5.4259375,2.5462499999999997,8.241875
5.4265625,2.551875,8.243125
5.4109375,2.550625,8.252812500000001
5.416875,2.54875,8.252187500000002
5.4021875,2.5415625,8.2778125
5.4096875,2.556875,8.2828125
5.420625,2.5575,8.278749999999999
5.4753125,2.549375,8.249375
5.479687500000001,2.5453124999999996,8.228749999999998
5.445625,2.561875,8.273125
5.439375,2.5515625,8.273125
5.4178125,2.5609375,8.2653125
5.43,2.5540625,8.26375
5.45125,2.546875,8.252812500000001
5.4234375,2.5465625,8.23625
5.408125,2.5590624999999996,8.2571875
5.4725,2.5759375,8.2540625
5.45875,2.5543750000000003,8.2425
5.4359375000000005,2.5640625000000004,8.258125
5.4409375,2.5625,8.2503125
5.4509375,2.57125,8.265
5.4784375,2.615,8.235625
5.457812499999999,2.5815625,8.2509375
5.4746875,2.5825,8.2409375
5.499999999999999,2.5718750000000004,8.240625
5.5121875,2.5715625,8.22625
5.483750000000001,2.578125,8.2225
5.494375,2.5690625000000002,8.225000000000001
5.4578125,2.5709375000000003,8.250625
5.455,2.5778125000000003,8.251875
5.4315625,2.57375,8.2446875
5.4553125,2.5696875,8.244374999999998
5.4781249999999995,2.57375,8.255625
5.453749999999999,2.56875,8.2734375
5.449999999999999,2.5678125,8.259062499999999
5.4740625000000005,2.565625,8.254999999999999
5.550937499999999,2.568125,8.1875
5.4940625,2.5603125,8.223749999999999
5.498749999999999,2.5562500000000004,8.2434375
5.484375,2.5490625,8.23875
5.4928125,2.5521875,8.2271875
5.4528125,2.571875,8.2659375
5.4884375,2.5609375,8.2321875
5.516875,2.5771875,8.2375
5.527187499999999,2.5706249999999997,8.243749999999999
5.5334375,2.568125,8.23375
5.553749999999999,2.5821875,8.212499999999999
5.561874999999999,2.5815625,8.226875
5.546562499999999,2.5675,8.2378125
5.4665625,2.5387500000000003,8.292187499999999
5.430937500000001,2.5559374999999998,8.29375
5.443125,2.5509375,8.286875
5.444687500000001,2.5575,8.27625
5.4575,2.5453124999999996,8.288125
5.434375,2.5265625,8.290625
5.508437499999999,2.5153124999999994,8.2615625
5.5171874999999995,2.4984375,8.248125
5.5175,2.4996875,8.2259375
5.523437499999999,2.5025,8.260937499999999
5.512499999999999,2.505625,8.23375
5.5375,2.509375,8.2275
5.534999999999999,2.5165625,8.245
5.522499999999999,2.495,8.2234375
5.52,2.4825000000000004,8.2125
4.83375,3.6840624999999996,6.978124999999999
1.09375,9.904062500000002,0.2025
1.0699999999999998,9.914375,0.185
1.0821874999999999,9.907187500000001,0.18625
1.02375,9.921875,0.17281249999999998
1.0609375,9.9075,0.1634375
1.035625,9.915937500000002,0.2428125
0.9862500000000001,9.925,0.20375000000000001
0.99375,9.91,0.28500000000000003
0.9409375000000001,9.9221875,0.2515625
1.0103125,9.9175,0.303125
0.9875,9.926562500000001,0.30562500000000004
1.0040625,9.925,0.29718750000000005
1.0084374999999999,9.922500000000001,0.3040625
1.00625,9.925,0.29156250000000006
1.0221875000000002,9.922812500000001,0.3065625
0.9915625,9.9228125,0.2984375
0.9740625,9.923125,0.2878125
0.9971875,9.93125,0.32156250000000003
1.004375,9.9203125,0.32062500000000005
0.9937500000000001,9.9259375,0.31781250000000005
0.9874999999999999,9.9315625,0.31125
0.9971875,9.929375,0.316875
0.973125,9.9303125,0.2975
0.9893749999999999,9.928125000000001,0.3075
1.0037500000000001,9.9221875,0.32406250000000003
0.9706250000000001,9.920000000000002,0.3121875
0.9865625,9.915000000000001,0.3159375
0.9615625,9.9096875,0.31062500000000004
0.9446874999999999,9.923125,0.30625
0.953125,9.920312500000001,0.29500000000000004
0.999375,9.931875000000002,0.31781250000000005
1.0071875000000001,9.931875000000002,0.29312499999999997
1.0081250000000002,9.9265625,0.3009375000000001
1.060625,9.928437500000001,0.32625000000000004
1.0734375000000003,9.9146875,0.3346875
1.0628125000000002,9.9153125,0.3275
1.05,9.912500000000001,0.36375
1.03,9.929687500000002,0.3196875
1.045625,9.923750000000002,0.329375
1.03625,9.92375,0.32500000000000007
1.08125,9.93375,0.3325
1.0659375000000002,9.9340625,0.348125
1.0425,9.939375,0.3325
1.0190625,9.929375,0.3071875
1.0078125,9.9328125,0.3075
0.9765625,9.94125,0.288125
0.9946875000000001,9.933125,0.3115625000000001
1.0121875,9.926562500000001,0.3059375
1.0184375,9.9340625,0.32406250000000003
1.03625,9.9240625,0.33875
0.9909375,9.925937500000002,0.35125000000000006
0.9909375,9.916875000000001,0.368125
0.95625,9.9334375,0.35000000000000003
0.9606250000000001,9.932500000000001,0.355625
0.96875,9.9328125,0.3621875
1.0,9.935625000000002,0.359375
0.9821875000000001,9.935625000000002,0.36968749999999995
1.0137500000000002,9.929687500000002,0.3803125
0.9721875,9.9109375,0.354375
0.9890625000000001,9.9153125,0.36406250000000007
0.984375,9.93,0.37312500000000004
0.9749999999999998,9.919545454545455,0.35727272727272724