-1.50953125,9.866328124999999,0.029049650953124992,2.039857860924,3.158667853871943,2.9059775582639005,-0.09753482176287429,0.0027659810599751076,1.7133599875123589
-1.261484375,9.739765625,0.1760004400625,2.2108518189559563,3.846421523808637,3.4638018055648288,0.21936462664141337,-0.08990821719870096,1.5461404880193554
-1.266484375,9.942890625,0.33635874125,2.0604393455355243,3.903015090995308,3.441091614361616,0.12524567889489088,-0.0681895671868262,1.5699267750944048
-1.13015625,9.842734375000001,0.240697068890625,2.1318668404912016,3.9750669638313463,3.4791075046591318,0.053753127565465464,-0.07921436632003147,1.622463861693101
-1.211328125,9.874453125,0.23707917520312496,2.180829247060389,3.824868014183984,3.398325983729414,0.07431910434412635,-0.027500242730556537,1.4796342442728225
-1.0908593750000002,9.992734375,0.23888814875000003,2.153527639182885,3.849120174396138,3.6479070462923056,0.2022758012501364,-0.019697350796100584,1.5846304366553283
-1.1290624999999999,9.876953125000002,0.27559923559375,2.0557413647134095,3.6694150927365436,3.342011530689078,0.05612409494249459,-0.031602843499559205,1.229486514364516
-1.1771875,9.820859375000001,0.43053067781250004,2.275322757839808,4.021959260450634,3.674938895208053,0.09527759189056621,0.13003411872329113,0.9749330375097975
-1.0880468749999999,9.86109375,0.26442627873437496,2.1527243127146436,3.6937193810860802,3.4769270577029423,0.16475265750628024,0.1080832235763498,1.3030696001564492
-1.1096093749999998,9.955078125,0.12556257328124998,2.205192877882139,3.945367733988365,3.215620070298883,0.16933208156547885,0.22359037862492626,1.355257411496082
-1.0684375,9.89734375,0.450322746140625,2.1380242184301257,3.7403988516381426,3.2210478820338113,0.10790643426901661,-0.22763299790412464,1.4213547700566251
-1.10359375,9.921875,0.342424057375,2.3246188311120894,3.791118063563175,3.397148834062299,0.1821804776989335,-0.10738030616408113,1.2449561429142055
-1.1179687500000002,9.94828125,0.46245338678125003,2.295681189543408,3.5544747566832484,3.2605596420196297,0.14527421368099547,0.05747827172853256,1.1686294680878124
-1.155390625,9.89484375,0.45755854903124993,2.218069579592153,3.580039713548711,3.239785651211077,0.33562485398001085,0.22452158991068835,1.1503829543456245
-1.117734375,9.79296875,0.420847471015625,2.0855392044249275,3.220732971549091,2.9870157743698362,0.1833080615352619,-0.04399647174918849,1.4129158161408797
-1.114375,9.952734374999999,0.46713535817187496,1.925869831887659,3.2663865056731054,3.1815879079843965,0.4036026713848954,0.015135685869314663,1.4868286586464228
-1.248515625,9.86375,0.6529254194531251,2.2410042704958997,3.438173570371339,3.3446316902406554,0.1297304250093552,-0.04365080110306404,1.3594189599523918
-1.1856250000000002,9.76140625,0.651010043828125,2.1445405794423666,3.602329266941174,3.2464313144835266,-0.26619473108426,0.05010969363858336,1.3517451183648967
-0.95296875,9.791875000000001,0.493950416015625,2.3821869414517907,3.745965277385123,3.345293186336526,0.010163997467994734,0.07347907296829213,1.2727759815315736
-1.025390625,9.886015625,0.709002918140625,2.3959010903858506,3.5233862307453405,3.673467529322135,0.23216592024074442,-0.20667912073649716,1.147467554344414
-0.950703125,9.941640625000002,0.48926843145312504,2.226772883426874,3.6459928297515356,3.332999891978521,0.2435328379190972,-0.02692602582023802,1.302940044162217
-0.8961718750000001,9.851875,0.5420472857499999,2.3361229637390633,3.7872206477012926,3.361287568384054,-0.06875869334458024,-0.02612335044243036,1.3016514208539711
-0.88671875,9.848749999999999,0.38935041098437495,2.2605824433978157,3.721688544867773,3.396613299907817,0.08926505925677729,-0.1258226069968653,1.4237203991851732
-0.9139843750000001,9.884140625,0.46468795240624994,2.1514302436997252,3.7756248504684105,3.3605821491391437,0.00876835798150924,-0.0032621671346725624,1.302505320650561
-0.879765625,9.969843749999999,0.575566106953125,2.4137860771655717,3.781249790160118,3.4155513960230715,0.23001528553613007,-0.065747072679702,1.2686704940558478
-0.8926562499999999,9.82375,0.4635174482031249,2.192538299400021,3.653490625415645,3.1937523159464303,0.1027065321151666,-0.04410552634630378,1.2052836684295765
-0.85765625,9.982656250000002,0.510124594234375,2.397346020985694,3.565879424396728,3.382677491812751,0.08580181561190035,-0.020376403207924366,1.157204337494312
-0.8730468749999999,9.905390625,0.5287461463125,2.409794972669404,3.5822470039644267,3.3124458418980613,0.21314564447795006,-0.1925536506847406,1.2042251192889222
-0.904375,9.825390625,0.6675034399687501,2.2960828566005627,3.4203965190328605,3.388944076917664,0.14818918365370348,-0.0962293230687081,1.2456425787846377
-0.8502343750000001,9.885625,0.539174234640625,2.242155932650171,3.674516284067197,3.439303230023067,0.2161802492848822,-0.01871127696413277,1.0514446577748136
-0.9104687499999999,9.83625,0.5720546075625002,2.2047512116502936,3.6094725636164626,3.3966668100108266,0.16682262430431902,-0.03823078557158601,1.3580975231647021
-0.8944531250000001,9.836796875000001,0.8191362353593751,2.243213309279288,3.497060134418657,3.5146760335728775,0.1378587887064739,-0.13058577830855955,1.504128623408134
-0.8900000000000001,9.926640625000001,0.540451144328125,2.28375,3.168317099952214,3.0965736649697,0.25741053863225954,-0.10093650346239884,0.9690245491019539
-0.883828125,9.856484375,0.7359244144687501,2.218834900169227,3.2831748139766876,3.112712297305107,0.10443929767555449,-0.24490236434034537,1.5859654655076603
-0.963125,9.958671875,0.45415346448437494,2.2417465812118462,3.2040356317984333,3.029276719459796,0.3113227490453559,-0.21119299624964125,1.3134714988949037
-0.9126562500000001,9.788203124999999,0.78678791284375,2.207434697637948,3.251273652738298,3.1734170473646417,0.014949669835108452,-0.18052457714243889,1.3386025595989919
-0.906875,9.894375000000002,0.6700572394218749,2.2428656857634164,3.6257595648187984,3.333658354052113,0.13024881706171682,-0.108895208509511,1.2082250789448552
-0.9061718750000001,9.919374999999999,0.655692055171875,2.205144595986618,3.212528149195739,3.098773972777098,0.40454175015817523,-0.018962695998060827,0.9253648142998316
-0.9830468750000001,9.685390624999998,0.8278617633750001,2.2408761395496035,3.382473877934922,3.258658827981074,0.3026855067051864,0.211971940890229,1.0238499649197057
-0.915703125,9.80546875,0.7731675491874999,2.3729483518642445,3.4314981375156592,3.097954314613682,-0.01396701417075906,-0.1829683350054993,1.3930187243325205
-0.9723437500000001,9.93875,0.6335590026875,2.5413082520300323,3.573359763583846,3.247223978281843,0.5352048325023248,-0.07957511361936606,1.403180231261079
-0.8875781249999999,9.7578125,0.7605048855781249,2.454540036497976,3.484545553561289,3.288921702219661,-0.14941718545926294,-0.15825939801938216,1.2836392288867848
-0.840546875,9.903828125,0.65707537178125,2.256253569454846,3.620190154081548,3.296864427321899,-0.029764375730821618,-0.14854615594093798,1.424242096671874
-0.8864062500000001,9.819375,0.561839333640625,2.3347021137526167,3.3347921482267826,3.0181884273519533,0.3148203079714134,-0.11285600530699931,1.461961722139988
-0.978984375,9.855234375,0.7678470943593749,2.2230682765618917,2.991289167327084,3.2360863643418045,0.34371219249941926,-0.11150226834617549,1.2486336598962502
-0.7150000000000001,9.781171875,0.5631162634843749,2.1770938197514593,3.495354645162488,3.357959779389084,0.14188198172312413,-0.14200031683581454,1.3083011129660962
-0.8896875,9.967500000000001,0.552368949203125,2.024126330628538,2.853980225054126,2.8788740338926377,0.46202187036314574,-0.07495283243700898,1.3612010214897177
-0.6884375,9.817656249999999,0.8817047036874999,2.0101397018848592,2.534663280267408,2.9018551283412557,0.2984232188067555,0.06981153931618485,1.182847074299331
-1.328671875,8.519765625,0.6513292978906249,4.412326726607401,6.762901381900993,5.072593489464186,-0.2539635543777125,-0.9061389070257251,-0.037554148993328096
-1.4812500000000002,8.833046875,0.4170167233281251,5.933743021904471,8.470184339658891,5.862804284928138,0.07743232002590188,-0.5096215156995587,0.2137495619155293
-1.32234375,8.247031250000001,0.723474539109375,4.957870870579017,8.021110950113048,5.4284240568045385,-0.028174492575742657,-0.4286838705126893,0.2002464857909594
-1.3989062500000002,8.631484375,0.8097722198749999,5.190881312812974,7.99308139207783,5.437087891104371,0.0974625611661219,-0.5091462605924075,0.2555512184281885
-0.9881250000000001,8.074296875000002,0.44468307942187496,5.230659128816845,7.87773024929232,5.151515496185726,-0.15448476487645804,-0.3587176415987281,0.2020545205705223
-1.04859375,8.58046875,1.1726268006250002,4.956770580222665,7.67208514064289,5.459547638608479,0.00440334643037857,-0.4549956792180884,0.2816329245473073
-1.3416406250000001,8.670156250000002,0.842865443546875,5.57179795618969,8.181008589293006,5.437136659463942,0.046041578799911186,-0.5284138243109849,0.3803529786898151
-1.3465625000000003,8.590781250000001,0.8160503559531249,4.5500690993207735,7.819722522388402,5.196180500249422,0.12355566825905577,-0.4754608321007951,0.3855944644812232
-1.4389843749999998,8.4340625,0.9056467075000001,5.57186554820339,7.973170581462167,5.375420169537921,0.03774076404676195,-0.4483721840862893,0.3489318679722811
-1.362421875,8.400546875,0.9405488374218751,5.530866617517682,8.248044873312567,5.041090919581533,0.17138432536105447,-0.4591942617268696,0.3606817950006413
-1.21234375,8.471875,1.1153787719531247,5.842646885773258,7.891863962136892,5.12316295508486,0.39354041314983745,-0.5032916600801403,0.35542932943932226
-1.3996875,8.247890625,0.9511897645,5.192685200341318,7.889689439818725,4.911996304656274,0.16756346230676739,-0.3916896108990171,0.37531008393523885
-1.39265625,8.653828124999999,1.0635576325000002,5.81684360343614,7.793916209243526,5.2198697071354925,0.0638306266034295,-0.6039264219379537,0.29277234956925763
-1.2077343749999998,8.15109375,0.768698345625,5.906489177014833,8.36525993641028,5.4320690811593995,0.25497210101894674,-0.4490835002568355,0.33619784330889035
-1.823828125,8.360234375000001,1.1666679371875,5.710404035767432,7.758151002417931,5.437217621092429,0.42275355063686465,-0.5266058706235224,0.041981946075784676
-1.856015625,7.9476562500000005,1.3188327334687502,5.761403548051972,8.045377116352963,4.879807397805616,0.36097994290008417,-0.41413107958519657,0.4189049008205474
-2.1977343749999996,8.502500000000001,1.19986752371875,5.509674901769919,7.944614724767967,4.742720632973659,0.30524758091338966,-0.4554150355882194,0.4408366897759094
-2.411484375,6.614453125,0.7956198947343751,5.175017827542322,8.319863919465735,4.856657271608442,-0.032545041638689445,-0.16205969173161705,0.49141855939862855
-3.2921875,8.20890625,1.172520410390625,5.061212326591698,7.60268653527889,4.784041105459588,0.21491769740128833,-0.4724475070311119,0.29310497403351066
-2.700546875,7.698593750000001,1.4419478983125,4.776953839234553,7.18307067154855,4.283213058294718,0.0036843984140729536,-0.30389669353607357,0.38946392991438344
-3.1480468749999995,8.416953125,1.423326346734375,5.1112211203931235,7.55730984694969,4.363114388017903,0.24732217296214104,-0.6039196421088731,0.3474595038529622
-2.886640625,8.173671875,1.467592462734375,5.205897988901588,7.453979942693969,4.1443713111186655,0.17106472195045178,-0.43721406094051474,0.5301405241283733
-3.070390625,8.094375,1.194440666734375,5.0743397665274745,7.572823919078999,4.583015053134053,0.15731577950954861,-0.38885156443293345,0.4061340191096755
-3.0796875000000004,8.32171875,1.516221377078125,5.358861810342169,7.595467512497071,5.362994611625385,0.2532873431948889,-0.5241476895797167,0.2511965631942024
-2.9510156249999993,7.790703125,1.3102136008593748,5.577974380297552,8.216532798228535,5.12133004356301,0.06115348037862924,-0.4493588507350959,0.5703059129590797
-3.124921875,8.031171875,1.134638820546875,5.414351443746193,7.928198843871097,5.057484897707503,-0.08676566560784374,-0.5548158503953372,0.34427919746416435
-3.28046875,8.542421874999999,1.47184884046875,5.546409291629444,7.399695068262711,4.722119550716021,0.2755922236489004,-0.7474427276796438,0.12861184487658955
-3.140625,8.31546875,1.2946778793281248,5.548177875156401,7.578110114353937,5.055324981783986,0.1580640917762151,-0.5594350171195197,0.307555549325504
-2.65703125,7.485625000000001,1.182522856453125,5.559797568169496,7.670658966762569,4.592292625941879,0.10259259220463102,-0.3548398504182151,0.2857522041278658
-2.55078125,7.611093750000001,1.244984900421875,5.4590368898413235,7.234478345306656,4.106685331906176,-0.10840801686830544,-0.22136005440713058,0.2782145439342592
-2.8225781249999997,7.924453125,1.3268134138593752,4.665583137135323,7.303871919292379,4.005582792941551,-0.014559560884014036,-0.2557079203401063,0.5408231889682256
-2.666796875,8.122265625,1.1260196755468748,4.499623931090268,6.483586996076582,3.90488620080538,0.019146336323844763,-0.2694209685592331,0.2332049126019705
-2.6785156249999997,9.21484375,1.0899470462031249,3.3422924603303135,5.164277687933322,4.013974139518402,0.2839569098520608,-0.1116387917617749,1.0845117216258715
-2.715390625,9.273671875,0.99524305215625,3.080181077860863,4.219796327855645,3.511133443453583,-0.1823022216648493,0.04102057032081358,1.2221269798689178
-3.162734375,8.354765624999999,1.28329213375,5.155792663785401,7.622656193550144,4.812437148298281,-0.0704345866004723,-0.6001901538184845,0.3034526138341214
-2.8550000000000004,8.078828125000001,1.12857348359375,5.485263638832686,7.978998960268073,4.7410518809347115,0.15390629601880892,-0.4855120906336792,0.34249248118236864
-3.2165624999999998,8.44296875,1.2361529647656249,5.001516713317446,7.556862708758406,4.627985350225723,0.047458428721018645,-0.44542882205952294,0.351294086616011
-3.195078125,8.51625,1.2145519607812503,5.208523062624998,7.703260876083583,4.927115231452189,0.13451291629630133,-0.480926618587682,0.30763905776613704
-3.1607812500000003,8.347109375,1.3019137135156247,5.375233368389547,7.540228170489081,4.5605475255365935,0.1654357520352207,-0.5296101019711593,0.30717990781031435
-2.7688281249999998,8.08296875,1.239132423671875,5.045274494064618,7.658945990573601,4.370496859750252,0.19458996479185645,-0.1017740125410915,0.31028431979078913
-3.19390625,8.470078125,1.0452552856875,5.241091285811662,8.017962305046494,5.144770074692727,0.41590913576426175,-0.6015572177538536,0.27611456168920523
-2.734453125,7.986328125,1.42822117171875,4.621091052276262,7.420161183295413,4.2500787490196945,-0.11879585750943804,-0.09826028621187066,0.5826382160738617
-3.1047656249999998,8.121640625,1.25817961375,5.085903153085828,7.959780616612471,4.75076226812183,-0.07317622379600883,-0.450794220076811,0.6221350871829375
-3.0828125,8.4190625,1.4470555475,4.847387817406789,7.7506307644019365,4.91395651641508,0.1793150863640649,-0.5541213873927537,0.03326188528018326
-2.68171875,7.941171875,1.392148513375,5.172167266571958,7.547183003144881,4.312433261721184,0.06201549063637671,-0.3877741592073871,0.31898184390628115
-2.82078125,8.385625000000001,1.3603322313281248,5.312444942269844,7.697911826227617,4.342336712035269,0.0938327938202224,-0.4406238178936342,0.15475994590463887
-2.109140625,8.9384375,0.21654225518749992,4.672706494123573,7.394940039215582,5.282742691720457,-0.15176202432983207,-0.5018080335291943,0.45192842230246705
-1.9190625,8.029375,0.6562240806406251,5.371416456214669,8.628377576889816,6.002243847355811,0.24303940879290162,-0.4551541964954053,0.21319284845284558
-2.306171875,8.760078125,0.8601036501250001,5.167404619507648,7.842929488567807,5.602838795927629,-0.13065370214391134,-0.5476225459786854,0.16274554704083624
-2.430703125,8.365234375,0.7161323474218749,4.787625028327222,7.577388646167514,4.9332370260363545,0.22176242923175662,-0.3730422414135905,0.28587338883178515
-2.8870312499999997,8.386953125,0.9969456174687499,4.74228721837084,7.908894770940042,4.467301804372566,0.2941974973092079,-0.40696523366527115,0.5031130783557607
-2.9341406249999995,8.758515625000001,1.4716359845625,5.1824251573442535,7.355794918999635,4.492149828660087,0.35084161642008416,-0.36067383838208505,0.1337880724563799
-2.7838281250000003,8.582734375,1.0442975950468751,4.973473717052196,7.400724491017305,4.434448931577979,-0.06666657478234432,-0.2857499382379175,0.3667800203790594
-3.114140625,8.503671875,1.026952931046875,5.205851054244119,7.439104750309945,4.494041839991672,0.1397994480417266,-0.39165141577576335,0.07365491204531706
-3.0259375000000004,8.483515625,0.971726682609375,4.850133122770317,6.9160958764053335,4.171236212810254,0.1599247802975812,-0.36953842017493427,0.5567191829024404
-3.093203125,9.352343750000001,0.93171691096875,2.8129413358156325,4.2515086448031525,3.5354652283506898,-0.05065680236478223,0.036280850093084356,1.2383891180314082
-2.84375,9.3446875,0.978643264015625,2.662166939262074,3.8651821062976772,3.4232192946215805,-0.3172449779766833,-0.0865790798679934,1.2366498150302798
-2.8453125,9.313671875,1.206784088765625,2.708621633293168,3.9019251800981505,3.4057654641861648,-0.11083090681706377,0.026667194369597188,1.388367408214286
-2.5653125,9.386328125000002,1.203272603078125,3.1195359574532477,4.292271738087418,3.5623481339376766,-0.5595081211781648,0.06498517005305574,1.194867806368682
-3.110546875,7.912890624999999,0.8776611598124999,5.625313367464762,7.6422098972114805,4.21851271452766,0.19100712642047915,-0.3407265913890755,0.19199834217985767
-2.999453125,7.503124999999999,0.9047954560937499,5.5956868586151005,8.163227642720432,5.36154070122673,0.06263721522300264,-0.33946029707056785,0.6911592038206776
-3.1469531250000005,7.641718750000001,1.009821087953125,5.315001698993401,8.40664823493278,5.075829086379508,-0.1520899275440588,-0.3827689703581857,0.31768395391022264
-3.4597656249999997,8.562265625,1.285633099328125,5.230938082822083,7.575288692399344,4.756471057074116,0.23069455768736052,-0.4915970118186871,0.28548472211238746
-3.3403124999999996,8.468515625,1.057917937421875,5.18394998069462,8.016701617740356,5.031335737267584,-0.087537292950588,-0.5268661246078137,0.3175469296651356
-3.279140625,8.521953125,1.218595468953125,5.268795525803275,7.761781272945839,4.997767211989708,0.050268088959293376,-0.4180032893196254,0.41206393997860735
-3.103046875,7.39578125,0.834139867734375,5.237334507915523,7.861874041992052,4.894576051814018,0.06998166461679442,-0.35020631282778497,0.38674502868091437
-2.88171875,7.06296875,0.831160431953125,5.982096741185187,8.011471400374806,4.677834557401091,0.012168002490266202,-0.18431075002784317,0.5651412645228441
-2.514609375,7.786953125,1.4429055810312499,5.746986153403548,7.7915180804386726,4.746304222504017,0.08869049207866249,-0.36996854153696795,0.20939500760058075
-2.7321875,7.69546875,0.83637449528125,5.87362616084338,7.6081445729411215,4.875400619164918,0.19679524360098544,-0.4714893741342822,0.05772205096737789
-2.8039843749999998,8.85859375,1.335006901828125,3.61628096682294,5.063205002511841,3.957269607837383,0.22715848922471074,-0.3480914820562905,0.8070142336920154
-2.8551562500000003,9.157890625,1.450034997296875,2.730648098544728,3.777083790014078,3.4227962393380325,-0.13977549989325638,-0.022543325648394775,1.0910247995817408
-2.8099218749999997,9.251796875,1.326174972796875,2.5295004744309666,3.5426754176738005,3.373884451843577,-0.11037220951984522,-0.15605622445419115,1.1692296209554447
-2.791640625,9.124609374999999,1.351713081734375,2.7868874824074994,3.579531197993965,3.4628112810485385,-0.2714785132211603,0.08919131868338799,1.2433104841967466
-2.9848437500000005,7.64390625,1.4005548349687498,5.0408496903385185,7.2953353283938185,4.473054821035678,0.12900450636820363,-0.2652493131527189,0.25172102878315167
-3.028984375,8.126562499999999,1.23285428640625,5.427586485930543,7.70906664234353,4.708660285068403,-0.08506497376568166,-0.3267103841549812,0.46465715142517305
-2.904296875,7.681484375,1.031422125890625,5.581444801134849,8.064434369680297,4.9162008359795974,-0.06620014855866686,-0.3292459273523405,0.25757321298057495
-3.2896875,7.885937500000001,1.409067552890625,5.335095467969037,7.923412837666213,5.0250710664653075,0.06968525311782642,-0.49183017704881743,0.537138156573908
-3.23953125,8.33984375,1.152728347828125,5.177639704080754,7.937002148203435,5.466042248776214,0.12952095365718497,-0.5485033684180209,0.23235974146376076
-3.01640625,7.923906249999999,1.6472108123124998,5.675483835979179,7.418005042038657,5.035169077710248,0.3179900998147194,-0.6527801033882816,0.2967373801006383
-2.93234375,7.508828125,1.3204288404687499,5.523795044562745,7.91733241268541,5.372068361242238,0.03418733912396549,-0.46828455488659826,0.3971424980727715
-3.123203125,7.98640625,1.4984510680625003,5.800419965074964,7.679901807475207,5.115724653961202,-0.07491197735978672,-0.6040152092591654,0.4141373803894817
-3.2600781249999997,7.870156249999999,1.383635794796875,5.548866508138981,7.772640315593275,5.155421233000236,0.1511308608117402,-0.4395754140964898,0.4464640702721845
-2.9172656249999998,7.664765624999999,1.728826484296875,5.500888524088028,7.760838989443625,4.923276827292933,0.10268882788507047,-0.5229518542249879,0.2735467241912806
-2.618125,9.052109375,1.3869344755000002,3.7327908773965626,4.758468216694014,3.7706153627868435,0.14924987375402424,-0.005709299570494153,0.6996842556626232
-2.9178125,9.21390625,1.3508618204687501,2.472970423366149,3.3076568921535583,3.238446844868463,-0.21587949679035506,-0.08244502880982707,1.0998252201132466
-3.0443750000000005,9.277578125000002,1.2672243869218751,2.5159260689406198,3.0133522513591875,3.063881270301055,-0.34785341213270177,-0.1632598956764843,1.2928292505371723
-2.756640625,9.104453125,1.469933461828125,2.3096344669340234,3.023133930779074,3.004180108346573,-0.2794793057076129,-0.014106611219868835,1.1504146727158129
-3.032265625,8.345390625,1.5762360104375,5.139378946983124,7.167928233451567,4.578430804100905,0.4424985704163112,-0.432416860989992,0.4205630768501115
-3.121328125,8.215078125000002,1.217424978234375,5.270137772614107,7.8264394638556105,4.898909609342453,0.14420672713839788,-0.4498199894002215,0.5470404212484078
-3.4025000000000003,8.581953125000002,1.0454680929375,5.271533665594862,8.10666479842683,5.0958362470567735,0.37475981119938695,-0.43726147392592934,0.2270598737398892
-2.98765625,7.522578124999999,1.5305865787656252,5.015860700750763,7.922101820825171,4.795243234222716,-0.2608136262802493,0.020727743228714127,0.6526818235670011
-3.131796875,8.21828125,1.3092559184375,5.221223879751781,8.052497973200518,5.500417573232939,-0.2695663267262892,-0.4855808370088259,0.4368824468321971
-2.5503906250000004,7.795624999999999,1.48014872796875,5.13157465512898,7.729698384114028,4.851834880089113,-0.0363287166252845,-0.324836902794358,0.42094887226386307
-3.255078125,8.066328125,1.2442400393750002,5.33928117178675,8.106533714300088,5.404941784885991,-0.005005576085336382,-0.4820757109994768,0.5081993400363441
-1.495703125,9.232421875,0.87074457128125,3.4392233597303963,5.204158004977509,3.1511145999647434,0.0009739921178685542,-0.7185838290159026,0.3147127065078098
-1.2015625,9.268359375,1.94281493421875,2.0345279080400323,3.2151561921000993,2.323533228271619,0.622549729886634,-0.27892275443546694,0.5082106694037403
-1.288125,9.172421875000001,2.062631409953125,1.5972465321217637,2.718278909212865,1.9232040911489463,0.03234673354419411,-0.23443320744542,1.1080121886639298
-1.3736718749999999,9.290390625,2.190535000578125,1.6928036429497617,2.3100491750527974,2.451900314141743,0.08490364645113062,-0.1976719235577407,1.421053522404758
-1.336640625,9.248125000000002,2.148503448,1.4764940935708513,2.3227572348127556,2.169397325618072,-0.01645809582210007,0.23749972320795693,0.7726032216018428
-1.239140625,9.184609374999999,1.9919758553906248,1.380155124514853,2.075993324871761,2.0848644003931387,-0.33881361840273144,-0.13227533249868703,0.7966245443782553
-1.40890625,9.06109375,2.43389228296875,1.1780487272226634,1.9522760092289557,2.200826066263282,0.00794114801217444,0.33797539542909916,0.8494062196330306
-1.2789843749999998,9.354296875,1.8783310809374998,1.108224114182623,1.8844473176810317,2.075970549797642,0.5972826576918966,0.21772976463335486,0.6133074439768886
-1.358984375,9.20640625,2.31216043684375,0.9081831449415142,1.8917475941469932,1.9045844459494086,0.5604324670904957,-0.15250554737405123,0.7723146225224262
-1.23,9.133203125000001,2.2543803776562497,1.148599010751794,1.7812438305128901,2.275979073147804,0.5759241730316497,0.23422023524290475,0.7134342251371203
-1.318046875,9.13859375,2.2728955320312503,0.9981013683753441,1.9037437353701097,2.0704874782981775,0.12073972282064878,-0.09602946594301023,0.8879070515044806
-0.38484375,9.491796875,0.34029587981250004,1.4847926961653393,2.360820644392588,2.842610318237445,0.06210904668565728,-0.5526034507557276,-0.14591629444759902
-0.9222656250000001,9.708828125,1.6021998183125001,1.612740880672825,2.9410392564464325,1.580750758893208,-0.339474594664866,0.39781118090690654,-0.2258413304210859
-0.833359375,9.654921875,1.881416943359375,1.566748363123322,3.3770042650841416,1.6932009891566253,-0.049650094141967374,0.4883056041857111,0.15547936624276845
-0.9081250000000001,9.612734375,1.6397621684218753,1.7846208236975718,2.9387666723377954,1.5611053944614235,-0.8067789271089078,0.4124079652900819,-0.07428458068169395
-1.05296875,9.722890625000002,1.335219716296875,1.8200435088270381,3.4007460469045774,1.898806937258145,-0.4563080355270547,0.3830758489053738,0.05562189623780527
-1.166328125,9.618125000000001,1.534842942234375,1.7253382236778922,2.976788262435708,1.6354316891128258,-0.11921619464033154,0.32638259326011193,-0.0909626165489087
-1.148984375,9.655703124999999,1.6275251465781249,1.7675551794090785,3.0636188475584287,1.5537180660704488,-0.280009639639363,0.4059788933483344,0.30179248273189896
-1.0040624999999999,9.618671875,1.8484301658125,2.0121701738654587,3.604603040534975,1.9057182448472736,-0.21661470494259788,0.1403859686689215,-0.10133665643758935
-1.521171875,9.600078125,1.8759900893750001,1.6984918039128079,3.5989118355617555,2.2160540830471502,-0.4623381571598238,0.5005673359935037,-0.010220611718688042
-1.7934375000000002,9.223671875,1.98282467303125,1.899908894814104,2.8550243188253206,2.2720240638679674,0.3807429715310047,0.088472639586127,0.784682659764816
-1.7625,9.1715625,2.108068028734375,1.3413938646050234,2.5057176608895406,2.028205367218877,-0.474794197907162,0.088439932151135,1.4841013639499818
-1.82453125,9.158515625,2.4437883170781247,1.5445179564425393,2.4933019929163933,2.155224755430571,-0.010554205592732544,-0.07371990984368502,1.140237356653514
-1.7728125000000001,9.033515625,2.229161435828125,1.4330201594338268,2.083926428435241,2.3724179591027283,0.11979994374672631,0.04458093410928486,0.8627721458996837
-1.661875,9.157734375,2.216817997484375,1.2181355823039568,2.110380673170923,1.9617414276760528,0.1759650563738294,0.0016123738675508192,0.8668022944915879
-1.684765625,9.1340625,2.191705480453125,1.2183903090013313,1.9118378909033449,2.1228218377034045,-0.08764275538133179,-0.024056893803593646,0.7611528265106366
-1.5867187500000002,9.139375,2.2178821021875,1.0146806065942313,1.6642461459697,1.935194972895205,0.3197100156016941,0.40956382165493177,0.8851498900865672
-1.6130468750000002,9.205234375,2.2387382382500003,1.3563292365066582,1.8649128518695877,2.208801869210985,0.5097824586024267,-0.1897842789800506,1.0810021912794654
-1.754296875,9.135625000000001,2.2624674432343754,1.1664112184882458,1.7129605904325411,2.0626131298257113,0.12154904128865371,0.3863007900143394,0.3672695058725329
-2.12109375,9.262656250000001,2.20170794171875,1.1989762784187756,1.9610832801887679,2.048485697965036,-0.8190945571009685,-0.250208762805938,1.4253941142413542
-1.40546875,9.159921874999998,2.06241859109375,1.808151187753236,2.8488225353023457,2.4076917923829484,-0.006185991007580153,0.47793601339681446,-0.8640463852995742
-0.74296875,9.540390625,2.070399270453125,1.6787306213396591,2.8977106810656768,1.809208206632905,-0.03654682561955396,0.4539848067076767,-0.09061719670856698
-1.07765625,9.684609375,1.4969613524374998,1.5875051596249812,2.6118055004942673,2.1663314904773605,-0.22633584222940917,0.20271943094029976,-0.17868351018571577
-0.9885937499999999,9.645703125,1.804270435125,1.579338139842427,2.8811921587452707,1.7297187536943,0.05511266035867175,0.5010586419364261,-0.11912976391201766
-0.9334374999999999,9.511875,1.9141908893593749,1.5647605834739542,2.7812639746839922,1.731963664866628,-0.4216892957758242,0.4767164840211186,-0.21607140675575542
-0.991484375,9.629609375000001,1.6258225975,1.71266289820293,2.857023801731814,2.0130313221472877,0.17696104050892067,0.294871323538139,-0.5757017051950047
-1.231640625,9.67453125,1.68466675125,1.7545177299188541,2.8663115615322483,1.7081583454775238,-0.21496615028426722,0.4364349201451205,-0.016649949353142453
-1.08828125,9.653046875000001,1.7332956502343753,1.833536162282718,3.7008541156471884,2.0008734108060637,-0.3934885700648295,0.15869944252634763,-0.008723774362675504
-1.2248437500000002,9.1553125,2.340784451875,1.6641190351311825,3.5271974395182006,2.35888409265486,-0.08006727880661538,0.29527506882910415,-0.7773939398001906
-1.431640625,9.359296875,2.27098016296875,1.6809956951460672,2.7026009415681838,2.05296421830673,0.051939226112035275,-0.16886657877980193,0.7929246860277567
-1.5037500000000001,9.047265625,2.69225326253125,1.5153439172346321,2.2244355726663247,2.1398900600509627,-0.20476346031470866,-0.06462748057978845,1.348970584352644
-1.3904687500000001,9.2015625,2.1747864486406248,1.3997258991579165,2.16940027625004,2.399410576655418,0.9182304717658166,0.10566284230469028,0.37404495108154917
-1.168046875,8.87953125,2.9265658001718746,1.2566050857579458,2.065984125126192,2.333952576548477,0.5155418319501742,0.011117866948055471,0.9246545146392954
-1.539609375,9.0153125,2.92486327578125,1.216252827812585,2.3301351011998745,2.1470776098377113,-0.1313122693908194,0.17361684973265484,0.8311396873616484
-1.33265625,9.422109375,1.973247875390625,0.89659031577189,1.3189085522837092,1.8066593451927166,0.33125883855447297,0.07200552157504694,1.0826099751342406
-1.4614062500000002,9.02375,2.8094095360156253,1.2563306779908454,2.1793831552758225,2.1574144824105623,-0.5415496804737602,0.04115312507950495,1.1687957239822326
-1.54125,9.360078125000001,2.088914409828125,1.0262857789134565,1.5919040761448173,1.7926253404360701,-0.05740044965577634,0.1384647591099321,0.8617454501019258
-1.260703125,9.117734375000001,2.5283834450625005,1.055072704539945,1.8076617384603124,2.076647935027198,0.3032102495214339,0.30962402798316424,0.7086296698646706
-0.969296875,9.523359375,2.105833459265625,1.441082591965233,2.5918171344347596,2.0028195549449928,-0.08552646923170926,0.5527849006265221,1.1726704468637545
-0.871484375,9.608671875,1.814379300046875,1.4879437835082543,2.8674872959324484,1.6840845909055084,0.2500818945872779,0.762536174346344,-0.3983736477192772
-0.847578125,9.70921875,1.6904128334218749,1.6178398725681984,2.670425589142756,1.6373699772170998,-0.40778737340126203,0.723686982637655,0.22979684210762372
-0.936953125,9.6096875,2.297369588875,1.7020716047812838,2.9401857236990576,1.8470659398402525,-0.1695665239258618,0.6207929393136744,-0.28030321469666014
-0.92234375,9.578515625,1.714567670046875,1.7001808196000616,2.834264424481396,1.7522163580953705,-0.01717792657237027,0.5617290631819033,-0.023441289351890784
-0.9120312500000001,9.698203125,1.734998203625,1.589998211169886,3.1097664787713937,1.8739104257305685,0.03613070179914658,0.36507119690762174,-0.11392895916442791
-0.94734375,9.708203125,1.5835782521250001,1.6697826787746772,3.151424636571567,1.8910541227926219,0.1393272178968359,0.6612354618177003,0.14230247532908746
-1.120703125,9.681718749999998,1.6729617727187502,1.7304141409978233,3.4112104040792377,2.463033291266312,-1.2232474653506198,0.4720231114953497,-1.5236053065419852
-1.2536718750000002,8.438828124999999,2.901134064765625,1.9802429897828155,3.927613902926175,2.2166900210521567,0.7808224561869825,-0.6248429085762786,1.3585693810608388
-1.554765625,9.030546875,2.689167400234375,1.6184729322940066,2.7905194712952164,2.4102404348627675,0.003637028222621195,-0.21052061727343546,0.7290072578484412
-1.421328125,8.99296875,2.976258788015625,1.6036907486588505,2.4896242058839797,2.474111411497122,0.36131536427263194,-0.25236810423158823,1.2806273679936153
-1.58875,9.070234374999998,2.7152376151093747,1.0645179366736852,1.7129025370167328,2.096291260847061,-0.09890726101428611,0.14640947845307067,0.7953217060967778
-1.611953125,8.975234375,2.951678334796875,1.251668298333362,1.9619780216833111,2.2466454058522323,0.4935949647878958,-0.4021074035901561,0.9145215957827924
-1.15921875,8.989374999999999,2.856548696328125,1.1452562550138887,1.85143641448336,2.425106101390492,-0.3099226149118389,-0.31581109315685185,0.9519183309099064
-1.61671875,8.725859374999999,3.05319247015625,0.9515678750874461,1.8653763558527832,2.1213211629524014,-0.05423330742336061,0.07675643014394805,0.7889852282020309
-1.4895312500000002,9.026796874999999,2.64202823875,0.97522662380261,1.6179399196942494,2.2455505739288166,0.141338582348747,0.0476364325476111,0.6853427170838621
-1.729765625,8.830859375,3.1350209728125,0.8850454303697406,1.8392185956880192,2.0409058851868074,-0.2003323969162541,0.05832471202784208,0.8659190883734574
-1.293046875,8.819218750000001,3.070749960234375,1.025877336869635,1.8005917470788424,2.5153262695904677,-0.22105806522642665,-0.3533165933081733,0.6674568997197315
-1.52859375,8.925859375,3.021589031953125,0.9986825183515217,1.9730126580877807,2.1452584524277705,-0.34552240996543515,-0.07982238654759548,1.135401324251661
-1.29546875,9.60234375,2.058375049953125,1.70699794017844,3.1896378821640456,1.769177791105012,-0.5380023843171108,0.11314076264257232,-0.09530799750429494
-1.403125,9.456328125,1.827680422140625,1.4918014225676957,2.6894730754525105,1.6322240430267796,-0.4307590164821017,0.47328508813041037,0.11343337445382226
-1.327734375,9.527265624999998,1.880778486796875,1.6856361071397823,2.8848656042255,2.004394831698748,-0.27473917529070807,0.48638757104360564,-0.7229963142746496
-1.516015625,9.6746875,1.71243949415625,1.4101713879900768,2.808263180302685,2.079235480696546,-0.3417212857728321,0.6667888630127129,-0.5537205293806577
-1.449453125,9.349609375,1.783095059328125,1.4624323214008004,2.847399417216016,1.983286312624442,-0.3245813401277471,0.7950597383674795,-0.09964516388411246
-1.378984375,9.52765625,2.177340263046875,1.7542986667770855,3.1955248210326794,1.9988938570584176,-0.19421478505511133,0.6584276583156945,-0.41211785981589316
-1.35734375,9.547890625,2.000914188703125,1.6028482872174576,3.0701808406488222,1.9059032423159927,-0.4941322336818548,0.4785998679324855,-0.040581016551764264
-1.31046875,9.537343749999998,1.691370515,1.7835024615271595,3.482232016873077,2.2688552109768416,-0.1158677764042264,0.3624752644953632,-0.2595567324849953
-3.5417968750000006,3.3921093749999995,4.884171570234375,2.130976681005739,6.316180319765032,3.3469343428434186,0.8122485148682745,0.48774835563619434,-0.7352564744152915
-5.1185937500000005,-2.231328124999999,7.767428882812499,0.06503285677976559,0.04448263519604434,0.04373696077118668,-0.06760802496948795,0.19992707419040331,0.19242025764547618
-5.003749999999999,-2.270625,7.848512560937499,0.06558629811172434,0.0403451902337812,0.06391881286954611,-0.6545503048082126,-0.13720240582215726,-0.5282048241509485
-4.962187500000001,-2.2762499999999997,7.905547849218749,0.03826179352500335,0.025217801252289975,0.029812016748997243,0.30504000862036096,0.20533640606996448,0.5589883131741207
-4.908515625,-2.254843749999999,7.875859693749999,0.04487987166714465,0.0369117269433102,0.0365451560139553,-0.13132275877145055,1.0145187103994187,-0.4361347532846867
-4.874921875,-2.2512499999999993,7.881286559374999,0.040214193967856394,0.030796712486887146,0.02806541519066829,-0.43718541606141975,0.014844649158081709,-0.05369794988433654
-4.913359375000001,-2.273671875,7.9494947499999995,0.05840694179298703,0.03346806065466555,0.04207001142802568,0.8382514018450496,0.3094106013970495,1.4047279253263427
-4.8628906249999995,-2.2587499999999996,7.947792184374999,0.03810250040495215,0.02869560070812236,0.03464004842872303,0.22110965051966935,-0.04612307737441237,0.12941536118007912
-4.530312499999999,-2.191484375,8.14709638046875,0.2013855812707305,0.07343247156986733,0.12184151882922498,-0.7927101865738675,0.8992320183416419,-0.6307848643131861
-4.428203125,-2.2578125,8.228393148437501,0.04106841840434542,0.035110039073603876,0.03505764237787734,0.10607711102533131,-0.17560170246315993,0.07592382767691182
-4.412421875,-2.2728124999999997,8.2395661328125,0.039740291537485956,0.026894978039589425,0.03245158545514616,-0.6483427467402892,-0.2875122135636327,-0.0148874057980983
-4.381015625,-2.2800000000000002,8.25276084375,0.03254419696135365,0.02645751311064588,0.03332067950200851,-0.9088513324044538,0.4859543224404723,-0.6592259846328582
-4.361953124999999,-2.2771093749999993,8.239140421875,0.0710749889393898,0.0409678292945742,0.047428343342155406,-0.29577721450110833,0.668200570699026,-0.13116405372698944
-4.323515625000001,-2.2631249999999996,8.235522578125,0.05437988259328431,0.024803918541230447,0.03645955128388175,-0.1309409027396327,-0.34086396029357735,0.09689042290758036
-4.279296875,-2.256874999999999,8.225626515625,0.03480264882497276,0.026743866119168198,0.03553434476737424,-0.912965063432244,-0.090748004576804,0.014173834235929663
-4.2846875,-2.259687499999999,8.247227578125,0.0648428087281081,0.025737178239853598,0.03305729359872047,-0.4761519378670522,-0.007099372832225984,-0.4537954793247648
-4.280078124999999,-2.2446874999999995,8.2890463125,0.03947895194257794,0.02877546426645434,0.030005746451916775,-0.12141186806520199,0.41432764073392714,0.10361732040044991
-4.289374999999999,-2.2418749999999994,8.324693054687499,0.039046246618593225,0.02639099041339659,0.037186015925703836,0.11995767603618776,-0.3169420237028244,0.045668334368183315
-4.320078124999999,-2.231015625,8.3486348515625,0.05928606620854844,0.03379256213812984,0.04201001275032712,0.231788775496354,0.6463327488519444,0.2500852027647982
-4.260625,-2.229609375,8.30990223984375,0.05928941199742166,0.10385839475992958,0.11058971403556564,-1.1355101719918808,-5.893242282109107,-5.651349593049185
-0.383203125,9.4809375,2.5629663851562494,0.28130536564423075,0.1380411934668415,0.16148253753825836,-0.37726217238607845,0.39359104905643527,-0.3131321309721377
-0.7409375,9.3959375,2.7679100296874997,0.26727337801163437,0.10843659941989137,0.12194224386921251,-0.34036148895440904,0.006984007660947897,-0.16896399594857917
-0.918828125,9.412578125,2.6841662015624994,0.08006463300974016,0.04594912427331307,0.06361644126473051,0.14555358628417606,-0.10496312955164307,-0.5026794761574912
-0.7872656250000001,9.436953125,2.66299081484375,0.13484780103271754,0.06875634736323884,0.08288403971455119,1.0695371323266278,0.15617539821289222,-0.6442107981737446
-0.831484375,9.427734375,2.6677791945312497,0.22607759261116386,0.11725516275780501,0.1396850587287615,-0.4191323706056843,0.20653153437543825,0.5300061630992963
-0.712734375,9.446953125,2.6639484890624994,0.11373430416263766,0.06885853471236775,0.10090392291407027,-0.987156303305334,0.1090705496356534,-0.8528864633323726
-0.787265625,9.411796875,2.73588094296875,0.08555622095066714,0.05160598308563032,0.06281831313082431,0.14291837678287986,0.05028849842294944,0.30150456013931104
-0.9207812499999999,9.401328125,2.7386475648437494,0.11182861730539953,0.0495979317510757,0.062071244781597285,0.48566809665598976,-0.0708118742982988,-0.4868247522592754
-0.993984375,9.395234375000001,2.725878482812499,0.12149678393216579,0.06577619302117875,0.09415496441035061,0.5495983187750979,0.30912647890041184,-0.8613784222856824
-1.1253125000000002,9.468203124999999,2.3806878125,0.3343789427337643,0.10530783442002002,0.30516232071146654,0.8622734770604554,-0.31738936087840036,0.6948588089015637
-1.401953125,9.528046875000001,2.03783812578125,0.21454551743798886,0.0869092431950385,0.17466736803624108,0.12420301659947174,-0.44471513947653946,0.36827427824030007
-1.2946093749999998,9.489453125,2.29928496875,0.217765292028159,0.12495817171251483,0.1897152165869205,0.3233726259804495,0.31285025996196153,-0.4943562611972931
-1.328671875,9.425625000000002,2.5118900484375,0.141528326966669,0.0857389752388024,0.09080496778112729,0.7833120615048619,2.4055292033193325,-0.07872525102004392
-1.301875,9.432031250000001,2.49380052265625,0.12321063012175533,0.06069080674564712,0.07574764231132282,-0.5937218087663342,-0.3375306367339178,0.4636692844422778
-1.3514062499999997,9.442968750000002,2.4305936046874996,0.1153035015120421,0.07446013378605683,0.09777194636446389,-0.07936300005570215,-0.41485476045472436,0.42077156456840986
-1.56,9.425999999999998,2.59876232,0.4831148931672465,0.3642856022408794,0.35406611924571024,0.003458703468771053,-0.747527428887391,0.9343429510165464
