3,49
49,3
3,51
51,3
3,97
97,3
3,103
103,3
3,160
160,3
3,162
162,3
5,106
106,5
5,108
108,5
6,66
66,6
7,73
73,7
7,112
112,7
7,122
122,7
7,131
131,7
7,152
152,7
11,34
34,11
13,87
87,13
13,118
118,13
14,132
132,14
15,49
49,15
15,158
158,15
15,577
577,15
16,128
128,16
16,149
149,16
16,176
176,16
18,35
35,18
18,46
46,18
19,38
38,19
19,56
56,19
19,103
103,19
19,581
581,19
20,39
39,20
21,38
38,21
21,170
170,21
21,196
196,21
21,406
406,21
21,411
411,21
23,66
66,23
26,43
43,26
26,47
47,26
26,110
110,26
28,87
87,28
32,135
135,32
33,44
44,33
34,43
43,34
34,156
156,34
35,46
46,35
35,82
82,35
35,132
132,35
35,169
169,35
36,38
38,36
36,101
101,36
36,141
141,36
36,148
148,36
36,536
536,36
39,84
84,39
39,92
92,39
39,193
193,39
40,168
168,40
40,172
172,40
42,78
78,42
43,148
148,43
43,400
400,43
43,430
430,43
44,48
48,44
45,135
135,45
46,82
82,46
46,115
115,46
46,132
132,46
46,147
147,46
47,173
173,47
49,103
103,49
49,122
122,49
49,162
162,49
49,185
185,49
49,577
577,49
50,55
55,50
50,193
193,50
51,163
163,51
51,407
407,51
52,70
70,52
52,113
113,52
52,164
164,52
52,436
436,52
53,70
70,53
53,102
102,53
53,164
164,53
53,193
193,53
54,58
58,54
54,91
91,54
57,193
193,57
59,117
117,59
59,138
138,59
62,93
93,62
62,101
101,62
62,466
466,62
63,197
197,63
64,103
103,64
64,126
126,64
64,194
194,64
67,177
177,67
68,145
145,68
68,157
157,68
68,166
166,68
70,74
74,70
70,109
109,70
70,164
164,70
70,413
413,70
71,116
116,71
71,150
150,71
72,90
90,72
72,136
136,72
72,139
139,72
73,75
75,73
73,77
77,73
73,112
112,73
73,116
116,73
73,122
122,73
73,152
152,73
74,109
109,74
74,164
164,74
74,168
168,74
74,189
189,74
74,435
435,74
75,77
77,75
75,116
116,75
75,189
189,75
75,462
462,75
75,497
497,75
75,544
544,75
75,577
577,75
76,140
140,76
77,102
102,77
80,90
90,80
80,111
111,80
81,150
150,81
82,132
132,82
82,147
147,82
82,157
157,82
84,92
92,84
84,113
113,84
86,582
582,86
87,114
114,87
90,96
96,90
90,111
111,90
90,136
136,90
91,122
122,91
91,131
131,91
91,158
158,91
92,100
100,92
92,107
107,92
92,113
113,92
92,117
117,92
94,159
159,94
94,195
195,94
95,114
114,95
97,460
460,97
98,107
107,98
98,117
117,98
98,142
142,98
100,107
107,100
100,151
151,100
100,170
170,100
101,140
140,101
102,164
164,102
102,407
407,102
103,160
160,103
103,162
162,103
103,187
187,103
103,190
190,103
103,194
194,103
105,168
168,105
105,172
172,105
106,108
108,106
107,117
117,107
107,197
197,107
109,153
153,109
109,164
164,109
109,189
189,109
109,190
190,109
109,405
405,109
109,406
406,109
109,411
411,109
109,435
435,109
109,455
455,109
109,531
531,109
111,155
155,111
113,406
406,113
115,146
146,115
115,157
157,115
115,169
169,115
118,175
175,118
122,152
152,122
122,407
407,122
122,411
411,122
124,126
126,124
126,194
194,126
128,149
149,128
130,445
445,130
134,162
162,134
134,185
185,134
139,196
196,139
139,198
198,139
145,166
166,145
145,184
184,145
146,169
169,146
146,189
189,146
147,149
149,147
148,400
400,148
151,406
406,151
152,407
407,152
153,435
435,153
153,476
476,153
153,483
483,153
153,581
581,153
157,162
162,157
157,166
166,157
158,163
163,158
159,195
195,159
160,162
162,160
162,185
185,162
164,188
188,164
164,406
406,164
164,407
407,164
168,172
172,168
170,196
196,170
170,406
406,170
172,184
184,172
179,575
575,179
187,190
190,187
187,474
474,187
187,577
577,187
190,474
474,190
196,198
198,196
196,411
411,196
196,583
583,196
198,411
411,198
204,566
566,204
205,501
501,205
206,444
444,206
206,531
531,206
206,541
541,206
206,560
560,206
206,562
562,206
206,570
570,206
213,226
226,213
214,215
215,214
214,234
234,214
214,247
247,214
214,249
249,214
214,253
253,214
214,258
258,214
215,216
216,215
215,221
221,215
215,223
223,215
215,227
227,215
215,229
229,215
215,247
247,215
215,253
253,215
215,258
258,215
216,219
219,216
216,221
221,216
216,223
223,216
216,227
227,216
216,229
229,216
216,241
241,216
216,247
247,216
216,267
267,216
216,278
278,216
217,253
253,217
217,311
311,217
218,264
264,218
218,269
269,218
218,306
306,218
219,223
223,219
222,255
255,222
224,226
226,224
224,230
230,224
226,230
230,226
227,229
229,227
227,230
230,227
227,235
235,227
227,247
247,227
228,232
232,228
228,299
299,228
229,230
230,229
229,245
245,229
229,247
247,229
229,258
258,229
229,260
260,229
229,267
267,229
229,268
268,229
229,278
278,229
229,308
308,229
230,235
235,230
230,236
236,230
230,240
240,230
231,252
252,231
233,268
268,233
233,282
282,233
234,247
247,234
234,253
253,234
234,258
258,234
234,260
260,234
236,260
260,236
236,268
268,236
239,285
285,239
240,267
267,240
241,278
278,241
242,246
246,242
242,278
278,242
242,308
308,242
244,277
277,244
244,285
285,244
244,287
287,244
244,295
295,244
244,299
299,244
245,247
247,245
245,260
260,245
245,268
268,245
245,308
308,245
246,252
252,246
246,285
285,246
246,337
337,246
247,258
258,247
247,260
260,247
247,267
267,247
247,268
268,247
247,308
308,247
249,255
255,249
250,254
254,250
250,274
274,250
250,278
278,250
250,308
308,250
250,318
318,250
250,326
326,250
250,332
332,250
250,335
335,250
250,338
338,250
252,256
256,252
252,285
285,252
252,287
287,252
252,299
299,252
252,337
337,252
253,258
258,253
253,308
308,253
253,311
311,253
254,263
263,254
254,278
278,254
254,308
308,254
254,311
311,254
254,332
332,254
254,335
335,254
254,338
338,254
255,259
259,255
255,277
277,255
255,299
299,255
255,311
311,255
256,264
264,256
256,287
287,256
256,288
288,256
256,324
324,256
256,337
337,256
258,260
260,258
258,267
267,258
258,278
278,258
258,308
308,258
260,267
267,260
260,268
268,260
260,308
308,260
263,264
264,263
264,278
278,264
265,284
284,265
269,312
312,269
274,332
332,274
274,335
335,274
275,312
312,275
277,297
297,277
277,299
299,277
277,337
337,277
278,308
308,278
278,311
311,278
280,288
288,280
284,287
287,284
284,288
288,284
285,287
287,285
285,331
331,285
285,337
337,285
287,288
288,287
287,331
331,287
289,294
294,289
290,291
291,290
290,292
292,290
291,292
292,291
295,299
299,295
295,302
302,295
297,298
298,297
306,312
312,306
306,314
314,306
308,332
332,308
308,335
335,308
319,320
320,319
323,324
324,323
323,347
347,323
324,347
347,324
326,332
332,326
326,337
337,326
326,338
338,326
329,346
346,329
331,337
337,331
332,335
335,332
332,338
338,332
335,336
336,335
339,352
352,339
339,357
357,339
343,348
348,343
347,349
349,347
352,357
357,352
364,753
753,364
366,682
682,366
366,703
703,366
366,712
712,366
366,724
724,366
367,611
611,367
367,689
689,367
367,755
755,367
368,378
378,368
369,614
614,369
370,700
700,370
370,747
747,370
370,749
749,370
373,716
716,373
373,736
736,373
375,641
641,375
375,654
654,375
376,377
377,376
376,731
731,376
377,641
641,377
378,611
611,378
378,614
614,378
378,756
756,378
379,671
671,379
379,680
680,379
382,666
666,382
386,685
685,386
386,743
743,386
387,685
685,387
387,719
719,387
388,614
614,388
388,628
628,388
388,636
636,388
388,671
671,388
388,680
680,388
388,681
681,388
388,720
720,388
388,750
750,388
389,390
390,389
389,615
615,389
389,616
616,389
390,609
609,390
390,616
616,390
390,618
618,390
390,628
628,390
390,636
636,390
400,430
430,400
402,432
432,402
403,417
417,403
403,442
442,403
403,451
451,403
403,520
520,403
403,541
541,403
403,558
558,403
404,464
464,404
404,530
530,404
404,538
538,404
405,435
435,405
405,444
444,405
405,455
455,405
405,558
558,405
405,560
560,405
406,411
411,406
406,531
531,406
411,468
468,411
411,583
583,411
412,488
488,412
412,582
582,412
413,435
435,413
413,445
445,413
413,484
484,413
413,522
522,413
413,562
562,413
414,468
468,414
417,422
422,417
417,447
447,417
417,465
465,417
417,541
541,417
417,576
576,417
418,532
532,418
418,553
553,418
419,422
422,419
419,435
435,419
419,444
444,419
419,531
531,419
419,541
541,419
422,447
447,422
422,484
484,422
422,535
535,422
422,541
541,422
423,448
448,423
424,498
498,424
425,464
464,425
427,458
458,427
430,432
432,430
430,437
437,430
430,450
450,430
430,485
485,430
430,491
491,430
430,571
571,430
430,589
589,430
432,450
450,432
432,491
491,432
432,495
495,432
432,571
571,432
433,442
442,433
434,443
443,434
435,444
444,435
435,455
455,435
435,484
484,435
435,531
531,435
435,541
541,435
436,517
517,436
437,450
450,437
437,485
485,437
437,491
491,437
437,497
497,437
437,544
544,437
438,444
444,438
438,486
486,438
438,531
531,438
438,539
539,438
438,543
543,438
439,474
474,439
439,499
499,439
439,507
507,439
439,567
567,439
439,571
571,439
439,579
579,439
444,531
531,444
444,541
541,444
444,558
558,444
444,560
560,444
444,562
562,444
445,531
531,445
445,549
549,445
446,536
536,446
447,535
535,447
447,541
541,447
447,576
576,447
450,474
474,450
450,497
497,450
450,544
544,450
451,471
471,451
451,520
520,451
451,584
584,451
452,511
511,452
453,455
455,453
453,550
550,453
453,582
582,453
457,541
541,457
457,558
558,457
458,567
567,458
458,571
571,458
458,579
579,458
460,573
573,460
461,481
481,461
461,496
496,461
461,524
524,461
461,576
576,461
461,578
578,461
462,474
474,462
462,497
497,462
462,544
544,462
464,478
478,464
464,530
530,464
464,538
538,464
464,556
556,464
464,565
565,464
464,583
583,464
466,583
583,466
467,508
508,467
467,518
518,467
468,593
593,468
470,472
472,470
470,575
575,470
473,510
510,473
474,476
476,474
474,497
497,474
474,544
544,474
474,579
579,474
475,494
494,475
475,500
500,475
475,504
504,475
475,506
506,475
476,581
581,476
478,503
503,478
478,526
526,478
478,530
530,478
478,553
553,478
478,556
556,478
478,583
583,478
480,555
555,480
481,578
578,481
483,533
533,483
484,548
548,484
484,590
590,484
485,491
491,485
486,539
539,486
488,582
582,488
489,497
497,489
489,507
507,489
491,571
571,491
494,514
514,494
494,516
516,494
494,588
588,494
494,592
592,494
495,571
571,495
495,589
589,495
497,544
544,497
497,577
577,497
499,567
567,499
499,571
571,499
499,589
589,499
500,504
504,500
500,512
512,500
501,511
511,501
503,565
565,503
504,506
506,504
504,512
512,504
504,514
514,504
504,572
572,504
504,584
584,504
505,575
575,505
506,512
512,506
506,514
514,506
506,572
572,506
507,509
509,507
512,514
514,512
512,572
572,512
512,588
588,512
512,592
592,512
514,580
580,514
515,567
567,515
516,539
539,516
519,569
569,519
520,522
522,520
520,541
541,520
520,586
586,520
522,562
562,522
523,549
549,523
524,578
578,524
525,533
533,525
525,587
587,525
526,530
530,526
526,556
556,526
528,565
565,528
530,556
556,530
530,565
565,530
531,541
541,531
532,533
533,532
532,553
553,532
532,556
556,532
532,583
583,532
532,593
593,532
533,553
553,533
540,542
542,540
540,561
561,540
541,558
558,541
541,562
562,541
544,577
577,544
545,560
560,545
549,562
562,549
549,586
586,549
550,590
590,550
553,556
556,553
553,583
583,553
556,583
583,556
560,562
562,560
560,570
570,560
565,593
593,565
567,571
571,567
567,579
579,567
568,592
592,568
569,573
573,569
571,579
579,571
571,589
589,571
572,588
588,572
573,577
577,573
576,578
578,576
580,584
584,580
583,593
593,583
595,752
752,595
596,708
708,596
597,669
669,597
598,614
614,598
599,686
686,599
599,728
728,599
602,603
603,602
602,610
610,602
602,623
623,602
604,665
665,604
604,746
746,604
605,645
645,605
605,646
646,605
605,761
761,605
606,634
634,606
606,701
701,606
606,730
730,606
607,615
615,607
609,611
611,609
609,614
614,609
609,636
636,609
610,708
708,610
611,614
614,611
611,755
755,611
614,628
628,614
614,636
636,614
614,689
689,614
614,744
744,614
614,755
755,614
614,756
756,614
615,616
616,615
616,618
618,616
618,628
628,618
618,636
636,618
624,679
679,624
624,690
690,624
624,718
718,624
624,724
724,624
625,626
626,625
628,635
635,628
628,636
636,628
628,681
681,628
628,697
697,628
629,722
722,629
630,631
631,630
630,643
643,630
631,658
658,631
631,748
748,631
632,658
658,632
632,731
731,632
633,667
667,633
633,728
728,633
635,646
646,635
636,672
672,636
636,681
681,636
636,697
697,636
637,764
764,637
639,670
670,639
641,654
654,641
641,688
688,641
645,681
681,645
645,697
697,645
645,738
738,645
645,750
750,645
645,754
754,645
645,761
761,645
646,751
751,646
646,761
761,646
647,658
658,647
651,725
725,651
651,734
734,651
652,669
669,652
654,688
688,654
655,657
657,655
658,662
662,658
658,667
667,658
658,748
748,658
659,782
782,659
660,711
711,660
660,757
757,660
663,666
666,663
663,673
673,663
663,706
706,663
663,716
716,663
663,736
736,663
664,741
741,664
664,754
754,664
666,754
754,666
667,686
686,667
670,746
746,670
671,680
680,671
671,719
719,671
671,720
720,671
672,679
679,672
672,685
685,672
672,783
783,672
673,706
706,673
673,761
761,673
674,723
723,674
676,686
686,676
677,692
692,677
677,717
717,677
678,693
693,678
678,700
700,678
678,717
717,678
679,685
685,679
679,703
703,679
679,756
756,679
679,759
759,679
680,682
682,680
680,697
697,680
680,720
720,680
680,750
750,680
681,697
697,681
681,750
750,681
681,761
761,681
682,697
697,682
682,703
703,682
685,759
759,685
685,781
781,685
688,772
772,688
690,706
706,690
690,718
718,690
690,724
724,690
690,725
725,690
690,734
734,690
692,699
699,692
692,717
717,692
693,717
717,693
695,781
781,695
697,703
703,697
697,720
720,697
697,744
744,697
697,756
756,697
699,717
717,699
700,703
703,700
700,712
712,700
700,723
723,700
701,730
730,701
703,712
712,703
703,756
756,703
706,736
736,706
706,754
754,706
711,757
757,711
718,734
734,718
720,744
744,720
720,750
750,720
720,754
754,720
724,744
744,724
724,750
750,724
724,764
764,724
725,734
734,725
739,754
754,739
744,750
750,744
747,749
749,747
750,754
754,750
750,761
761,750
754,761
761,754
756,761
761,756
759,781
781,759
794,847
847,794
799,915
915,799
800,814
814,800
804,809
809,804
804,852
852,804
805,921
921,805
826,957
957,826
828,956
956,828
853,856
856,853
856,875
875,856
866,934
934,866
866,939
939,866
885,1009
1009,885
889,894
894,889
914,919
919,914
918,929
929,918
925,928
928,925
934,939
939,934
957,966
966,957
975,986
986,975
1009,1021
1021,1009
1013,1025
1025,1013
1013,1026
1026,1013
1040,1055
1055,1040
1042,1043
1043,1042
1042,1054
1054,1042
1043,1054
1054,1043
1045,1048
1048,1045
1054,1084
1084,1054
1056,1058
1058,1056
1056,1059
1059,1056
1067,1081
1081,1067
1068,1076
1076,1068
1071,1079
1079,1071
1072,1073
1073,1072
1072,1078
1078,1072
1073,1078
1078,1073
1077,1087
1087,1077
