-0.03656250000000005,9.5128125,0.30546874999999996,3.355295357132327,4.830689478722862,4.72936964935851,0.4395126681479848,0.24001615727046188,0.8983191078066801
-0.6117187500000001,10.459374999999998,-0.10421875000000017,4.598905628885902,5.324069424263268,6.339987136394555,0.37138991287027345,-0.3601484493564509,0.7873678499996948
-0.9392187500000002,10.36625,-0.5418749999999999,4.3090994943431555,4.690126097718482,5.940985522989852,0.6027161002363647,-0.4473000230992364,1.349844999789397
-0.8789062499999999,10.62171875,-0.4335937499999999,4.57528691627213,4.742632297405993,5.461049683665306,0.7428520928284765,-0.4590627687163853,1.055254063503135
-0.72484375,10.6084375,-0.5415625000000002,4.229854456785238,4.776876339051886,5.893639372967585,0.2809848926560554,-0.3139640684784014,1.1680354396328805
-1.01328125,10.5303125,-0.55984375,4.810294967140627,5.046231566956054,5.587093802961065,0.327159847552046,-0.34891427677217773,0.8814425016074671
-0.8139062499999999,10.48859375,-0.2304687499999999,4.270969085431424,5.062001477672734,5.550548798792191,0.055531307511630115,-0.4475053007932515,0.8573733479564097
-1.1821875,10.690156250000001,-0.004687499999999956,4.645563229022263,4.804932846886201,5.542051168326015,0.20655607915152982,-0.3875706601168109,1.2116999672026723
-1.2903125,10.447187499999998,-0.22499999999999998,4.377523903686163,5.664099241260145,5.408560922278679,0.2759278151323719,-0.5177242107839564,1.0985457211388194
-1.4134375,10.437968750000001,-0.34171874999999996,4.787611688889749,4.808877266215415,5.738052956656852,0.4450815698958584,-0.4073785554232114,1.1711409670200712
-1.1251562499999999,10.59828125,-0.29093749999999996,4.947457046360881,4.9383333330586785,5.633621370494626,0.823497477562306,-0.3745434138555681,1.0462293769377404
-1.2546875,10.647031250000001,-0.3995312499999999,4.476499388734879,4.666631105414637,5.358570363704617,0.5165265829509078,-0.3126886007218644,1.3181774465032827
-1.2423437499999999,10.62265625,-0.4050000000000002,4.164127588023202,4.497663366331004,6.019931737569787,0.07549871077852262,-0.5141252655137538,0.9570906172664978
-1.44828125,10.790156249999999,-0.42046874999999995,4.299486726156791,5.01927051852019,5.422991111257093,0.6735313208977808,-0.5808274983852795,1.0174558293909284
-1.3390625000000003,10.45671875,-0.255625,4.204533906522071,4.990771187491813,5.429716519706623,0.5703764542342717,-0.4968694888985102,1.0836834374676827
-1.21125,10.4309375,-0.5346875,4.558797984392377,4.651739499487665,5.577528005518552,0.3787398979462198,-0.32392705639615854,1.5477374261991
-1.2090625,10.34921875,-0.59109375,5.009909155473156,5.0644163979819465,5.4325920715815705,0.5337734732853842,-0.3075231646017955,1.261566285144402
-0.9907812500000001,10.61859375,-0.41296875000000016,4.783865887245214,4.940928514455653,5.431500333611647,0.31913352665716244,-0.5185698929508612,0.9978953735159163
-0.9687499999999999,10.26984375,-0.35515625000000006,4.665064810643042,5.06345592585597,5.170819262997493,0.6680542511629471,-0.4525203955736856,0.6388657031895089
-0.99734375,10.591875,-0.33875000000000005,4.942449810755385,4.867975347552101,5.497365135908292,0.8039553325694618,-0.4675567456982414,1.005307160677716
-0.94765625,10.6178125,-0.11640625000000011,4.625711682469622,4.661275130245344,5.792385995637803,0.14186526829509727,-0.4874141017195911,1.0580189925391186
-0.8385937499999999,10.62125,-0.10968750000000005,4.949054792075041,5.247423326023926,5.377180653218167,0.9038376224905811,-0.42540729394096793,0.9554055452051021
-1.00109375,10.61609375,-0.31671874999999977,5.300794196741743,5.246972822848517,5.558889292916206,0.4458565942894977,-0.3601725634584078,1.03740991667843
-0.8995312499999999,10.41875,-0.04234375000000001,4.624845750700604,4.8807141191120795,5.704534310032322,0.2624336848502475,-0.46242617769128824,0.8767029408873968
-0.97578125,10.3740625,-0.3084375000000003,5.226612432029798,5.130276770905615,5.77536179027719,0.1591150216364175,-0.34854718767132875,1.2048354759230182
-0.8343749999999999,10.325781249999999,-0.1317187499999999,5.2868140438618605,5.310278301525113,5.915062223544097,0.5884920403641807,-0.3992953040447357,1.1466080881808438
-0.9159374999999998,10.483437499999999,0.29374999999999984,5.128269603003897,5.067381356143797,5.567942702426095,0.6825591500557651,-0.3993626008326736,0.9395255953742307
-1.1517187500000001,10.408281249999998,-0.12359375000000006,5.35331222080297,5.101415414705848,5.60714816305588,0.6545200637719057,-0.36983543992353934,0.9936282176053289
-1.12453125,10.57125,-0.07015624999999992,5.139625451360579,4.793399596059148,5.51025535144116,0.7244455814706603,-0.3863429158757489,0.8812068564598847
-0.6020312500000001,10.64859375,-0.28671874999999997,5.465210477330533,4.9723070183729545,5.30004895457565,0.9751324343793359,-0.38229747941959097,1.1042395962203972
-0.9776562500000002,10.9215625,-0.3001562500000001,5.0975449796285215,5.156216884363356,5.139784617382905,0.7447959499975212,-0.31308098731563516,1.2222340934113773
-0.8468749999999999,10.489531249999999,-0.12687499999999996,5.251515815397969,4.809155795747674,5.317706823375561,0.7579641768540495,-0.3067261001379957,1.1687150671573259
-1.045,10.340625,-0.18328124999999984,5.1026365733804715,4.935014208122911,5.6406850910060955,0.14636317474378382,-0.3670539170576261,0.9831044348573608
-0.8507812499999999,10.551874999999999,-0.24265625000000007,4.366261023707634,4.735948253451995,5.704687283877701,0.10201324015610878,-0.3579749332315969,1.0211088702480102
-0.7262500000000002,10.651875,-0.18421875000000004,4.753549496165997,4.420101057597552,5.629734342280143,0.07003113313793465,-0.6267465252415167,1.2196211919230342
-0.93703125,10.70859375,-0.026718749999999902,4.55215185368672,4.574257408034766,5.349968765880642,0.43446503784950413,-0.5415609248543156,1.0884563248240693
-0.8285937499999999,10.57421875,-0.12406249999999996,4.5561493017635994,4.546099566072925,5.174791577551095,0.6158117070915626,-0.36563874224656223,1.2530617462530453
-1.116875,10.516093750000001,0.05531250000000015,4.575151252622693,4.769388920890279,5.356969166641129,0.40164292158934933,-0.5036257009098344,0.9604675235730626
-0.89765625,10.7828125,0.09421875000000007,4.927896591785987,4.440311598282687,5.211826336769908,0.8739790768025356,-0.45497099722227125,0.9171393928925916
-0.90953125,10.689999999999998,-0.03015625000000008,4.776686034037975,4.846427808190276,5.448226343323664,0.8369357340033984,-0.4569825169918699,1.3624577329044043
-0.9159375000000001,10.590937499999999,-0.21375,4.937666047445266,4.856556045295241,5.410112204243088,0.6257556017551454,-0.5464839567469115,1.551238986074659
-0.9292187500000001,10.5165625,-0.11140625000000012,4.411854168277601,4.480038092315036,5.51260030157828,0.1698597458288109,-0.579345403826852,1.3628270327946357
-0.9501562500000001,10.710625,-0.18156249999999996,4.814731136116111,4.721166061935865,6.052094218829855,0.5960996187826204,-0.5753757880680974,0.9889939009331098
-0.8453124999999999,10.57390625,-0.0449999999999999,4.5386128004428565,4.6404224676974115,5.8617512848124145,0.5571076156171907,-0.5040241181642,1.0137566845070238
-0.7584375,10.46859375,-0.45578124999999997,4.92320849991078,4.635353906117734,5.291449117647115,0.5900468465659502,-0.4291561981654828,1.183707548481999
-1.01421875,10.47703125,-0.2828125,5.231681076828789,5.061040740205856,5.445664407567157,0.7388505961339285,-0.443692467598337,1.4010565773431618
-0.8448437500000001,10.669531249999999,-0.060468749999999905,5.0640762953954335,4.741191645332789,5.2772576417845505,0.9229691450258279,-0.3556979385955638,1.1145569145415433
-0.739375,10.571874999999999,-0.012499999999999956,4.5989386938048,4.502098078604574,5.682902537436306,0.23409173588393298,-0.5817938043361217,0.866501839026179
-0.94578125,10.4621875,-0.30078124999999983,5.1019272720853674,4.675050624308121,5.362056888652752,0.6763386703929074,-0.4987105740343596,1.4518574656290242
-1.06484375,10.56796875,-0.2868750000000001,4.7721198749178475,4.987927043023327,4.8175349878724285,0.6692746539892596,-0.4247042409673648,1.00926909639991
-0.9028125,10.4771875,-0.16000000000000003,4.8114516613849245,4.922572202603407,5.1666971437273155,0.9220341271841915,-0.2586168976107906,0.9842008768308771
-0.9053125,10.75828125,-0.18640625000000002,4.802695522031742,4.6792950038866366,5.510846227891043,0.5885581069047888,-0.5437443185315497,1.1153717551749927
-0.9232812499999999,10.5271875,-0.16468749999999988,4.4550400021659105,4.235919125743993,5.4130594308896836,0.39787828893571087,-0.5568846945926877,1.1831481139007682
-0.75203125,10.46296875,-0.1581250000000001,4.818534262254803,4.530793487240777,5.464139020410718,0.623932852187961,-0.3594317760324709,1.2061284967887778
-1.0274999999999999,10.712187499999999,-0.21156250000000007,4.516144996011532,4.368281437229491,5.5334957923173445,0.47346728167025265,-0.6449289188475765,1.0796431473953612
-1.02046875,10.42140625,-0.29218749999999993,4.736748103158267,4.644645730296439,5.316864521486677,0.507380258967919,-0.49212405215806304,1.2839236039016655
-0.9490625,10.6734375,-0.15484375000000006,5.086340076232983,4.789914279879521,5.56822289654302,0.9036087509865021,-0.4978852865869683,1.085452357903814
-0.84765625,10.78703125,-0.13281250000000006,4.501168161637148,4.3192898286666805,5.4222923740650275,0.13974085270789785,-0.6046015344713197,1.1489017295237731
-0.7545312500000001,10.580156249999998,-0.10515625000000006,5.080260183324613,4.810009255509384,5.5333593413572855,0.8029266886793213,-0.4268368803340598,1.2875235290641196
-0.775,10.504375,-0.020468750000000147,4.744943361095051,4.983204878326297,5.128788669634716,0.28761785067342766,-0.577823549828415,1.2597441726295167
-1.05203125,10.54671875,0.08046875000000003,4.884745125031953,4.854141290784441,5.767715218591626,-0.18325521507123294,-0.5533951327109372,1.019366332773525
-0.8128124999999999,10.62875,0.24437499999999984,4.7598294575377125,4.8580099770893845,5.117655675148046,0.2626360918152688,-0.42515898303900346,1.3552851678818774
-1.13671875,10.664375,-0.32718749999999985,5.05598625847603,4.998402518242703,5.442141257340142,0.46274622003299903,-0.4620590641544861,1.2408869188566172
-0.91109375,10.45703125,-0.35906250000000023,4.673627511495855,4.793206677061134,5.674678602889661,0.34525491266419955,-0.29756824015655525,0.8082781249571441
-0.88953125,10.7415625,0.22156250000000005,4.814382888052573,5.068569885440444,5.636778007744651,-0.011995214144433558,-0.3987862881852901,0.9646229149661717
-1.18109375,10.82546875,-0.24437500000000012,4.8580693558461,5.189748888941876,5.402100249844962,0.7900420571248816,-0.473365862723797,1.1898172518163743
-1.0412499999999998,10.40375,-0.3409375,4.400795205130546,4.76958741009115,5.590011661087457,0.04665194820868358,-0.5664344789109726,0.9242372186363178
-1.0301562499999999,10.79984375,-0.28937499999999994,4.7486789255629756,5.010288942574663,5.129940568308273,0.32766374881465815,-0.4403779166158243,1.3298672967877243
-0.893125,10.3784375,-0.3546875000000001,4.984257992357037,5.3284194475091535,5.024492190992414,0.3913605550422144,-0.41880743626872435,1.3426455328512443
-0.93515625,10.095781249999998,-0.40296875000000004,5.062450305986809,5.509155108966205,5.01921454253785,0.9581274513860705,-0.2442713157664336,1.0626839928917367
-0.63796875,10.556562500000002,-0.038749999999999896,4.978540254082861,5.327552856011262,5.320346117735199,0.9458820485327996,-0.31666866887164996,0.7620962122099159
-0.6848437500000001,10.649687499999999,-0.20265624999999995,5.202754376345854,5.259006550893785,5.452363089233506,0.8494289551796816,-0.2274369968288801,1.0914960698108505
-0.7845312500000001,10.41046875,0.1451562500000001,4.8060024089958,5.190821054300893,5.182834646753255,0.2894314762115528,-0.40498345069601716,1.2783064358150746
-0.895,10.27921875,-0.15984375,4.509355206124264,4.718969466647187,5.681104781473929,0.4712499253543783,-0.43030131448754355,1.2430786093743773
-0.65484375,10.47078125,0.027812499999999962,4.328898168193142,5.079915201275356,5.260935179684668,0.5254265837119672,-0.4123159373791817,0.9561560806131163
-1.0025,10.6103125,0.08312499999999995,4.5862109905672686,4.812863937131794,5.344029342113964,0.42461626554440257,-0.4282534207132106,1.281019026106763
-1.2521874999999998,10.55796875,-0.16437499999999997,4.749375113090537,4.89041702582954,5.14130603391541,0.54820285070219,-0.5475564870621713,0.9279655941215008
-0.9120312500000001,10.6640625,-0.07406249999999995,5.190663848345743,5.052845027417104,5.379748983093333,0.26552371041762685,-0.42288176067394423,1.4510608805933658
-0.78359375,10.779375,-0.004531250000000098,4.988040812529599,5.084624456080803,5.508395560893701,0.3922748152545689,-0.6277982724820361,1.1574661549670038
-0.7832812500000002,10.66875,0.03249999999999997,4.959532190227062,4.733094752643349,6.049162648664689,0.5194873803086767,-0.46523024938318785,1.1342095385050814
-0.95796875,10.56515625,-0.0953124999999998,4.9730634358032715,4.7713762402042805,5.700990585182873,0.570776883950176,-0.3966094979524673,1.1871241364691132
-0.6998437499999999,10.663749999999999,-0.25875000000000026,5.07970978876608,5.043529115361584,5.5974267246208775,0.5014806697423857,-0.4332314216404269,1.3519481469552395
-0.8121875000000001,10.664375,-0.0109375000000001,5.2498540065266335,4.8263867421058375,5.553601511280203,0.06029397673314079,-0.6184156722852152,1.1506646226778197
-0.90875,10.465,0.04734374999999996,4.70517351566337,4.587704355121415,5.992388464279993,0.2893263252225509,-0.5184583303752001,1.0445862007962345
-0.8071875000000002,10.3478125,-0.18593750000000006,4.7788248649478415,5.005611060584287,5.883481037710053,0.331725181936931,-0.5070032785735058,1.0686651311574296
-0.8990625,10.597187499999999,-0.01624999999999993,4.897101731748458,5.276196093289535,5.117447025861626,0.41987388387566166,-0.5477221151328534,1.08497280896705
-0.9784375,10.6215625,0.3051562499999999,4.661774815839322,4.938841659093127,5.834226060548729,0.2672283507402386,-0.5696546219195372,0.8159469186401348
-1.06890625,10.348281250000001,-0.15531250000000021,4.507041406644822,4.968279869169856,5.788137915369998,0.4486224956850364,-0.5134906053935699,0.8238688451313844
-1.1768750000000001,10.316875,-0.10296875000000008,4.405854015894649,4.940497468309745,5.944962857245067,-0.18285287665450684,-0.3785535531514037,1.1316722254248424
-1.1673437500000001,10.372499999999999,-0.17359374999999994,4.070085319355841,5.479896782787063,5.002236177197248,0.12495895214236104,-0.5268624658844692,1.2304922019908209
-1.1212500000000003,10.412031249999998,0.13328125000000005,4.498360291539574,4.784497811842267,5.616598184924611,-0.2935046941764626,-0.4162365591786142,0.9655335166270544
-1.1304687500000001,10.1828125,0.21296874999999985,4.65422168227658,5.1499980184310505,5.278996317864167,-0.14138497815405862,-0.47820605328161736,1.1827678763205394
-1.1571875,10.485624999999999,0.11953125000000007,4.5656696074994025,4.87763674686574,5.292202232320061,0.15120705968154488,-0.3765821916377856,1.2428873513571457
-1.22140625,10.401874999999999,0.40421874999999974,4.277388903871255,4.93338685482651,5.513350502611678,0.29832763284777164,-0.5061671736376914,1.0093235662351876
-1.22828125,10.48609375,0.28609374999999976,4.5307713728898795,4.839230509978931,5.542802094041509,0.5246383723652667,-0.4731641236820046,1.0734227145497965
-1.02953125,10.4403125,-0.04500000000000026,4.44130978347305,4.707675238622961,5.5149062208708495,0.721644436030425,-0.4271882874728543,0.7791478339954411
-0.9540624999999999,10.497343749999999,0.2925,4.525999792431916,4.790212756948895,5.529459455950464,0.5144365233677679,-0.5252725380527069,0.9422963778752487
-1.0621875,10.4684375,-0.03125000000000011,4.490621640134442,4.572131005733951,5.961037425440306,0.34008009292254043,-0.521076757010905,1.0412294657333392
-1.0009374999999998,10.401875,-0.15843750000000004,5.182932844547935,5.020362560052312,5.383694775300114,0.6918447838113716,-0.3187673674263108,1.2905344973996857
-0.9596875,10.526093750000001,0.07140624999999995,4.613636705717491,4.848138050191118,5.421098501222878,0.5567813565183717,-0.4369286864843418,0.8405846162132766
-1.025625,10.161249999999999,-0.0710937499999999,4.528669739490284,5.50232351488896,4.9480387898854366,-0.29837710051845656,-0.38400862897193705,1.0211209014510154
-1.5121875,9.69703125,0.3259375,4.6162239265273675,7.724925096661031,4.331621275122486,0.10330360594879008,-0.38287387141781465,1.1630752864729863
-1.8900000000000001,10.22265625,-0.0026562500000000266,3.85248053207281,4.8569014177596745,5.062704082981341,-0.014872148879762277,-0.6844652487322557,1.3742684508184329
-1.79328125,10.0409375,-0.16140624999999997,3.59187496941339,4.259934608781425,4.988308790057101,0.6903108271874014,-0.44456623658654454,1.346922486693956
-3.373125,9.66828125,-0.763125,6.201085558946514,6.225887124209565,5.489814965859505,-0.7089319523433937,-0.6355109236902338,0.4778116457578544
-5.4956249999999995,6.709687499999999,-1.7604687499999998,8.686859126541364,9.753408053206005,6.3790047297970744,-0.1052399734562057,-0.3017376336573044,0.11540158310079916
-5.25234375,6.7371875,-0.9676562499999999,8.871772254985807,9.907677337037361,6.512923628781159,-0.14471857466165639,-0.4421405006438131,0.3544440467143579
-5.60359375,6.965,-1.27796875,8.835051529134448,9.570891252908476,5.62551974812314,-0.09253581871740182,-0.5464372628813172,0.24056534406199076
-5.4571875,7.149062499999999,-1.3459375000000002,8.227760264181484,9.180200453753379,5.548803001197083,-0.0444813360310587,-0.4941558753146469,0.17719670685678202
-5.695625,7.331406250000001,-1.5529687499999998,8.219811789778097,9.72299543401934,5.909340244394753,0.008083478351503914,-0.5154928521837512,0.3102491008747428
-5.7471875,6.705781249999999,-1.8210937499999997,8.284724359617751,9.656418656243547,5.7673418154476455,0.06934967901478073,-0.38645408436218576,0.2605585131396826
-5.64828125,7.223593749999999,-1.4471874999999996,9.06660830235863,9.785431034065946,5.674713227542317,-0.04655478898589741,-0.6148574071711914,0.15100533967426621
-5.319374999999999,6.84625,-0.8726562500000001,8.899646916275668,9.531749495108441,5.718364943918492,-0.023317473075117962,-0.5083050106070786,0.5506483168515158
-5.2884375,6.954999999999999,-0.9998437499999999,8.774012269685617,9.703577948365231,5.920106495079792,0.03040664672149507,-0.46090785533000594,0.4986710813551145
-5.565937499999999,7.328749999999999,-1.1578125,8.476051136649293,9.508783357375433,5.6895409713652425,0.07240598491251253,-0.5523447845243952,0.21174230607574734
-5.53578125,7.34734375,-1.0328125000000001,8.816555060773366,9.885792400300339,6.0456868584010985,-0.00016173502357615062,-0.6155511647964393,0.5828051295880808
-5.597499999999999,7.48421875,-0.945,8.721710518871857,9.7815278402532,5.902960327242595,-0.15405303744456522,-0.7126189121469342,0.05881027544479076
-5.30484375,7.292187500000001,-1.0409374999999998,8.712473097553067,9.687041032474454,6.090440952516801,0.04720517766091277,-0.6136823163234487,0.5093025947448253
-5.47484375,7.124375000000001,-1.0750000000000002,8.424250521594542,9.962039963500198,6.24389501833591,-0.10057134926383797,-0.6988635340752227,0.7707844452293207
-6.43390625,7.1812499999999995,-1.0995312499999998,8.673877019747914,9.82533531552486,5.032012032256426,-0.007055750695901931,-0.6537114978310584,0.2758537166020283
-6.08703125,7.02578125,-1.2404687500000002,8.473981996324008,9.804296061658299,5.697724170032578,0.06870879428784724,-0.542868291592664,0.4109311234024805
-5.5996875,7.11484375,-1.03546875,8.744417856686844,9.575514834753582,5.116139575429255,0.1284935755730339,-0.6859622542606161,0.3802010505278387
-5.1967187500000005,7.2878125,-1.07234375,8.406821459142476,9.888316412051333,5.290559617784865,-0.07848760103344626,-0.6719661485179838,-0.008456597847089613
-5.379062500000001,7.1734375,-1.1092187499999997,8.328465254540824,9.657830893041861,5.336246136297354,0.02330997018832382,-0.5681718691817691,0.31860578849019555
-5.7540625,7.46140625,-1.2914062499999999,8.744519126063693,9.191020051384989,4.964317950127786,-0.05963187308769245,-0.7826586528588189,0.2919743742357105
-5.340468749999999,6.81453125,-1.5168749999999998,8.613856828841158,10.185141587394524,5.042437677787897,-0.07360759762183748,-0.7601170139936221,0.008373480531843462
-5.804375,7.12453125,-1.5478124999999998,8.89016642051064,9.975385789796475,5.766707376384184,0.020483965873690915,-0.6949534232918454,0.23503583729151092
-5.34875,7.14625,-1.45875,8.527822388365038,9.661317278844537,5.382081817243212,0.0054184165107619055,-0.7460747725263037,0.07022230526199835
-5.6246875,8.17953125,-1.2246875000000004,8.407602023011304,9.523248761203995,5.3646269001062645,-0.011042590262642295,-0.8549991445170648,0.061755202005644126
-5.52359375,7.349843750000001,-1.1807812500000001,8.936113418173527,9.723963552126568,5.589400768610928,-0.009387087396179493,-0.7736820912713724,0.17872365550150845
-5.055468749999999,7.367968749999999,-1.549375,8.56448862485516,10.015634680913807,5.414404363304887,-0.07140792247062827,-0.7813212303618052,0.3777638060374471
-4.9365625,7.532500000000001,-1.4628124999999998,7.909505005598881,9.498023149582233,5.886146996537187,-0.05358421103762197,-0.7660199094616348,0.41430980504186965
-5.430781250000001,7.79828125,-1.4864062500000002,8.228097878741382,9.821521896243903,6.056583031913369,0.011593214825418252,-0.9103757589362124,0.33937296134100753
-5.93359375,7.46671875,-1.211875,8.124999301382182,9.922766759875918,5.9820342680709375,0.044768794212150645,-0.6976402993529585,0.3862514135450501
-5.5609375,7.137812500000001,-1.3887499999999997,8.572632274925464,9.661892359410952,5.802945238195859,0.03590437513698942,-0.6954964773366523,0.16064773949011601
-5.103125,6.71765625,-1.2114062499999996,8.671816396198377,9.454312961254029,5.871606165263551,-0.05181644961391202,-0.7585692654300077,0.08515991706648264
-5.76140625,6.50296875,-1.5510937500000002,8.432691938815323,10.559680197526033,5.858154604157433,0.10570176275373457,-0.7015151746997013,0.10965149861630702
-5.32609375,7.12171875,-1.629375,8.417600537190568,10.203629188107456,5.705073365818795,0.010350024738717715,-0.7588439668567183,0.011370722941205396
-5.655312500000001,6.74484375,-1.5017187500000002,8.722042114799937,9.877934056551801,5.130680862068741,0.03870074377695822,-0.6314226224882306,-0.1634558556370643
-5.79109375,7.29859375,-1.6312499999999999,8.39293659818844,9.960209879061834,5.400358639710885,0.07749517548850621,-0.7662877037477713,0.03216032136728654
-5.4684375,7.775312499999999,-1.10890625,8.454237328617747,9.911427269941688,6.149518557676767,0.0291095169210372,-0.9525882761807386,0.4013882542009431
-5.06796875,7.93984375,-0.8975000000000001,8.544773106204953,9.641962243915184,6.188545113756544,0.06936203678388758,-0.8900784903789405,0.37654810624805507
-5.4434375,7.686718749999999,-1.1201562500000002,8.425898916946117,9.993116232982505,5.749730562216453,0.05752434512014366,-0.8361316316547088,0.17148660774731483
-5.324375,7.17765625,-0.95546875,8.380831342079079,9.666058811342705,5.266828662038802,-0.07165279395018682,-0.7712781941306539,0.08159520665950486
-6.048281249999999,7.40390625,-1.0289062500000001,8.070846949570933,9.746593414045286,5.86824002501695,0.17525944969212803,-0.7471986137002956,0.2950782984130964
-5.9781249999999995,8.000625000000001,-0.8400000000000001,7.995886417988627,9.65620442950412,5.82102412595928,0.02061145794045009,-0.8236104293351489,0.5510787458409
-5.69078125,7.79578125,-0.5495312499999998,8.485834207792916,9.977390816974568,6.070293554909305,0.11721877526874705,-0.6959191265496999,0.22074694809330894
-5.53109375,7.10328125,-1.09125,8.479009213417033,10.521746239141981,5.8466479445490815,0.045589902748994306,-0.6454818469690229,0.11823241872347774
-5.7040625,8.03953125,-0.9240625,8.212243854215105,9.757932899327267,4.635470148333797,0.06610524226684102,-0.6928739824177231,0.15002966459737566
-5.1709375,7.4253124999999995,-1.28484375,8.143520376415458,9.726970393053726,4.811448259161262,-0.0944874737351557,-0.5871008018546439,-0.09091753627878517
-5.68671875,7.599843749999999,-1.1971875,8.572236627386019,9.490269768983701,5.470193800483101,-0.039084373519613164,-0.7913869734742444,0.10378833847526843
-6.084218749999999,7.047812499999999,-0.8181250000000001,8.040620856914499,9.559702118258903,5.925189837412384,0.0682111561141801,-0.5375670362893857,0.12125747965791035
-6.25140625,7.049374999999999,-0.6354687499999998,8.375742666173606,8.908478558899663,6.34905133900124,0.1815110816522618,-0.5420231096934796,0.07433018754138744
-5.8196875,7.255156250000001,-1.70828125,8.343776866763859,10.324624386658623,6.292329793756716,0.17343651987007758,-0.7239500762653183,-0.055863650826180306
-5.22203125,6.88671875,-1.5134375,8.623826401982093,9.746020831390545,4.883772305666364,0.03341059732050698,-0.6183648256609819,0.06339321958707723
-5.2865625,6.8334375000000005,-1.8493749999999998,8.798982934612031,9.656906081069328,5.315303635200439,0.07535367712890098,-0.595346139311912,-0.07059353758793387
-5.879218750000001,7.37,-2.3196875,8.345685319501834,10.162448185599768,5.918779162744944,0.17751299484021146,-0.6855306165965721,-0.22719251588344128
-5.603125,6.34203125,-2.28421875,8.280067156090885,9.857001188826317,6.009099299366622,0.18902567228423098,-0.589212582015103,-0.0007297243026575382
-5.102187499999999,5.99609375,-2.1450000000000005,8.615417950676784,10.684841718701824,5.232046683660228,0.10403922097249386,-0.43655086939342547,-0.4206101935362716
-4.990625,7.023124999999999,-1.9404687499999997,8.111764002630686,10.182315532793856,5.748406689490005,0.17591314734082097,-0.6853729348678307,-0.2739928339234363
-5.80625,7.837187500000001,-1.4667187499999998,8.333724501235926,9.951769074634106,5.598771923011192,0.23657840350761744,-0.8905423216748333,-0.40838589672816
-5.398125,7.7681249999999995,-1.88578125,8.432560197494887,10.184364835834144,5.487190140650171,0.034846185325147556,-0.8679259397960374,-0.14101834648941194
-5.38828125,7.3884375,-1.615,8.389376197513046,10.277382968615782,5.703703018653759,0.005187436144771202,-0.7758021701783929,-0.2043100680424486
-4.6009375,7.354687500000001,-1.6843750000000002,8.486580163475375,10.122480545910856,5.525371275704013,0.08863702079921165,-0.7956915172189059,-0.10779389212236765
-4.80078125,7.623906249999999,-1.8873437499999999,8.165446310652495,10.254477469803662,5.843651267130503,0.04250395694486296,-0.7571501077476432,-0.21497692691724604
-5.26984375,7.73,-1.44921875,8.430829676733241,10.034241064973473,5.326928437396962,-0.003911345134330559,-0.7430192963748694,0.1430313371697056
-4.570625,7.097031250000001,-1.3945312499999998,8.531039077062946,9.605760751966677,5.2209029779601765,-0.0356785576190408,-0.5982793935021724,0.11764804384020548
-4.590937500000001,6.64203125,-1.6932812499999998,8.573050200838308,9.90941742417401,5.112303497044991,0.07682121658634097,-0.6334903753688987,0.31261205011326654
-4.833750000000001,7.154375,-1.54203125,8.5346169180286,10.132565672591271,5.861853956857288,0.05219091395372977,-0.740951044695962,0.37983599099037746
-4.55703125,7.4096874999999995,-1.5212500000000002,8.115879242203116,10.095725730592315,5.868052940499088,-0.06209334506287457,-0.8282908910505468,0.10207839650333161
-5.09125,7.86875,-2.43765625,8.328166721283862,10.219153814651191,5.632510469971266,0.1441456469825253,-0.8281016872096789,0.12401111419046987
-4.3384375,8.343125,-1.4434375,8.080380022535682,10.130837958154054,5.878501674201833,-0.038404363810680194,-0.9359094526814985,0.03478620581896903
-3.6762499999999996,7.4857812500000005,-1.90328125,9.004900315245028,10.216020171262802,5.545766982203493,-0.07620197424559695,-0.807762068850062,-0.10630597907018313
-4.5978125,7.89296875,-1.9159374999999996,7.889027084491708,10.173261626637911,5.4999357151782915,0.08572006690509301,-0.8037254234166774,-0.02750773601338429
-4.506718750000001,7.779999999999999,-1.3323437500000002,8.061059765682081,10.179760403614615,5.518114131597492,-0.06717496431190585,-0.8853173839809605,0.1362442727346251
-4.63921875,6.9546875,-1.9209375,7.972385602951505,10.992803607467193,6.186214694471389,-0.011918957062208075,-0.7833657019047939,0.10656174319088364
-3.9529687500000006,7.78109375,-1.5859375000000002,8.058515620076903,9.900671397244276,5.944393030082529,0.0025260522619275014,-0.9139301780307381,-0.08985933170667042
-4.74265625,7.682031249999999,-2.3809375,8.422142364436493,10.267897511736443,6.541890666779272,0.1469282242849668,-0.7729909847100582,0.09300071151439844
-3.9225000000000003,7.991249999999999,-1.933125,7.761866520045292,10.059090027805697,6.39805704760242,-0.037172231163851696,-0.87615760433587,0.12789395992519206
-3.1840625,7.625,-1.3506250000000002,8.035344913013613,10.171818913055818,6.199080293428615,0.12868649621809314,-0.6968918720105793,-0.023301891412052
-3.5196875,7.975625000000001,-1.7820312500000002,7.892771409799206,10.300326735564024,6.255469401773414,-0.1055484869924367,-0.7228624458633388,0.30154891866752487
-2.6687499999999997,6.95078125,-1.9853125,7.793188432053982,10.208529874675808,5.716859105080669,0.03672950286461638,-0.5223527575896177,0.06187101831815853
-1.7784375,7.335625,-2.256875,7.763092412730494,10.24567330556538,5.969108726131147,0.042372043563247974,-0.5426225298967674,0.15156449943197484
-1.6482812500000006,8.0953125,-2.03125,8.183934062136524,9.861490279229795,5.96794471007398,0.005077644246269328,-0.6514279847303147,0.038548014327434606
-1.3720312500000005,8.192656249999999,-2.00140625,8.374015833906899,9.834363420264474,5.957577860167749,-0.014682878304811058,-0.6124628485640228,0.060510232742495305
-0.8734375,8.05015625,-2.0815625,7.687462036237561,10.344679564301929,6.679759356338651,0.06514410828664086,-0.7055867012296415,0.15603278599452336
-0.75953125,7.95515625,-1.78359375,8.595951341635983,10.021252259602386,6.667230114332408,-0.23158328799661348,-0.5343696945260151,-0.004201458015760529
-1.8945312499999998,8.321562499999999,-1.948125,7.21412913353188,9.896609776008841,6.979258080868983,0.07682692090356939,-0.7037087981432687,0.34476917073678964
-1.95640625,7.444531249999999,-2.2310937500000003,8.088783972109832,10.411822446395897,7.0274604492811585,-0.005342552803164177,-0.5655974104261896,0.3092747991494204
-1.0834375,8.3221875,-2.02046875,7.832836774348981,10.052582141661103,6.191349920879407,0.029645013657758627,-0.6407878704678382,0.11540516180192109
-1.2939062499999998,8.530625,-2.24328125,7.730023370191771,9.86727100617871,7.352370165184723,-0.050393167327724295,-0.6575053522180814,0.08137988205039462
-1.5210937499999995,8.78953125,-1.6581249999999996,8.428599957360115,9.941516551450963,6.562155437382979,-0.008200759042696078,-0.6980600707857081,0.4934100603670436
-0.3596875,7.83203125,-1.5670312499999999,7.9850618283356924,9.84957949287803,6.621520708947714,-0.03376985627678714,-0.48677890300965126,-0.13713896662086364
-1.10359375,8.876718750000002,-1.6668749999999999,7.525064860016885,10.148110054138082,5.8952591850888965,0.047446132164095545,-0.7446608765292004,0.142648510648425
-1.1990625000000001,8.26703125,-1.8570312499999997,7.785253431719083,10.181495574031521,5.779763911616412,-0.07058286379606005,-0.6242425157852528,0.5059425190180412
-1.18984375,8.287812500000001,-1.43984375,7.383608216047621,10.185616308787788,5.882953258193196,0.05393929745308466,-0.6131061040496759,0.30042326163192296
-0.6564062500000002,7.905156250000001,-0.8399999999999999,7.926618597955937,10.008881991790389,5.312827342856155,-0.09596327398190532,-0.45074200225124555,0.6782591964667828
0.5028125000000001,9.95234375,-0.26843750000000005,6.142773566544982,6.252218041970061,5.506352927173643,-0.17597109126456906,-0.23220638631467516,-0.31161040930102435
1.2314062499999998,9.52375,-0.50796875,5.692411030043504,6.006804344865912,6.1023605011932425,0.5595561741138102,-0.10501533798279115,0.7066460416706217
0.33890624999999985,10.8484375,0.11562499999999995,5.3927205324595615,5.24554936909317,5.769350557850944,0.8886074637755085,-0.5972502521096029,1.2806155107312296
-1.1717187499999997,10.41171875,0.08703125,5.480611437914426,5.195234762106371,6.2034752557758654,0.9293622583720527,-0.4610810839765591,1.0021347151540532
-1.4162500000000002,10.493125,-0.21703125000000004,4.6196291450180285,4.883204594257238,5.524739156650153,0.9102253117159538,-0.6233664648357137,1.0690823771677909
-1.56203125,10.28390625,-0.07249999999999995,4.795995458351002,4.827534508287946,5.043616324126965,1.099732471453449,-0.4898947878015246,1.3302431950675642
-1.1996875000000002,10.712656249999998,0.13484374999999993,4.9135234203516065,4.898501761440526,5.536171678207419,0.8078096854076553,-0.4954072104434272,1.2847770341117448
-1.4993750000000001,10.7959375,-0.2910937500000001,5.596762980453524,5.855886386457113,4.8442572693046495,0.6807288413969481,-0.617386317496502,0.8393038474309971
-1.5240624999999999,9.6415625,-0.51953125,4.652413929466482,5.515662986767207,5.503324969304778,0.5506890604276934,-0.5653987370837454,1.1609712648438606
-1.84671875,10.07390625,0.08875000000000008,4.75893536370252,5.179374243449776,6.078356454462012,0.9320071381703389,-0.5393498717989776,1.1887807909941768
-2.14359375,10.21390625,-0.24468749999999984,4.591107017644104,5.2737855880487725,5.776601501085544,0.9580891521121754,-0.47152435299816176,1.3466906147178257
-2.15328125,10.404375,-0.2810937500000001,4.721478864815391,5.332791211867852,5.357335542619198,0.8515167170481562,-0.7059598339640905,1.1433532985742731
-2.3782812500000006,10.385,-0.040781250000000324,4.78351190114527,5.351812485037195,5.50309552226276,0.907581004750119,-0.519064660474543,1.1592986606027726
-1.9584375,10.79359375,0.25531250000000016,5.1026954331601795,5.852544683508272,5.7156312448708375,0.9507546209118578,-0.6401208720085109,1.1803155553682898
-2.61125,10.4434375,-0.1043750000000001,4.625547096020102,5.047118057227684,5.4661717851138745,0.8748852776406393,-0.5421214581213247,1.3762523295825164
-2.27296875,9.95703125,-0.2671875,4.837145555389401,5.207530208652028,5.455782903474418,1.0670528909830435,-0.3921889688961435,1.1699773656779673
-2.5321875,9.83890625,-0.8010937500000002,4.657773565754753,5.404164226891235,5.715885790165067,1.062322218789361,-0.4689186206504922,1.3060119095262437
-2.2246875,10.145625,-0.024375000000000036,4.981008610446659,5.479467319856465,5.455068994465148,1.080645533081693,-0.42180043652509885,0.9615888050601702
-2.3706250000000004,10.118593749999999,-0.42359375000000016,4.870326886809036,5.491592115221317,5.357791454737757,0.9442546699730137,-0.5224024852402923,0.9302896627443955
-2.1843749999999997,10.244375,-0.4557812500000001,4.799803015163747,5.124907583008205,5.713823370970478,0.8996804355138015,-0.530445517511026,0.9885512107111818
-2.1217187500000003,10.226875,-0.18062499999999992,4.718275822098411,5.119651744442682,5.736741473552299,0.7960056560825656,-0.5840047832741188,0.8905698488754085
-1.9578125000000002,10.51578125,-0.16343750000000007,5.076754767057766,5.060837321002171,5.35302053130695,0.773146876444764,-0.5957781736400067,0.8877851405989738
-2.1834375,10.37484375,-0.20781249999999984,4.602297394627356,5.126635712198199,5.492986855058343,0.8622812583419557,-0.6098567639208544,1.2345762974534957
-2.1743750000000004,10.524687499999999,-0.21781249999999996,5.0949622407212205,5.018002892321182,6.149244991447629,0.7172130838006929,-0.695016902975801,1.1272330057087834
-2.39984375,9.740937500000001,-0.49703125000000015,4.510195218955155,5.373354317471885,5.643351641447079,0.960619808787179,-0.5154667913772383,1.071308936386565
-1.9840624999999998,10.13546875,0.008750000000000063,4.856418021144159,5.544680144541562,5.726758327142853,0.9279016779378589,-0.4535021484973759,1.1514219582936343
-2.3776562500000002,10.0765625,-0.15234374999999994,4.415388127824771,5.149140771390286,5.24049518837065,0.8177871711444819,-0.5782648258117715,0.9747913362631766
-2.5453125,9.97734375,-0.6707812499999999,4.664665036456932,5.481118511019073,5.399074082854248,0.9851207234336029,-0.48369350872682587,1.5786743023398788
-2.2428125,10.143749999999999,-0.3018750000000001,4.546387119443718,4.824899448434133,5.325255532307816,0.8630980935754565,-0.5573600652942978,1.0098163377386604
-2.1481250000000003,10.158593750000001,-0.30749999999999994,4.49706809870331,4.8796903293099385,5.504467503764556,0.9072669124298701,-0.5235056136391206,1.264601593350929
-1.795625,10.446562499999999,-0.19359375,4.591002707402272,4.832723811019386,5.07050335494031,0.8645439174197419,-0.5931435860647145,1.324008512527769
-2.20609375,10.37015625,-0.48562500000000003,4.026408378283422,4.73337567578213,5.139172135118165,0.6108085322496747,-0.6154880959375881,1.0757510601863791
-2.02828125,10.0225,-0.5496875,4.334697421204672,4.755334504532778,5.150951965641278,0.919440750318298,-0.5634536895412411,1.3827707302338335
-1.9853125,10.31015625,-0.15359375000000003,4.607643435352149,4.739612158508957,5.505469543777437,0.6089761773180644,-0.6616315496986855,1.2163620542713691
-2.12,10.07921875,-0.2110937499999999,4.355910854804079,4.666992910552622,5.237899781039242,0.9268608897425661,-0.3621553184481952,1.0543589294955305
-1.9771875,10.39765625,-0.21156249999999988,4.414555282227616,4.60743920951063,5.260264138671531,1.059723204022551,-0.5996688267024268,1.2989031184878272
-1.91984375,10.16796875,-0.07296875000000008,4.468713983137199,5.257045326181185,5.213436270735784,0.8047964839323065,-0.4827112832285187,1.4799531763550269
-2.14171875,9.9696875,-0.4206250000000001,4.109836354211495,4.723110061426025,5.059511733791612,0.8082733899657232,-0.5489561110937029,1.3577613203219085
-2.2725,10.143125000000001,-0.2510937500000001,4.12437495264434,4.825469820066747,4.739612034883334,0.9089155019585592,-0.5640991792850276,1.1025857791813896
-2.2104687499999995,10.24828125,-0.4464062500000001,4.212852147627951,4.589925637567393,4.924630813315952,0.6874775511106797,-0.6947383055279648,1.5839284506423472
-2.1714062500000004,10.0634375,0.002812499999999968,4.490158636948247,5.039488509124091,5.09941003595943,1.043777506957052,-0.4438308273946597,1.1909501489013488
-2.2015625,10.1996875,-0.12421874999999993,4.740647443503234,4.9139787751214135,5.362015364081722,1.2012190088948087,-0.35302006183851203,1.401273019094794
-2.36,10.0890625,-0.1273437499999999,4.614748435722147,4.766723100946157,5.450402290825507,1.3666009076769612,-0.48102415966455886,1.2400947583760369
-2.2171875,10.099999999999998,-0.3290625,4.349774587819897,4.670204759965027,5.268240846914058,1.0259100950486295,-0.568214785295064,1.2676445590334042
-2.1684375000000005,10.18078125,-0.20265624999999987,4.893745440211797,5.408970068520294,5.505155039309605,0.6581084481382075,-0.6457800089650578,1.237078503691085
-2.2024999999999997,10.315312500000001,0.13218749999999996,4.5609339778163855,4.642292661212103,5.513743756726798,0.7360569220656653,-0.5582172859287184,0.9181009651556588
-2.1465625,10.2859375,-0.11984375000000003,5.16856490561875,5.031652225769757,5.482263302057458,1.298133012632494,-0.4219458586174634,1.1149983424303698
-2.1178125000000003,10.30375,-0.0714062499999999,4.541868925876631,4.635888702557471,6.044193977277776,0.7491442122629229,-0.5853245615053951,1.2457018027152724
-2.0329687499999998,10.25734375,-0.04828125000000005,4.935891408755205,4.931439395028184,5.632499044243011,1.0855795898711469,-0.6563544138410122,1.2619582741530389
-2.3015625,10.338437500000001,-0.2115625,4.245568358134603,5.069395679821585,5.323378925418869,0.4135130951233077,-0.6626479480307751,1.0138757608642137
-2.24890625,10.1059375,-0.24984374999999992,4.677668395281023,5.076632347934382,4.993198965902113,1.1680566988612393,-0.49645388558459375,0.9823952970371593
-1.97953125,10.2409375,0.03281250000000009,4.255490728784806,4.464788180428468,5.571857990369438,0.5108884667075255,-0.5849997431603082,0.8566260548078799
-2.24328125,10.251406249999999,-0.08703125000000012,4.001577835166828,4.334092273470991,5.735377515824346,0.8804489645593383,-0.6039592392448132,1.0930534535577456
-2.0382812500000003,10.05921875,0.04515625000000001,4.24578303830971,4.885422929711249,5.064927810500949,0.8012478381762932,-0.5064054786383377,1.1707754049800183
-2.07171875,10.06953125,0.04109375000000004,4.779540561957649,4.582653921885596,5.671527328789921,1.3016661248777004,-0.34266465295218806,1.350832717488703
-2.03375,10.12140625,-0.03171875000000002,4.239742953588106,4.594862915252308,4.946516626212676,0.879619586614086,-0.48654126805907233,1.3461770711434524
-2.1759375,10.216875,-0.15343750000000014,4.442644102456751,4.742275586084701,5.448615139059993,0.9747248651729054,-0.5578570166077915,1.3411452437607934
-2.46296875,10.1078125,-0.15062499999999998,4.131607843687907,5.074893308222721,5.460391719865434,0.4075720349039166,-0.7176329825608375,1.2451780351317787
-2.2981249999999998,10.2265625,-0.09640624999999994,3.8699720909038864,4.592625617072847,5.1820867440116185,0.47262009671662797,-0.5838665456240841,1.4468614154813795
-2.2540625,10.30703125,-0.3621875,4.591851042454856,5.129228950244221,5.120101460405228,0.9232302717607542,-0.5324870297551566,1.1135279999382393
-2.20125,10.295625000000001,-0.15421874999999996,4.823549814452008,5.089346985063506,5.628310360547687,1.2093352548419434,-0.4323065095501343,1.232663997908285
-2.05203125,10.22921875,0.09984375000000004,4.944543134762143,5.312363029024695,5.123720417146698,1.1042605550064106,-0.3682881747644239,0.9117961113361637
-2.2025,10.09375,-0.25890624999999995,3.932548076629198,5.141177363941066,5.291766339438179,0.6328792990110125,-0.566900538559787,1.6299347433253026
-2.34859375,10.0175,-0.04781249999999998,4.097013724648837,5.058964506200849,5.29868098821242,0.5808680460447881,-0.5196724334936567,1.0240112398907217
-2.2534375000000004,10.171875,0.03703125000000007,4.034985369687695,4.771780942098557,5.047958337191725,0.9837738032258132,-0.5538393037709937,0.9059190506928773
-2.335,9.9921875,-0.11374999999999993,4.596239291529543,5.021139832233688,5.564245372240516,0.9429133648322561,-0.44182456128371334,1.088197284616066
-2.0346875000000004,10.32328125,-0.44859375,5.303864148179491,5.527302985715406,5.102972744877337,1.3660106748273522,-0.4823231968359655,1.546446093189104
-2.1140624999999997,9.9275,-0.2670312500000001,4.789676958949711,4.741430757166026,4.774653351189324,1.3236219782923329,-0.3261018866886171,1.506972747125238
-1.9340625,10.254375,-0.02625000000000005,4.718081813204784,4.93593167339004,5.0962000242827985,1.1569267089391908,-0.3931142302289842,1.2950533158292772
-2.26453125,10.167031249999999,-0.17468750000000005,4.857181194404162,4.963424561129487,4.938034454855874,1.0774629221281486,-0.35861701905233423,0.9179188705511081
-2.08953125,10.45796875,0.0435937500000001,4.270476199181238,5.120867901198334,5.489588830000016,0.4924243985887385,-0.6026514763444295,1.2612658886501287
-2.1434375,10.381875,-0.1871875,4.510241893024559,5.06028188289694,5.096821150466607,1.0485821049845176,-0.4980534936596652,1.2981387476639907
-2.0090624999999998,10.204843749999998,-0.25921875000000005,4.724657963397323,4.817188622587447,4.863769533720573,1.229329518676521,-0.3990792983440241,1.4065630239024467
-2.08453125,10.04609375,0.002031249999999929,4.524421209422641,5.110881044762335,5.100992299202523,0.7590403938084455,-0.5888757315925285,1.391084044797671
-2.21625,10.25015625,-0.13609374999999996,4.816875121642661,5.1204438565505175,5.043667941459959,0.945436121495955,-0.5319366175971403,1.5882176296512212
-1.9367187499999998,10.46953125,0.17593750000000005,4.530240768535204,4.863154014399856,4.982973421672421,0.6457532050604583,-0.6762625203192093,1.1935141115772046
-2.2871875,10.15,-0.46,3.9155405392925955,4.758049758041628,4.66297484177215,1.3548010160641055,-0.3823597706103607,1.5569874705436026
-1.989375,10.31765625,0.2281250000000002,4.257386916804133,4.73788908105033,5.5769438525392205,0.8088699201845072,-0.4336536016730246,1.1052429176052316
-2.5051562499999998,10.0065625,-0.07421875000000017,4.45246490447549,4.654605991229951,5.122854369357813,0.9111871920558718,-0.4513870382571055,1.0139904445527417
-2.0859375,10.303749999999999,-0.12421875000000007,4.914878151703636,4.951366446497371,5.047831157006783,1.1918196784573991,-0.5358185473028816,1.5400198103771205
-1.82671875,10.241249999999999,-0.3090625,4.594746679186834,4.624737999335746,5.341424996767599,1.231083060722299,-0.37413454116473344,1.8895860401925118
-2.16171875,10.3659375,-0.24171874999999998,4.592035412907705,4.722312965707985,4.695374237842862,1.081637607303152,-0.5489506078333519,1.47192635308502
-2.19734375,10.081093749999999,-0.1782812499999999,4.195258946934735,4.700018988388338,4.597391772342057,0.37961878503216173,-0.6985138850305642,1.1221647037704967
-1.8543749999999999,10.3875,0.12078125000000006,4.304204657584836,4.6582799266467445,4.9190139080051845,0.7750207254955535,-0.6716916959971696,1.446575569780832
-1.9498437500000003,10.275,0.019374999999999976,4.16280685512623,5.31376337918805,4.6444435467959995,0.6717055759249956,-0.6510418690172941,1.1647187302878408
-1.9003125,10.00359375,-0.2109375,5.0602911751542266,5.205910213157823,5.113271860667468,1.0784782273615057,-0.5707283115509696,1.4813824322706766
-1.9782812500000002,10.272187500000001,0.05218750000000005,4.216254837933594,4.9669716845220435,5.308561913535883,0.5027447342081572,-0.6155107390877727,1.3140575160976637
-1.91703125,10.11640625,-0.03593749999999993,4.503192159349125,4.849025793647724,4.934538263211032,0.851088769525407,-0.40931633596334716,1.4158031715179438
-2.03109375,10.343124999999999,0.08171874999999995,4.084080036092699,4.9022653803496805,5.152866178972479,0.7330417161470566,-0.7488398857651614,1.2126703403434211
-2.0440625,10.20390625,-0.14578125000000003,4.375558435342139,4.441468513195939,5.062732650421947,0.9040645859045062,-0.4881759808672053,1.4787019394892191
-2.25,10.1759375,-0.6268750000000001,4.164349063779356,4.792782894216444,4.634307147176911,0.6730243920244436,-0.5086437410908579,1.1118633972287146
-2.0275,10.1946875,-0.0048437500000000355,4.159707772187849,4.593716485847135,5.243479579495465,0.4591728247433218,-0.5408760604694983,1.1168199761699622
-2.0490625,10.26640625,-0.015781250000000108,3.806199186339799,4.3843939743664615,5.183490560389633,0.44041687004445723,-0.5920493636935579,1.0360114228107173
-1.9990625,10.14390625,-0.1040625,4.620435152244186,4.56526136203733,5.313131350352045,1.0786455373394073,-0.19407221821458598,1.039591094697739
-1.8245312500000002,10.192968749999999,-0.05859374999999997,4.720322727872897,4.700104945532965,5.438093607594571,0.9712966991212729,-0.44424598703576584,1.3496093577432717
-2.2360937499999998,10.14484375,-0.09781250000000001,4.252284539363627,4.5823247348464875,4.977692885749757,1.225766260453475,-0.4362961870401677,1.0414255943131152
-2.055625,10.199375,-0.021250000000000074,4.606384792803897,5.117279512531536,5.171264805393357,1.2577175225005666,-0.4724846057313923,0.9538820934106488
-2.06828125,10.08578125,-0.25796874999999997,4.611465180221839,4.813680311326089,5.019925665438029,0.9986349145378279,-0.5734276090328408,1.0456021814453302
-2.1548437500000004,10.03875,0.08437500000000014,4.30184880029342,4.353840797215718,5.062169703731296,0.672305343635351,-0.586711369619633,0.9442310099003103
-1.7509375,10.0121875,-0.037656249999999974,4.752691907865873,4.92419361061725,5.003080845272834,1.100195867452237,-0.3478268387123827,1.256553751651361
-0.9256250000000001,8.46140625,-1.4028125000000002,8.55606964291286,9.429843726698811,7.739738664182645,-0.012667400603010984,-0.4644625505155973,0.34551716500224733
-0.7282812499999998,7.765625,-1.6684375,7.810586676645899,9.708044807497286,6.478002976118007,-0.16799289029605685,-0.40967384022294817,0.3677930556083149
-0.8404687499999997,7.946093749999999,-1.76453125,8.229906672786358,9.87383357307135,6.289694679018485,-0.1686545622664173,-0.4379094007559351,0.5480242230862371
-0.6373437499999999,8.2603125,-1.72421875,8.847479733338526,9.459990249854583,5.399297930254306,-0.24073707514285478,-0.5194615242293144,0.35490643823808943
-0.7434374999999995,8.0315625,-1.49578125,8.593859039080973,9.848775180630014,5.736731376807566,-0.0075294498235548984,-0.46944807773119285,0.35579478339885984
-0.45156249999999987,8.9203125,-2.1734375,7.419468734929325,9.598961527287406,5.927170018954556,-0.21519890752188317,-0.6548926835585587,0.3319137343950683
-1.14609375,8.19953125,-1.25203125,7.792409491210722,9.955329042416098,6.241452950757815,-0.24418278030242802,-0.5204241236471231,0.7735885542653939
-0.9959374999999997,8.30515625,-1.81390625,8.088315592327845,9.821240691765269,5.371141236153722,-0.07793578662832717,-0.6310005328180831,-0.08260837225028118
-0.96890625,7.98515625,-1.7964062500000002,8.700152318563793,10.2212326482957,6.152288031493725,0.0211158340446656,-0.5692517744564848,0.38027015703568623
-0.8396875000000004,8.38109375,-1.56015625,8.79737069540347,10.039047221535068,5.625119857664007,-0.06348306763732083,-0.7363194810190619,0.30576956311381315
-1.0159375,8.176250000000001,-1.7884375,8.255089475353598,10.173531451148122,5.885133605840546,-0.0817379651543036,-0.5474337656315987,0.4945414908172613
-0.81640625,8.2134375,-1.6809375000000002,8.582735280635243,9.907578257757734,5.482774365783599,0.055533469183942544,-0.6038772879837555,0.4755620132706908
-0.74359375,8.396875,-1.4071875,8.101678137735474,10.25989307251177,6.08565769575021,0.028000704832676457,-0.6726787072629778,0.41302171990893344
-1.0425,8.311093750000001,-0.94609375,8.372668518757923,9.60062906747318,5.3465460863730465,-0.12433870199584948,-0.6769059514417546,0.19087464643055044
-0.8517187499999999,8.305625,-1.1150000000000002,8.630765383695609,9.780215180883037,5.523703184911369,-0.06879259792876415,-0.5004959480789714,0.2547702386794676
-1.6393749999999998,8.6678125,-1.37890625,7.801747375388094,9.495895901116636,6.027877196095732,-0.04769106498515907,-0.5870053416413231,0.11598584527964616
-1.2718749999999999,8.46578125,-0.98171875,7.904420613452639,9.701511126605403,5.817780277597155,-0.20220648357486698,-0.689636537661542,0.3837189458192151
-1.4218750000000002,8.0159375,-1.89390625,7.831096242504941,10.10317241618165,6.367887359926441,0.08347074193219928,-0.6381163165685279,0.36692969097921124
-0.8865624999999995,8.044531249999999,-1.9553124999999998,8.339699338620893,9.87953818658916,6.399004553627365,-0.19726482076057092,-0.68231435053109,0.4574713935788153
-0.8262499999999999,7.5025,-1.8754687500000002,8.267748994587341,10.009709817222475,6.551413475752652,-0.09737899255657578,-0.4376303683524123,0.21088297767305048
-0.905625,7.878906249999999,-1.9632812499999999,7.748508500632557,9.967284628534038,6.179992176038611,-0.21835284937673458,-0.6020672653215254,0.3782381109815562
-1.2539062499999998,8.415781249999998,-2.075,7.9973912967736505,9.99985434342163,6.365070698743259,-0.10959171799549544,-0.6570808874625131,0.45079633425041804
-0.9934374999999999,7.880937500000001,-2.36296875,8.111088902459013,9.89202546858295,6.08577790828941,-0.13501987683460892,-0.6427155759753209,0.5001412861154146
-1.5446875,7.5649999999999995,-2.151875,7.664499324962052,10.068753181253378,6.923404571406686,-0.1265901835762369,-0.5251813861156722,0.5395160272578805
-1.2510937500000003,8.264062500000001,-2.418125,8.176869839138382,9.963866863376575,6.427990518768287,-0.03859119505725656,-0.7143112498314897,0.45568130266047535
-1.4104687500000002,8.385312500000001,-2.41515625,7.403846430590888,10.051404125909164,6.9821271812812125,-0.005075676883799956,-0.6395444076102335,0.5071669868358892
-0.41281249999999997,7.915312500000001,-2.2340625,7.855483647735749,9.831493555271434,6.318698619660044,-0.024891364845917988,-0.5676480115587261,0.349641024423253
-0.73265625,8.63125,-3.0281249999999997,7.045678472073214,9.972700471161259,7.24009601002466,-0.2333810487956934,-0.7977550816755614,0.26295077908317877
-1.52703125,8.462343749999999,-2.5653125,7.346660312619839,9.960833885490509,6.445171392394755,-0.011307806945304193,-0.6288636584466352,0.07950711088229588
-1.4546875,7.385937500000001,-2.2559375,7.521806624896956,10.173949073299598,6.872159349221593,-0.050345031110534386,-0.6574527343357444,0.2504524998095955
-1.5153124999999998,8.39890625,-2.56484375,8.007218612123923,9.879373733502085,6.541764381692904,-0.08831687920555492,-0.7215440578892475,0.2541265603914299
-0.88328125,8.369843750000001,-2.2289062499999996,7.7633125691226965,9.912806504118091,6.361201271474668,-0.0811543645706486,-0.6277686600537976,0.19859518190407333
-1.05375,7.98984375,-2.08984375,7.98153993208704,9.762735031131692,6.15649517080018,0.02341239742448825,-0.598900376765751,0.47001935173791326
-0.3543749999999999,8.37703125,-1.84265625,8.387105407074303,10.04739015859459,6.417442842116783,0.052140603140992135,-0.6469352319300622,0.3342755458031929
-0.559375,8.175,-1.6978124999999997,8.031961909108821,10.061403201094766,6.866160105171139,-0.22382910253570942,-0.5924897057150239,0.1488139296268254
-1.3459374999999993,8.996875,-2.2575,7.914610839838795,10.008610960536682,6.327798787888249,-0.013787283156607858,-0.7511403624155404,0.5964411163328402
-0.7653125,8.233125,-1.9489062500000003,8.000522633074901,9.74957272701604,6.934770885992625,-0.18449153349189937,-0.5701384787398364,0.5421695001757778
-1.5734374999999998,7.667187500000001,-2.26015625,7.674031131588779,10.473182937380773,6.61553297460499,-0.09964767408472489,-0.5979505273913298,0.4362278919899678
-0.8753124999999998,8.84828125,-2.2418750000000003,7.541533118494127,9.931988023975785,6.3271735087142185,0.05785867789818084,-0.7902619082282206,0.4667283307060457
-0.9003125000000004,8.59171875,-1.766875,7.86485516569401,10.148184498145392,6.510253901298705,-0.06338122013998443,-0.5892938653747433,0.22390048339212218
-0.8743749999999999,8.487187500000001,-1.0345312500000001,7.34442047471242,9.967605572044059,6.906234260092358,0.04234106467531332,-0.7524335296154702,0.5857087184897729
-0.5917187500000001,7.8432812499999995,-1.22609375,7.478144939314724,9.584039964748603,6.5820147032432965,-0.18672301576499267,-0.4359203858350725,0.24194108598413094
-1.2131249999999998,8.42953125,-1.3498437499999998,7.7360616342797455,9.939713500286285,6.380165185015662,-0.14092946710981252,-0.6338507163372857,0.16142503876199388
-1.080625,8.2209375,-1.9620312500000001,7.839310571368824,10.194812669740124,6.253026811994608,0.02474373839917038,-0.5616826994642479,0.2751955639424607
-1.1607812499999999,7.976875,-1.7479687499999998,7.470796540674122,10.431768916841238,6.274559790258073,0.027690149455604787,-0.5255120346936961,0.38749362572394747
-1.0301562499999999,9.099374999999998,-1.4857812500000005,7.132581381455521,9.808650817486317,6.414000507845976,-0.03975743161150862,-0.6662461196529798,0.6039811702268408
-0.9468749999999998,8.20828125,-1.91,7.255117132712262,9.67061860655245,6.531003942733459,-0.20778300847668668,-0.5771898880192198,0.44857238688922946
-1.57828125,8.37984375,-1.9035937499999998,7.614125556056877,9.6932828694971,6.379200666812492,-0.0796781330213961,-0.6644860865314021,0.3974715208441738
-1.08453125,8.54609375,-1.6462499999999998,8.484819519605201,10.075997409870197,6.792507706105309,-0.07854578591119853,-0.7441816950506971,0.3765021610943101
-0.7471875,7.9371875,-1.0685937500000002,7.714258605973989,10.120028635821331,6.910730077926712,-0.0877634883461033,-0.5046305031977845,0.28827535423444167
-1.24765625,8.771875,-1.2526562499999998,7.353948926891996,9.942961372718644,6.650933027165131,-0.04487035940720167,-0.6585743068891374,0.12860344315907823
-1.3559374999999998,8.215,-1.40859375,7.192021560110463,10.00262653006699,5.889435156274406,0.18660213106772286,-0.520192351950761,0.10312148860698123
-1.4021875000000001,7.4584375000000005,-1.1862500000000002,8.158508110545931,10.070472651946073,6.695581215436043,-0.0244039234608936,-0.48825932110337383,0.415598248601838
-1.3024999999999998,8.47515625,-1.3335937500000001,7.474459846704644,9.84662124668081,6.780828297299744,-0.04331964850236293,-0.5656904112243113,0.48724461516559175
-1.34390625,8.03484375,-1.7007812500000001,8.245031954377795,9.994273359058473,6.638154229689789,0.13360533444946923,-0.5630314848173045,0.16585146487156344
-0.6782812500000002,8.27609375,-1.00046875,8.71610677759276,9.973259186630564,7.034787316811607,-0.04273627479292463,-0.6693387548893736,0.23508329982137313
-1.07515625,8.69609375,-1.8628124999999995,8.343590914623388,10.169623828033705,5.994358407272938,0.028093727895595562,-0.6317528633010558,0.1413796776278906
-1.2256250000000004,7.5023437500000005,-1.4878125,9.071679295167737,10.182886799397112,5.909006226925451,-0.021436595460716003,-0.5199309521246872,0.21159151583429014
-0.8784375000000002,7.62546875,-1.3606250000000002,8.431058136947803,10.475001331993875,6.819049804362408,-0.041552853619112345,-0.5664541357075308,0.5605898463718947
-1.5628125000000002,8.680937499999999,-1.4687499999999998,8.161393391440198,10.08074134159258,6.796825430853731,0.024163443114891162,-0.7148130526582174,0.46827007835084133
-0.28359374999999987,8.7675,-1.1325,8.631389004526499,9.857645192945423,5.863184395019484,-0.08989866250083924,-0.6690288734584149,0.0929567197656503
-0.45781249999999996,8.486875,-1.41578125,7.76287931213952,10.00021200947135,6.794882450392239,-0.19096330037400605,-0.6296932020913089,0.24053564151455928
-1.30265625,8.92609375,-2.21765625,7.465724019265375,9.908556374604272,6.23272079988635,0.1339291160360634,-0.7016140458286484,0.09813216610979178
-1.348125,8.13609375,-1.8409375000000003,7.505871633886033,10.188438395000036,6.064960510678842,0.07531176078288063,-0.5521853164396854,0.40439462187767883
-1.09640625,8.5075,-1.3768749999999998,7.164078004004488,9.59561602373709,6.987021869822292,0.08448489882921993,-0.7259939462749552,0.5303320453213146
-1.68078125,8.498906250000001,-2.21375,7.7070676380286445,9.972694457427789,6.733133209175354,-0.003471549316842948,-0.6114055631907735,0.1748132170732993
-0.18359374999999994,8.798437499999999,-2.4335937500000004,7.522034167860509,9.989778091058568,7.302556779817665,0.007890898707052977,-0.8035532461722229,0.26982040750543673
-0.9601562500000005,8.29265625,-2.104375,8.104972912544861,9.910624703157513,6.406202774216173,0.017250335716887524,-0.6056615001700991,0.36794889000214964
-0.9928124999999998,8.0634375,-1.82515625,7.566603528984702,9.958852879905082,6.678292491392237,0.03512451799853467,-0.62103744981514,0.5164759757948055
-1.5076562500000001,7.826875,-1.8514062500000001,8.094384577862355,10.621490872724742,6.613023577378273,0.1137282368581384,-0.6398265160525873,0.6874680772955507
-1.2040625,8.85703125,-2.2978125,8.385020259134366,9.984081185768845,6.808411265841962,-0.07203579568278791,-0.7142500624873834,0.16737887061679638
-0.5799999999999998,8.6478125,-1.5106249999999999,7.852741559480994,9.995111847290342,6.664680430026259,0.09904347823081634,-0.7203977921978078,0.13903104998662333
-0.9607812499999999,8.5878125,-1.87453125,8.081557380984709,10.261842924876786,6.833367336480122,-0.21285710914866285,-0.6970948407090405,0.3729519540710404
-1.5125000000000002,8.880312499999999,-2.3359375,7.249542657988848,9.936575423773714,6.798485060739176,0.09264442998825913,-0.8053634631234444,0.45361118228549635
-0.9276562500000002,8.3065625,-1.6760937499999997,7.880812882839939,10.34683257976052,6.025816494775703,-0.00011904473769963012,-0.7597679643072291,0.36467557817747664
-1.8395312500000003,8.73046875,-1.7959375,8.197590047860007,9.841722478447227,6.263752299627896,0.14573291397204605,-0.7160627168668675,0.5960323742391159
-0.42062500000000025,8.75921875,-1.8681249999999998,8.171466337774083,10.077484077246089,7.085938733461855,-0.06170397557475384,-0.681535753739935,0.35417917043480085
-0.8456250000000001,8.18171875,-1.52921875,8.347293138160119,9.918708420626066,6.8633973240042305,-0.09222744271265247,-0.6946710389501956,0.2665552035342966
-1.0015625,8.265625,-2.2325,8.029822775665336,10.06761281210074,6.775022140185226,-0.017734672775400598,-0.6980829846238038,0.40838794804401174
-1.2974999999999997,7.530312499999999,-2.3664062500000003,8.971235631171439,10.331065253754995,6.651179727872412,0.044810420660596685,-0.5509324476241556,0.24048938069090298
-1.1331249999999997,8.64859375,-2.044375,7.93863887006929,9.76747790296763,6.2845176512899545,0.10744755126867866,-0.7315059677079627,0.49510753618085984
-0.5789062500000002,8.7096875,-1.5450000000000002,8.29200200441431,9.973210987557806,6.793271947301977,-0.08380235541449695,-0.6182945232544232,0.33988048246576313
-0.33796874999999993,8.515,-1.24453125,8.105434361372833,10.024515574330762,6.874616564236397,-0.008307146715071725,-0.6215559276814308,0.12370675824382293
-1.4967187499999999,8.86765625,-1.9803125000000001,7.962768452045961,9.885323676761217,6.655904561165503,0.11919195016345872,-0.8040240552347457,0.17548733793381374
-1.25,8.25578125,-1.8453125,7.438711245908124,10.421869554674364,7.325610249483912,0.16587370935762655,-0.634179748869162,0.437200645085985
-1.14,8.774999999999999,-2.1785937499999997,8.094208577742483,10.231365530807702,7.540715290008032,-0.23782487827936868,-0.6657900845846982,0.42340342000316394
-0.6867187499999998,8.524687499999999,-1.6123437499999995,7.12778324031381,9.82578129348215,7.620698118895404,0.32449561149692857,-0.735605667697608,0.3456558708922358
-1.05171875,8.98296875,-2.0809374999999997,7.337155561482832,10.146666429129493,6.908741002968179,0.10752625563794811,-0.8189536624051031,0.4887183564791845
-1.5065624999999998,7.89484375,-1.42671875,6.624724338309764,10.119453572233333,7.355136822037944,0.10968037273899155,-0.7129965967510898,0.25259349417161936
-1.5059375,8.7153125,-1.6003124999999998,6.92961753065014,9.788541287002051,7.627470085312938,0.2584318587884896,-0.649933045138624,0.4481446197161292
-0.9573437500000002,7.709375,-1.2375000000000003,7.585724924609113,10.19297780260386,7.190366602267231,0.2601255995750635,-0.5607403400985991,0.12664212140654424
-1.1909375,7.942656250000001,-1.3367187499999997,7.158076670523567,10.35707325366756,6.557691823034873,0.3335119275676049,-0.5948135883989837,-0.12531304469442214
-1.345,8.604531249999999,-2.20078125,6.8155392303177305,10.09149362236698,6.8737667768224755,0.40693436248017834,-0.7098144611717732,0.4331272302966124
-0.9542187500000003,8.59484375,-1.6790624999999997,7.539211208054092,10.46203672692779,6.36924439169151,0.1707588173009915,-0.73910284414547,0.3014447152042998
-1.0934374999999998,8.43609375,-1.7407812499999997,8.033183175652958,10.036123445021536,5.965212775094317,0.016255675395056478,-0.5932390282980176,0.5502817569540998
-0.78171875,10.11625,-0.6306250000000001,5.550533914264324,7.204559862510686,5.564640283466219,-0.5475414583889806,-1.3074671615681746,-0.2382731005330017
-2.2296875,9.831406249999999,0.17062500000000008,2.5624176625491306,4.097000376490212,2.9889483283213516,-0.25180098016756425,-0.1088701727311562,0.750416068356692
-2.2746875,9.8153125,0.16781249999999998,2.193844348932656,4.111229275088383,2.368343612072317,-0.3485181240521091,0.1651260745523326,0.5074331938160395
-2.41734375,10.194062500000001,0.45984375,2.5334384010344393,4.4604584681503034,2.514626272050369,-0.49174103709015254,0.29666232012350635,0.2864113277558302
-1.9496875,10.192343750000001,0.693125,2.8390502201165355,4.537950302100712,3.5520270951071025,0.001912718520605139,-0.49187624662338225,0.41937102778480706
-2.4309374999999998,10.02140625,0.4684375,2.4658978580009654,4.590691283451866,2.666705140917111,-0.4737943695867987,0.06179110638393825,0.25763705465636577
-2.6271875,9.639375,-0.04421875000000004,2.9552476994058807,4.176733500521071,4.088310624775035,-0.15374817743659214,0.2170739226906865,1.3402480580911877
-2.6321874999999997,9.921875,0.15921875000000002,2.730155941488279,4.600528459794049,2.6662680523811626,-0.8695346702917739,-0.04939057681185558,0.2471162851587875
-3.1334375,9.914375,0.20765625000000001,2.9733021514124243,4.817175934546609,3.6700646035643483,0.11958442511190065,0.2546953785698223,0.8278908856992396
-3.02984375,9.7809375,0.70453125,2.5759097253370387,4.551323200025872,2.9790434337675302,-0.42058283440640315,0.1592681807413446,-0.08480710386921894
-3.0478125,9.6359375,0.9493749999999999,2.711270152501176,4.584236140961082,2.98126120280914,-0.07944577681591976,0.26197030110062797,0.3880644032481406
-3.43671875,9.9228125,0.10000000000000009,3.134487126452817,4.120187142575413,3.987036415058182,-0.3585979819204188,-0.005772502958231763,0.343810331075415
-3.54765625,9.5275,0.6370312499999999,3.09447983421058,4.551139280443964,3.1475335977592738,-0.36605212607344445,0.024516076632315417,0.4147082121919861
-3.4109375,9.1503125,-0.055468750000000004,2.9783351676891154,4.495141463551926,3.396599830017283,-0.3772667870353496,-0.011317214530622711,0.9227421152943922
-3.14609375,9.766718749999999,0.5309375000000001,2.9152581452953594,5.012581998920161,3.326707136357775,-0.5310896292061902,0.15728563143100976,0.8696198564197096
-3.098125,9.31484375,0.8573437499999998,3.3087676496506977,4.832177625107126,3.3494021118456256,-0.38939908423301184,0.19555447023084194,0.7729884150492067
-3.3246874999999996,9.405156250000001,0.39453125000000006,2.976977267690123,2.6021451440275074,3.296076706521472,-0.6122642949758902,-0.12752639455564782,0.10475317854832654
-1.3156249999999998,9.819218750000001,0.8284375000000002,2.785932224476216,4.2367950389591,4.427928839603653,0.2433816856822802,0.26775526263122984,0.0990867803173281
-1.006875,9.867656250000001,0.83484375,4.022094788089286,3.976774266831842,3.1258628769646855,0.4065735482657231,0.21615568673633503,0.7618516584823067
-0.3606250000000001,9.97140625,1.3939062500000001,3.4576635332800962,4.227593459636456,4.285481528219546,0.4887532952257104,0.15645400799037354,0.7206342929585811
-1.0945312500000002,10.0846875,0.6232812500000001,3.7540623536741418,4.408493566666935,4.2504658034030145,0.32229078891294494,0.1468785121858485,1.0870049440741214
-0.630625,10.205625000000001,1.9142187499999999,2.5644759911870882,4.127516230661607,4.409954933403338,0.018938072719291835,0.018716336513679738,0.7859312534011244
-0.80390625,10.094843749999999,0.53046875,3.1159757787426616,3.9061445954529046,4.219359929867732,-0.5070852814871644,0.10021524670783752,0.7281032066628302
-1.1846875000000001,9.83421875,1.4956249999999998,3.1452702431339263,4.3843691837764345,4.757222100067959,0.44052522947977063,0.3303435854172561,0.8534983061292846
-1.1107812499999998,10.580000000000002,0.7464062499999999,3.5062570430800473,4.346911619184361,3.9270334570080934,-0.5081312601412362,-0.26685025482447383,0.2143093690529074
-0.5754687500000001,9.5109375,0.9390625,3.4855791886390186,4.406277737058089,4.405583005811348,0.8931537644124781,0.3348418666572455,1.007423352479154
-0.8004687499999998,10.256875,0.941875,3.5192299538071445,4.729731386069932,4.521731165646074,0.15307973564990357,0.13536271354374668,0.6424336307342223
-0.9317187499999999,10.03609375,1.33390625,3.8534739013516672,4.324741183436407,4.126193621694326,-0.543574942023542,0.43707134652811563,1.3266982616091176
-0.6798437500000001,9.85859375,0.84484375,4.204747871524039,4.853323238767529,4.920422680073933,0.06745742604226912,0.08127142626063595,0.665610592305934
-0.9568749999999999,9.7653125,0.8820312499999999,3.9379626216325363,4.584885484103583,4.650557822619072,0.5509471245127036,0.28495851479801676,0.24578414995006437
-1.0814062500000001,9.93078125,0.60265625,3.265293759366979,4.412201585053479,5.306100334222482,0.800332580456486,0.38520920767784594,0.35459768589377605
-0.008593749999999956,10.013906249999998,0.26734374999999994,3.911627245784155,3.4317800670659153,2.878803051067568,0.1908914897763881,0.28540193998032937,0.4790065014360017
-1.6134375,9.7340625,1.029375,2.4898056015668675,4.513052846587745,3.112926614839322,-0.9018183981123697,0.0370165856489571,0.3104476640527026
-2.81,10.05,-0.26937500000000003,2.9672741068192536,4.732275483316668,3.4666513358535207,-0.15004881089625527,-0.09882559132753188,0.04990648244537514
-2.6440625,9.7096875,1.0053125,2.6901473697724723,4.561681080187846,3.0302578112008476,-0.12476792626760459,-0.059004810516357545,0.22592660711419302
-2.0275,10.19234375,1.16890625,2.9485796368760333,4.281997833294167,4.1941969274476065,0.36414971411339725,-0.09960594656808268,0.9670152667905119
-2.21796875,9.699375,1.12625,2.515512609096491,4.991230395340912,3.1613567597631245,-0.3103421580212064,0.008863171623671144,0.658423147423814
-2.0978125,10.100156250000001,0.18937500000000002,3.2189839569099674,4.759437825319912,4.481522786327768,0.0031586986054544706,0.1375743067146094,0.5144684314753326
-2.2303125,10.1659375,0.5201562499999999,2.7248566296860006,4.692334080294556,3.505378230389117,-0.32315007285005765,0.19987413282758593,0.368905169192937
-1.94296875,9.3625,0.7881249999999999,3.2383428824050484,5.023143002642867,3.900046023366263,-0.6617176682647262,-0.23325053632702497,0.6768004187647603
-1.61890625,10.3603125,0.48749999999999993,3.110208050309647,4.5332266270663935,3.0225925337365607,-0.8585281486893611,-0.2592727624482815,0.31108112642582414
-1.90125,9.790625,1.02515625,2.6983446893419676,5.019221763318991,3.4140001245732163,-0.7349325877130364,-0.08343411139299448,0.7625477268351878
-1.99625,10.175,0.18687499999999999,2.6556234555184965,4.1391492181365,3.708494840818172,-0.404629098474952,-0.17465445432509114,1.0196497749787998
-1.72375,9.876718750000002,0.98703125,2.5303862723900474,4.827887107306719,3.3937109480660603,-0.49696123036457995,-0.34866757816305494,0.9175632037554897
-2.0346875,9.570625,-0.39171874999999995,3.212965418012424,4.60020205908121,3.079352384576737,-0.3412216086066238,-0.457521006049422,0.8510051804330901
-1.41703125,10.05953125,1.1596875,2.683987052692959,4.827598856343952,3.2618001973363957,-0.28702667657971287,0.08257777635903786,0.2937623418368064
-1.58484375,9.987031250000001,1.1348437500000002,2.676452288120589,4.901846169967335,3.571454532201962,-0.6018264115310307,-0.2247114713371339,0.7368551806141469
-2.2040625,9.75421875,-0.11625000000000008,3.1762678171233847,2.629348068371405,3.2089535385386934,-0.16941635997388255,0.34681838003513976,0.3135247663770547
0.5475,9.759999999999998,1.8848437500000002,3.033972746252016,3.2866191785784977,2.7023727954495724,0.025050818404019928,0.6117743684217971,0.6276258696926522
0.208125,10.2975,1.20796875,3.4516689237780325,3.852454169097927,4.404041531539347,0.13856471638263126,0.4991762491798134,0.5594625325880644
0.29343749999999996,9.94265625,1.194375,3.1083593033292902,3.4166939622734636,3.5185845320774947,-0.039804263608622194,0.62333316185529,0.3038143066615805
-0.29531250000000003,10.024375,1.0454687500000002,2.9923381163136877,4.335736267852901,4.523376065537049,0.2834003912910571,0.4066539990651614,1.043102123378417
-0.6449999999999999,9.96640625,1.3465625,3.606254982665535,3.915091141654423,3.788082553693062,-0.08601501700749442,0.05578709727846901,0.8368211647997019
-0.37921875000000005,10.272499999999999,1.1328125,3.2559394308169245,4.376510453546295,4.74038548958244,0.6296548031053187,0.20371856620103632,0.9579875341393405
-0.40656250000000005,9.896093749999999,1.3515625,3.834474058928258,3.988281121449557,4.393343408907816,0.2569744663659565,0.3135508433794717,0.47068470289882347
-0.13562499999999997,10.104687499999999,1.2085937500000001,3.5582017381501854,4.535060628298562,4.185328491882201,0.6375389453972224,0.22641726263381,0.6187381649450443
-0.521875,10.297656250000001,0.61859375,3.8822685358402245,3.664721912278739,4.672415685163397,-0.12293701339118629,0.0584259022879462,1.0351193976892217
-0.0703125,10.15,1.4146875,3.294432789167773,3.188131800129976,4.332331924304017,0.07246589814919457,0.2789375668717355,0.4568205433187081
-0.5984374999999997,10.5465625,0.69484375,3.985761854224829,3.6671081158855614,4.208576062706475,-0.07541407921506439,-0.1372598411457932,0.8321262602565034
-0.5407812499999999,10.27671875,0.8978125,4.352138951383381,4.029837176722955,4.021096891998966,-0.2806917297572522,0.47100186011735995,0.7816095109084933
-0.4032812499999999,10.112187500000001,0.7384375,4.157234302501897,3.960833825073169,4.221277286982431,0.249415056721676,0.5398837186950384,0.47089628088265684
-0.6471874999999998,10.008906249999999,1.2317187500000002,4.250070759980797,4.7808776381759595,4.90957405060749,0.22771751882242044,0.3631473624492671,0.8546551178133545
-1.80171875,9.86875,1.3635937499999997,2.3047027700765317,2.9838138870412143,2.7957246193895666,-0.5625469889086417,-0.5503201667957973,0.3932509999710527
-1.5490624999999998,9.805,1.05546875,2.2715713990746034,4.482252851524555,2.672464879146859,-0.9131218235849046,0.32994494422799625,0.5203999658682726
-2.8284375,9.69078125,-0.14468750000000005,3.3393600709707467,4.454180727378318,3.697435331056346,-0.3790493317133475,-0.021090030755800397,1.3485640529298
-2.109375,9.81109375,0.8648437499999999,2.268146183422709,4.484893085817202,2.886839205876548,-0.48283117812318926,0.18880808349637984,0.5357366650086708
-1.9089062499999998,9.896718750000002,1.5657812500000001,2.6819478213065477,4.257404232146442,3.189424813292898,-0.9382756387932963,0.5284294757106062,0.6718907495389228
-1.981875,9.93765625,0.7750000000000001,2.486330048359429,4.910317499341152,3.332712858918392,-0.36194276248686374,0.1406728355225026,0.2367960317724119
-2.0003124999999997,9.679375,1.2121875,2.488448919978819,4.814212641686592,3.037814010903852,-0.10673295114528374,0.45175372535575004,0.5604091592684115
-2.2890625,10.022499999999999,0.6434374999999999,2.4316993278556764,4.831577770252695,3.9996293651529453,-0.10395508637751313,0.10551775263173267,0.5401207322949886
-2.0639062499999996,9.724531249999998,1.3282812499999999,2.806096943035101,5.138126461101696,3.0468603485224652,-0.6806457168751623,-0.19926663577764508,0.7804114866195156
-2.75109375,10.1015625,-0.11249999999999999,3.2003008243305717,4.209604798385919,3.946888014626207,0.19625063948542723,0.036272400200155715,1.101636764607509
-2.08125,9.49671875,0.9015625,2.6720225836433342,5.217267919696902,3.366872723105783,-0.3919571162769816,-0.21054567909382965,0.3453581360358062
-2.025,9.7775,1.4982812500000002,2.4777503657551945,4.671698031765324,3.121263543566682,-0.28937908054329975,-0.10577045578541974,0.41953257245142517
-2.099375,9.7071875,0.46625000000000005,2.859249177559556,4.667052893941074,3.679780691495079,0.037966932139580495,-0.2450271483949065,0.5613955902614297
-1.7296875000000003,9.68359375,0.96953125,3.003633720569762,5.121591051368797,3.666058608065812,0.13568603512639735,0.14838978372641135,0.6218933337311238
-1.3362500000000002,10.4328125,0.9243750000000001,3.303856884385279,5.226786617018505,3.9038746277736687,0.208826031024934,-0.9637207281503544,1.3526704090711748
-1.8743750000000001,9.767968750000001,1.1046875,2.8070680183021928,4.9750170162044105,3.644136544140978,-0.20760295946349913,-0.03807624289862378,0.725959656299035
-1.7446875000000002,9.535625,0.28328125000000004,3.597890861649885,4.331170047963367,3.683180544162672,-0.7111741135417403,-0.23082449931594382,0.75630940664675
-0.34671875,9.469375,1.3928125,3.2363246199815054,3.3057676278551402,3.1139642483245935,0.06553904936896289,0.378885337958007,0.7650262081874197
-0.21156250000000004,10.20546875,1.84390625,3.505232347305061,4.073501998314649,4.176682900785136,0.3186014574375633,0.09416325823005811,0.4197971693111023
-0.16312499999999996,9.86796875,1.5246875,3.431593960446807,4.137873162812442,4.882550872990854,-0.2804062843569937,0.2895921650974619,0.32228554925416253
-0.7424999999999999,9.82265625,1.54015625,3.698333661934791,4.390282679604576,4.21591682354929,-0.10899049444351479,0.30142975249051346,0.7024656339331999
-1.02953125,9.92515625,1.0685937499999998,3.7309555703295953,3.849222320883263,4.875149634622606,-0.6489953357406495,0.13900289674933097,0.8131554120993303
-1.400625,10.0940625,1.73546875,3.338929878625036,4.636348818962369,4.494521640872746,0.053722599798913376,0.13447573964153428,1.0139382377964112
-0.8871875000000001,10.07296875,1.0515625,3.4205986632231133,3.819944240302918,4.313936072033723,-0.3041100191669708,0.35731506432956206,0.7980716427176416
-1.1884374999999998,10.09203125,1.4610937499999999,3.0997208638188294,4.484161076670132,4.228548479231489,-0.16378263362131348,0.17210880565693287,0.9500551844924282
-1.54578125,10.085625,0.99609375,3.567303255212323,4.39095016589519,4.489178174088319,-0.8273345671449336,-0.1140313588162442,0.1730133764922256
-1.59796875,9.971250000000001,1.62265625,3.8350950035851055,4.427844601214003,4.566778898396104,0.10939074252133686,0.0671901198686242,0.8731722244716242
-1.69328125,9.94765625,1.02546875,3.3915174768676097,4.563574442729727,5.24875995167177,-0.872704663769284,0.0468761410756813,0.7565563707791171
-1.5490625000000002,9.864687499999999,1.509375,3.311670046380489,4.317947272992544,3.7043799561296353,-0.41846093652042815,0.4017586405607513,1.0598886267221377
-1.4412500000000001,10.31953125,0.7557812500000001,3.6285936928099294,4.442048876112626,4.712955483520764,-0.45025113130767835,0.17736071911850632,0.8878879708525009
-1.120625,9.9840625,1.611875,2.888377504651184,4.373798305945732,4.360617027368375,-0.9659651022852462,0.10369724777886893,0.37119401687616765
-1.47671875,9.895,0.79296875,3.1733657480502364,5.045127290267313,4.502572764434067,0.0007829220843714232,0.06653299897215477,1.099348998279492
-0.54796875,9.93328125,0.88796875,2.345988717262604,3.05679062431473,2.0902027261783576,-0.062578638941437,-0.7583068879720818,0.4753077291871539
-0.6656250000000001,9.665000000000001,1.4175,1.9484046959949053,4.285708444936496,3.047222608376355,-0.5875685285726906,0.0631555196842831,0.3392227553229672
-0.48171875000000003,10.11859375,0.34484375000000006,2.8575303775110488,4.219514140865146,4.063533711633993,-0.2856120055023938,0.08636744679870997,0.7958992167368706
-0.6814062499999999,9.945,1.2975,2.384802053622258,4.611808891313689,3.127344120815616,-0.678755684331942,-0.21565701830594788,0.43158494981777057
-0.7982812499999998,9.96265625,1.57921875,2.329858870918674,4.355077942108033,2.8567066400224643,-0.7370122781243922,0.14809746153236944,-0.006464684660974765
-0.42796875000000006,10.46265625,0.6968749999999999,3.281817417456894,4.518807310213165,4.163894614345445,-0.09600812212300652,-0.05639770153559495,0.5140584897773613
-0.69734375,9.86953125,1.45359375,2.366725217856086,4.675482070629021,3.674361495207152,-0.7156980098654538,-0.04100922036166072,0.30850194339989484
-0.31937499999999996,9.7871875,0.5378125,3.3804483222458823,4.546235554262862,3.894644748220786,0.7887047724648496,-0.03580942913583125,0.5191631906753414
-0.63296875,10.190781249999999,1.2449999999999999,3.0219755953719147,4.354405565303769,3.198890432634416,-0.8085590236729483,-0.18757639573447213,0.6194859967508279
-0.509375,9.596875,1.3824999999999998,3.7719221206667295,5.756238429684354,3.894939826236087,-0.8116351148950721,-0.17664983163581668,0.40945392105437
-0.5756249999999998,10.261093749999999,0.24093750000000003,2.356917262946453,4.371333862931421,3.9467829932862726,0.10442071065094641,-0.14778867523030342,1.1452776894069387
-0.61171875,9.912656250000001,1.21609375,2.598161341872063,5.168965153377989,3.847596090900257,-0.2505964000449292,0.1400257856978891,0.32019448901050107
-0.15234374999999994,9.6678125,1.39609375,3.359505517086694,4.953074319535671,4.050395666315939,-0.7272277247265868,-0.2493045545815872,0.7754439346090497
-0.499375,9.97796875,1.5504687500000003,2.843083644456315,5.299950229627014,3.6852363516840327,-0.29202021009654067,0.001641361489460877,0.710265378149226
-0.625,9.7925,0.43453125000000004,3.200738196104142,4.769629833645374,4.404516478034046,0.22368371256176575,-0.49243898443396455,1.2005164399210648
-0.7290625000000001,10.09421875,0.5157812500000001,3.4936713849607766,5.087447421315373,4.0872854701682435,-0.8089935381395772,-0.6327371062617191,0.6101329822807746
-0.5984375000000001,9.773125,1.8478124999999999,3.452312729692047,5.579659452813854,3.672931590003243,-0.4330754625141071,-0.019278881005519475,0.6890981863827925
-0.50890625,9.87890625,0.43187499999999995,2.834946602885306,3.051576496863701,3.314590790636908,-0.9921224890096837,-1.6149789051482784,0.5667521311627766
0.47671875,9.794843749999998,1.5392187499999999,3.360723068909195,3.855481079007643,3.4221736991491882,0.3802819978338301,0.7324805232347551,0.12714373135736773
-0.15812500000000007,10.0709375,0.95015625,3.453812601224189,4.10392255910047,3.34158901768095,0.2111015337835317,-0.004105418616034983,0.442276809716475
-0.027812499999999962,9.63796875,1.0984375,2.992846924726313,4.290627204911123,3.7744611447985195,0.5704631074016903,0.7118447603836762,0.6724020530386271
0.18609374999999984,10.487187500000001,0.8096875,3.859852092854199,4.648495881986317,4.156597154204837,0.2680546850193703,0.22220811020188666,0.40357016938998547
-0.49531249999999993,9.944218750000001,1.10390625,3.390194946805235,3.873271713248173,3.7434875188400105,-0.243979141673849,0.42552750085175844,0.23935463169965074
-0.5157812499999999,10.10640625,1.1721875,2.967684179566356,4.609868614989036,3.202610004331428,0.36511970269392163,0.18527750371744206,0.49700632637391
-0.5357812500000001,10.333437499999999,0.8982812500000001,4.069180969758956,3.7211688430644676,3.9386671106350737,0.9194237810955329,0.21221893350973164,1.375308601026528
-0.11875000000000005,9.993125,1.1267187499999998,3.0726497624200517,4.369183588998636,4.608021218039088,0.00692595152354059,0.2901573831057081,1.1729890433335528
-0.7689062499999999,9.9696875,0.8907812499999999,3.7371313017086965,4.411458435409286,3.909636453961984,0.4415622922375062,0.33037883803847024,0.78603845166457
-0.3665625,9.94,1.4204687499999997,3.1262213706955797,4.201524276973775,4.251407645447968,0.3173563276560086,0.6001170211935308,-0.15622241872182505
-0.8860937499999998,9.85140625,0.4765625,4.219725856464012,4.2494642556398725,3.6944625872505124,0.5677188706787208,0.5059796652728062,0.7714816082267982
-0.31687499999999996,10.047968749999999,1.2278125000000002,3.391717335565421,4.391403598113414,3.531127860166458,0.2884337586752826,0.30929559622286107,0.0011818311396653279
-1.1135937499999997,10.19125,0.40765625000000005,3.6672193856464244,4.2590093845282855,3.4619479443423087,0.6011952362373082,0.3458675575508331,0.9893876607589472
-0.7509375,9.86671875,1.44765625,3.3911358342145115,4.1638931807742665,4.428366919004786,0.7806540940777312,0.5320509334059119,-0.061490348590253485
-1.4142187499999999,10.00859375,1.5812499999999998,3.955223130829465,4.02083319536647,4.082709922649416,-0.020274854887960252,0.6096168881547824,0.5001384932839253
-1.1503125,9.87796875,-0.8987500000000002,0.8468341203233074,1.5906594344872937,1.56413664284806,-3.027106756248453,-3.2814811072246868,2.802320586906403
-0.81375,9.99140625,-0.443125,0.10509668167929948,0.037285519453770136,0.13570274269520127,0.423109389673001,-0.37273976669072006,-0.11665242712464015
-0.9459375,9.97,-0.5278125,0.14006381079261693,0.07626024521334798,0.15042095879148623,-0.6844467329354996,-0.5345957644087493,-0.29340149735673127
-1.0228125,9.95046875,-0.62203125,0.18430162734970626,0.07425525418068055,0.13244314449392047,0.7978283598580039,-0.0318754417796651,0.21448368095552064
-0.6696875,9.965,-0.40125,0.5908282553701626,0.6010563617498779,1.0598002465087466,0.15523843820842048,2.6432456245291043,2.1322067737388717
-0.6439062499999999,9.96203125,-0.45749999999999996,0.32951487631203774,0.16424238650067616,0.7687367885043619,-0.05493928385522173,-0.46518837565045934,1.0526951677398522
-0.6739062499999999,9.845937500000002,0.978125,0.21301127601828382,0.12488393048647206,0.1805882315517819,-0.9433246149148848,3.2397458235780867,-0.45441357080961886
-0.85421875,9.89421875,-0.052187499999999984,0.6446360520855451,0.3196179588953622,0.9926927847243325,0.3518068685867002,0.8454230873953753,0.46143043985578647
-1.145,9.93265625,-0.8953125,0.07485402460789933,0.05348020041040888,0.08054441224411536,-0.18541386197535994,-0.38151889705074815,-0.2980501176438266
-1.13328125,9.93328125,-0.84765625,0.06823797255515067,0.039213147010122816,0.06800142892570346,-0.4623991964008205,0.15496396761123982,-1.0102258703054738
-1.1301562499999998,9.935781250000002,-0.8873437499999999,0.0651078957265361,0.04523565682553423,0.09026423342574567,0.38045158465532614,0.24869242312675402,-0.37055830990853944
-1.2492187499999998,9.87734375,0.049687499999999996,0.7927233610462338,0.3505452992637863,0.8913963217019408,-0.2006188949967705,-0.5269363166610231,0.8748099992940094
-1.08625,9.749374999999999,1.27015625,0.31093357409581873,0.09322142658745362,0.26318655567094895,-0.3851801944956487,0.11041712364009522,-0.6735900589208047
-1.033125,9.724218749999999,1.3976562500000003,0.20084878484820362,0.066820765099163,0.10462346455713221,0.20821685327267647,0.01285864065577903,0.336911902763914
-0.96515625,9.71390625,1.4773437499999997,0.08604127257274559,0.022818385370957116,0.053567777963412895,-0.45251084131780495,-0.20952978200246,0.5063865516230064
-0.875,9.7196875,1.5037500000000001,0.07800240380911347,0.03657051194268418,0.06001301942078906,0.28376115744401714,-0.05359194855113479,-1.0395791935848653
-0.89109375,9.72203125,1.480625,0.0488657979668551,0.026878179317757052,0.0490495603955836,0.3265383161328309,1.2124145220416853,-0.5556797020178619
-0.8451562499999998,9.724062499999999,1.48125,0.06302261963721834,0.023632521950693264,0.04852512235945423,-0.24669364606074076,1.09395722683328,0.3356814768487923
-0.80140625,9.724374999999998,1.46,0.10029436654636939,0.04541045446810677,0.06252499500199903,-0.13426244196616088,0.04112579851631137,-0.7011104991569176
-0.8612500000000001,9.71890625,1.4784375,0.09220391802955014,0.04039326937668585,0.06612532490468387,0.20914663234665087,1.1606729386455983,-0.9159799584972457
-0.9664062499999999,9.715625,1.49109375,0.10039557988745074,0.03587630659641552,0.06471372505842561,-0.031571785645840095,0.898224068219847,-0.16757394003370607
-0.8954687499999999,9.7259375,1.46125,0.07245536745774946,0.03155940578892451,0.07231657832060366,-0.8383287925380768,0.7332887919288591,-0.9925175144827131
-0.8228125,9.856875,0.2028125,0.39272473164259725,0.2761333181182597,1.2278124204632197,1.9699342751530267,2.730813379059034,0.10767110679958214
-1.064375,9.927656250000002,-0.9824999999999999,0.24675313447857153,0.08893013738850003,0.38507304501873413,0.2641597326982214,0.6649955538083562,1.51213876249827
-1.1828124999999998,9.772187500000001,1.06484375,0.34102084224245,0.2333483765612052,0.46123811701325973,-1.3353019207845818,-0.744540739971969,-0.30151511149967375
-1.00609375,9.74515625,1.1595312500000001,0.502831411818054,0.3153915829345125,0.45964466468505594,0.04997931240496075,-1.782064944514733,1.4142622773336126
-1.0999999999999999,9.473333333333334,1.9466666666666665,0.2861235164516658,0.4296768811819201,1.226086819474416,-0.10450829243651087,0.3155771660624738,0.7048496575253616
