1619490477271 0.5152496728264299 0
1619490477504 0.518102639382068 1
1619490477725 0.5246481861418183 2
1619490477946 0.5263276744379088 3
1619490478179 0.533590305780341 4
1619490478413 0.5524550090475019 5
1619490478633 0.5507407715555372 6
1619490478878 0.5548853216170155 7
1619490479121 0.5534464871106091 8
1619490479340 0.5449908606676847 9
1619490479573 0.5843761863629865 10
1619490479813 0.5687655467902327 11
1619490480061 0.5541846837610935 12
1619490480298 0.5504372841230016 13
1619490480536 0.5626719343909806 14
1619490480778 0.5866030637849176 15
1619490481030 0.5671309277228057 16
1619490481285 0.6045997143034438 17
1619490481508 0.576472612369152 18
1619490481737 0.6011526746655437 19
1619490481989 0.5881217332680789 20
1619490482315 0.559239995221639 21
1619490482550 0.5817535831733824 22
1619490482869 0.5468049575442516 23
1619490483149 0.5441535814483673 24
1619490483421 0.555407186889507 25
1619490483747 0.5692943490715763 26
1619490484020 0.5648082365433994 27
1619490484314 0.571269540586836 28
1619490484636 0.5976248127241476 29
1619490485019 0.5796678630594405 30
1619490485304 0.5975515151499537 31
1619490485651 0.6176933118143487 32
1619490485985 0.6242715928923701 33
1619490486299 0.5915104279319746 34
1619490486529 0.5927829382409809 35
1619490486759 0.5726383771710947 36
1619490487004 0.6158448948107552 37
1619490487233 0.6291001131467733 38
1619490487454 0.5928742751451412 39
1619490487676 0.639847014038687 40
1619490487895 0.6285369914959424 41
1619490488120 0.6388432830364108 42
1619490488342 0.6425605840675911 43
1619490488567 0.6481151588125914 44
1619490488793 0.617894434511814 45
1619490489012 0.6377572352200982 46
1619490489247 0.5930614707321483 47
1619490489469 0.6264425509662587 48
1619490489691 0.5923695316223585 49
