-0.4128125,10.23359375,-1.5646875,4.019127691719156,5.556683297837023,5.80518638502191,0.4819824216756579,-0.3925335740081396,0.5881211499778541
-0.42593749999999997,10.186718749999999,-1.5684375,4.114963061327981,5.623492035283631,5.769725193507378,0.46291709146147136,-0.6307685825109424,0.8018108421008415
-0.254921875,10.283359375,-1.414609375,3.9760236488728893,5.7034522546304895,5.627000602888906,0.44361822769913484,-0.636641290513378,0.8552543382782344
-0.013046875000000006,10.255468749999999,-1.560859375,4.198339805542512,5.662419819986279,5.992855906637887,0.7112674623866886,-0.5566987436643519,1.104247281943031
-0.07859374999999996,10.218828125000002,-1.507890625,3.7388406321292886,5.41959229628567,5.752281565325807,0.7236752976464665,-0.5809942607326478,1.098027881430955
0.05539062499999998,10.20890625,-1.446171875,3.5610876372131184,5.814874546472257,5.671703492047957,-0.3161443266252662,-0.6607116902971312,0.7030370612793478
0.04554687499999999,10.203984375,-1.467734375,3.8066840492648892,5.681274661641158,5.621541883522114,0.17698341106428764,-0.5152818819868316,0.9521664860593805
0.20046875000000003,10.219375,-1.51171875,3.7220315058141886,5.648356474176802,5.86397983846282,0.3458581493669646,-0.5951186033816274,0.9691240749895834
-0.06124999999999992,10.280078125,-1.45,3.754794851253527,5.714662268030061,6.214626522366408,0.39557077494498344,-0.5854242472946714,0.9026670804568229
0.09484375,10.053203125,-1.5924999999999998,3.3199842300959714,5.710720173169076,5.685439736731013,0.01670949781068711,-0.5356604842353792,0.9736538476343323
0.054140624999999984,10.24921875,-1.625078125,4.094843847630164,5.689807719918876,5.981820243988989,0.4514482580486184,-0.5833005485732234,0.8794079237296013
0.28531249999999997,10.161640625,-1.48671875,3.555888148879791,5.695846317896894,5.581114515345339,0.16549829725709392,-0.44923539834267934,1.01340487198914
0.29070312499999995,10.21265625,-1.3896875,3.383357980522492,5.424618575931025,5.406538567081877,0.06534912424306098,-0.5429162973916184,0.9986105746039531
0.22390625000000003,10.28734375,-1.3512499999999998,3.6441486133541448,5.596036053032177,5.610434753653232,-0.006492791289122493,-0.4977327230537377,1.1747379643870353
0.2866406250000001,10.33265625,-1.309609375,3.6936013670061376,5.764394548158196,5.882093112036064,-0.027933024676849758,-0.4933547660675087,0.9053592278370192
0.07874999999999995,10.274140625,-0.8693749999999999,4.266829362946215,5.995748953339742,6.156676603239365,0.3867589306558276,-0.6972627939275857,0.7120786621628051
0.353046875,10.188203125000001,-1.5368750000000002,3.829648637316841,6.235554234788615,5.773912742618735,-0.10616606776046968,-0.5910124517320566,0.9634027549642824
0.24179687499999997,9.915312499999999,-1.442109375,4.212485985435469,6.249507722800553,6.1452211682564455,0.03279526212920807,-0.49870925691251994,0.821295683428665
0.26320312500000004,10.318593750000002,-1.2442187500000002,3.6207738152555504,5.811246737788798,5.926424091697155,0.0262434680281891,-0.6051871235145189,0.9733630023732112
0.3134375,10.25484375,-1.435546875,3.6800334232305216,5.642770953891885,6.179581019448466,0.4424748058587484,-0.5009045850930429,0.9758749248781099
0.30546875,10.209296875,-1.576328125,3.8491157384227144,5.815655082350158,5.964990684073529,0.1582329036412146,-0.5296715883853353,1.0165245532464129
0.3153906249999999,10.233515625,-1.4073437500000003,3.8455725155576133,5.915158967359276,5.674643364946905,0.06027152989176785,-0.5875108507150786,0.9245070656073539
0.22882812500000002,10.325312499999999,-1.5723437500000002,4.097146991561199,5.79949350394875,6.021332193280482,0.27553089182039875,-0.6570617369148918,0.7412026728301525
0.3071875,10.441796875000001,-1.3586718749999998,3.8883061739456357,5.890562955057032,5.68307277842137,0.12184930670380265,-0.6834402629210786,0.7960941387025742
0.385234375,10.05828125,-1.3451562499999998,3.650483479289882,6.044869093570053,5.686604048163186,-0.10255906962890139,-0.597048039273973,0.9094804822852871
0.40757812499999996,10.35953125,-1.2165625000000002,3.7464885113625375,5.940154782728598,6.097894159756609,0.17024044573598668,-0.6182486516567798,0.8077941711438736
0.294375,10.2021875,-1.5914843750000003,3.9468598574531377,6.037686842023503,5.93956307445092,0.08220677714504251,-0.5689609344891667,0.9425124969024941
0.257421875,10.415703125,-1.274375,4.061429136956779,6.101276593313504,6.05488758540363,0.20940619997799528,-0.6498539804282535,0.6926794201812604
0.35390625,10.448046875,-1.396484375,3.894769576459041,5.826829387973595,5.712501721805506,0.18276032657253366,-0.6441295881930451,0.9234874612975963
0.42468749999999994,10.0071875,-1.4293749999999998,3.9781064782561755,6.151300413517759,5.726580943012593,0.2693784271533569,-0.6157883090496843,0.9358133080618238
0.38781250000000006,10.232812500000001,-1.114609375,4.009587910851157,5.847282880949385,6.131105617864702,0.46334333829812013,-0.5011289268419238,0.9941864884717447
0.431171875,10.473046875000001,-1.1780468750000002,4.040721744992964,5.75561526883119,6.0343319921556136,0.6951499987477237,-0.5407415497622774,0.7940154637567176
0.3665625,10.315156250000001,-0.9350781249999999,3.9604477014718613,5.8739802285661415,5.858096560009615,0.0830130742979328,-0.5735083400955334,0.7783556250997076
0.01859375000000002,10.685546875,-1.0853125000000001,4.177033324916255,6.022116634824315,6.681871105075565,0.3087308543293464,-0.6309562924644869,0.725941890419963
0.18671874999999996,10.389296875,-1.36421875,4.145309493379045,5.870324493745232,5.8091163013102465,0.4471410655781837,-0.7240410580858466,0.6588519777971772
0.37828124999999996,10.41859375,-1.100546875,3.585793607543306,5.7203304830193975,5.820274009415513,0.044400780665519626,-0.6177653354858847,0.872718113260628
0.453125,10.275,-1.255390625,4.123235749611584,5.801226432832975,5.935513338997067,0.5956253058045595,-0.636819606700367,0.9418274589149485
0.07460937500000002,10.531796875000001,-1.1096875000000002,4.2419456588235676,5.759934004829416,6.024840887097662,0.7823374791618188,-0.6165412360215399,0.8391526108105491
0.3605468750000001,10.387421875000001,-1.3540625,3.95473693590076,5.937264106642173,5.845558201198047,0.4407609590839886,-0.5525290101465544,0.9058413944794147
0.39460937500000004,10.316328124999998,-1.153671875,3.8752495690486968,5.731549047690684,6.146363491820508,0.5691217810798354,-0.5395977585241541,0.9906137020290012
0.31296874999999996,10.084531250000001,-1.19140625,3.660908647320148,5.72454431311117,5.445552332864035,0.3787086309132831,-0.4553037140002118,1.068961136632848
0.580078125,10.114609375,-1.220703125,3.571238951701004,5.623006021907864,5.920973603375144,0.19858585718722138,-0.46512283291245693,1.0181228011438594
0.248046875,10.27,-1.361328125,3.5236138805284463,5.701409228208409,5.772143418378825,-0.09559370857744448,-0.629475970350653,0.7730652072187312
0.2713281249999999,10.246796875000001,-1.1823437499999998,3.665963032387804,5.546670444621731,5.910402043798369,0.6686932086506958,-0.5057153607635293,1.0152185982854438
0.19546874999999997,10.299921875,-0.8339843749999999,3.7774995572830234,5.579035464365367,5.855336420181668,0.4059908500483814,-0.5568589281282633,1.0141542659909448
0.24117187499999992,10.347734375000002,-1.09953125,3.496440069264592,5.252512377252752,5.482072609221209,0.2815981539091009,-0.48424199159108877,1.1207044424754986
0.312890625,10.228125,-0.7884375000000001,3.5057250392090236,5.234532684192066,5.301672412653742,0.35559896410289205,-0.3169035647077381,1.0436057262069962
0.49382812499999995,10.59015625,-1.123125,3.820366294834696,5.975961871371498,6.346887616924929,0.02055932855899269,-0.7611177983340672,0.6370100816175959
0.6284375,10.330546875,-1.35984375,4.115211385347507,6.128326432002275,6.206548832731919,-0.18640008028620958,-0.5566277304689171,0.8212798537106899
0.6859375000000001,10.507109375,-1.1054687499999998,4.263776831764739,5.850006029957329,6.277176148976022,0.23851241902498466,-0.6261463229279379,0.7685997733240024
-0.355859375,10.13921875,-1.041171875,3.1644506156637378,4.911611339687663,4.931574390644329,0.5042261130673044,-0.344123790601685,1.0327393661163728
2.2789843750000003,7.979765625,-1.3294531250000001,7.860692642016724,7.887308383651444,7.568882875443227,0.49805533640857597,-0.9653837929576922,0.07528465522491305
4.226484375,7.657890625,-1.9076562499999998,8.94614246388525,10.37075610885181,9.03933491783748,-0.2434304505088044,-0.8038848943660672,0.2514933044309335
2.1380468749999997,7.92640625,-1.5344531250000002,7.597983188258102,10.585331222260404,9.774573904443494,-0.48906565733619806,-0.7720901950566108,0.3408955563794383
0.065546875,7.156953125,-2.01828125,6.958130227541573,11.24604927564799,9.638220636917294,-0.3314311342794484,-0.6160081576821536,0.2499192963255549
-0.2304687500000001,7.3534375,-1.678203125,6.631741953874068,11.008647839135092,9.837049102880917,-0.44853737721865067,-0.6596494890815303,0.2553671791142278
-1.0797656249999998,7.899609375,-1.59796875,6.844460404321027,10.703812507287397,9.77464436368523,-0.6379700200894973,-0.6657011996762272,0.42044196504604614
-0.655078125,7.572109374999999,-2.1629687499999997,6.557979037508162,11.192382709092248,9.897415252808354,-0.5745771785749201,-0.6476447935024927,0.44151187345936527
-1.0294531249999999,8.3215625,-1.27546875,6.668396348236788,10.008225011014378,9.522850385665704,-0.2807104632401025,-0.6591278892289478,0.48417925770481424
-1.0886718750000002,8.111015625,-1.2846875,6.9487958007005775,10.31530612123343,9.643007257326095,-0.3899355119065145,-0.6251428195352933,0.32205456959967177
-0.9671093749999999,7.630078125,-1.890625,6.39162454314528,10.772963373076438,9.732736619747552,-0.7141484622891836,-0.5651842518321947,0.5261893373499492
-0.8770312499999999,8.343906250000002,-1.9431249999999998,6.907293513853558,10.493022475850841,8.870034240174894,-0.5323565962088099,-0.7116635400867873,0.5710364782369707
-1.50546875,8.394062499999999,-1.33046875,6.400558796329695,10.013506459831829,8.846465471744828,-0.44195480582210656,-0.6773839604188663,0.46377700026993796
-1.045859375,8.771015625,-1.4352343750000003,7.118886689572648,9.864099509065987,8.58790082441969,-0.23225989933596228,-0.8645808252984967,0.419793260263598
-1.6109375,8.366796874999999,-1.5229687500000002,7.017169282986819,9.971578747056066,9.24788120660746,-0.41547087393920323,-0.7628630020800463,0.42563207211271725
-1.1840625,8.859140624999998,-1.425,6.4942082895911,9.79699348232531,8.99861135120303,-0.37269143288348394,-0.8253884770714135,0.5960521967548288
-1.079375,8.676328125,-1.5681250000000002,6.606932527419589,9.870077085493506,8.917446361452084,-0.5264001565672846,-0.8275915408950903,0.4566532089981477
-0.7992187500000001,8.811484375,-1.695078125,6.288905112549277,9.814694666181973,8.638428585767002,-0.36101696219321155,-0.8070536881029272,0.47645646024667904
-1.097265625,8.164765625,-1.662890625,6.8425113850430215,10.121742683207687,9.064249413246367,-0.1866937025443825,-0.7848395182478414,0.272082154640814
-1.147890625,7.425078124999999,-1.5709374999999999,6.944187840870026,10.389224961776335,9.523945843692822,-0.2928176430660976,-0.5548572863373206,0.2992722220899527
-1.08203125,8.31578125,-1.3932812500000002,6.393726094698102,9.923051100324358,9.34331086839127,-0.39385417917743654,-0.6960277043412875,0.348660167254423
-1.4780468749999998,8.943671875,-1.332265625,7.00951307360595,9.554123117721687,8.731458588671961,-0.5418904552008732,-0.7536393969110068,0.2797329583128142
-1.5877343750000001,8.606953125,-1.6821875,6.5480075947339405,9.996407132580321,9.155559098293438,-0.6673236997647477,-0.6488189697367803,0.45973002735281443
-1.5286718750000001,8.575859374999999,-1.8,6.736160624186005,10.224047902444246,9.210749918573406,-0.41715455235161025,-0.6777600810979146,0.46577817586441755
-1.5751562500000003,8.225624999999999,-1.500703125,7.082561439061855,10.381485679895485,9.6106909207593,-0.6212575281043465,-0.7033875495537851,0.4117284874323491
-1.30125,8.863046874999998,-1.24578125,6.692417701212321,9.846973564136482,9.068939402689184,-0.5992124892632459,-0.8046099694326383,0.43044696261360804
-1.449765625,8.444921874999999,-0.9969531249999999,6.870182114676318,9.855532868338296,8.83510978626201,-0.17753398551875907,-0.7998463501484971,0.2712145247645012
-1.6098437499999998,8.56546875,-1.312265625,7.181437115096528,10.390291657012012,8.067788112189943,-0.4721080311185849,-0.7108600466998471,0.17055099857843126
-1.4382031249999998,9.026718749999999,-1.421953125,6.578720481787491,9.884805899505485,8.648863731239656,-0.7042061367731126,-0.7863197343195768,0.6020288960125868
-1.2965625,9.25359375,-1.4982031249999999,6.721823185237302,9.86905435996585,9.129697458157649,-0.6971328149529579,-0.8894273098887017,0.5744524709902413
-1.362890625,8.7653125,-1.432109375,6.436411576960963,9.916924212670164,8.921680900020306,-0.7757884570227443,-0.852790982190728,0.414826783676364
-1.410234375,8.509843749999998,-1.280703125,7.144223022926871,10.303882686302574,8.785522286658047,-0.5386905903472863,-0.7826098759629668,0.4139882675069413
-1.4723437499999998,8.150312499999998,-1.7561718750000002,6.8701840500699785,10.602140551668978,9.15837783475922,-0.6650803356376008,-0.6954956408588989,0.5353965062574956
-1.665078125,8.989296874999999,-1.3800781249999998,6.958182121171914,10.220371062826693,9.391342380759339,-0.7334212008786002,-0.8301907726638397,0.4285740053290332
-1.6449218749999999,8.6790625,-1.47734375,7.299074962376841,10.2946747032674,9.32447966748472,-0.5232451406679177,-0.8412175509222962,0.3914217773902602
-1.31578125,8.678281250000001,-1.46671875,6.9195551258479355,10.048638131403601,9.701110206228895,-0.6384643312080289,-0.8502813383474496,0.6278490321581575
-1.4128125,7.886015624999999,-1.69265625,7.490928569933352,10.681569432017277,10.039683097306206,-0.6452341819649332,-0.654721109072206,0.37374566959466593
-1.8935937500000002,8.86515625,-1.60828125,7.004134129031292,9.774425413449423,9.174444474784206,-0.4838997873493546,-0.8778050185141282,0.37771752601477
-1.797890625,8.390703125,-2.4994531250000005,7.170443528421872,10.627116493873832,9.678271112764806,-0.5511794202879449,-0.7095528207277432,0.3446430259964301
-1.6046875,8.50640625,-1.911171875,7.136270574665996,10.557554147858344,9.79493464605349,-0.4505029257930871,-0.779080018104035,0.44613254698851285
-1.7208593749999999,8.4696875,-1.65140625,7.212400565534655,10.541561490232068,9.771908777074259,-0.7348117219366951,-0.734055507038218,0.4611158532631876
-1.64671875,8.13703125,-1.712265625,7.349389229446107,10.572511775780788,10.116891136766935,-0.458359133607155,-0.6543526411969038,0.5031322904362556
-1.85640625,8.58765625,-1.263046875,6.633611470945592,10.421876966594642,10.124987774575471,-0.6176235903094416,-0.8584359717604038,0.35325718847217713
-1.399140625,8.896093749999999,-1.5087499999999996,6.834787513538706,10.48420182303884,9.866320394402363,-0.8963627573078227,-0.9996319450673209,0.40763985588722235
-1.660859375,8.147265625,-2.024296875,6.835664633393348,10.628956448280489,10.72147091439021,-0.5376245042688009,-0.8069593307309361,0.4375319139552485
-1.63078125,8.621015624999998,-2.215859375,6.721591795449084,10.644965934645159,10.118084407335935,-0.7136335070994755,-0.9215766630252921,0.5848432001744622
-1.49125,9.149765625,-1.5006249999999999,7.040310162734309,10.08997750437623,9.89848565990652,-0.9051394354998246,-0.9639009738857328,0.37578587816822806
-1.662109375,8.838984374999999,-1.410625,7.111070226716026,10.643852013592442,10.205632310610401,-0.6309418695679889,-0.8626481526826064,0.36219912240585533
-1.296171875,8.144921875000001,-1.895625,6.372668951405602,10.209587558706595,9.386961098879391,-0.5265352989904085,-0.7465595666772736,0.49052917754033953
-1.527734375,10.025859375,-0.11562500000000006,3.5791244160678963,5.032923406080665,4.526910982875077,1.0512876930438315,-0.4195198369180434,0.405302073951335
1.71578125,7.836171875,-1.2189062499999999,7.357987964766485,10.131076812299321,8.316989974817268,-0.22824311407324469,-0.8368056859607222,0.300183728425407
0.7446875000000002,7.741875,-1.8769531250000002,7.77058837233988,10.552347469135718,8.285922602390318,-0.5346421791683293,-0.7988482512902094,0.44814658333558643
-0.35101562500000016,8.346484375000001,-1.950625,7.968979588834185,10.066275579708261,8.273788501761148,-0.24949933882672112,-0.7766024634257335,0.6842824621287827
-1.315078125,8.293984375,-1.8779687499999997,7.964322887502521,10.090497567315788,8.313598175520841,-0.15923829106927667,-0.8410916512582931,0.3524682626923112
-1.76015625,8.59015625,-1.8156249999999998,7.089984791985518,10.24721791393088,8.404985569403138,-0.32528160151805957,-1.0059019400166476,0.34970637068273247
-1.556171875,8.793906250000001,-1.9271874999999996,6.992683913506243,9.987181255424924,8.179330078150885,-0.39871092499614336,-0.9604896827740831,0.4255935681424139
-1.5681250000000002,9.39984375,-1.638671875,7.108782392883819,9.726306385935308,8.26914042644905,-0.19382706320566498,-0.886966123647103,0.542348140610659
-1.6496875,8.2571875,-1.6146875,7.152750010649313,10.236807053585789,8.818714026990769,-0.04037518048455892,-0.7754657186057139,0.5272803349835048
-1.98921875,8.781171875,-1.5216406250000003,6.985646624661775,9.942344229755827,8.53265865452261,-0.3117363076379582,-0.7944170734989054,0.6219262109371714
-2.435078125,9.15015625,-1.6084375,7.277170637953771,9.626560505345923,9.091803523426677,-0.4561617704460002,-0.9867356735695483,0.42561516008801237
-1.7848437499999998,8.853203125,-2.17921875,6.871866784257822,9.747685136546021,8.26377719037417,-0.5431915224642412,-0.8917028959887343,0.4826897215578501
-1.7028124999999998,9.538046875,-1.665625,7.21985715941415,9.777692328921622,8.600987929265742,-0.35650139559719995,-0.9949811871100269,0.5344712202591676
-1.377265625,9.473828125,-1.6903125,6.908269695042555,9.683149274730251,8.00636962610669,-0.18094558279280504,-0.8901555780521232,0.7349294004915777
-1.6882812500000002,9.351484375,-1.911171875,6.729232184722001,9.855986211581309,8.449182432813188,-0.34763922916619583,-0.8640986656899639,0.5755879269558323
-1.5777343750000001,8.7334375,-1.8917968750000003,7.3055027649158655,10.59421167412157,8.54518015038245,-0.3957782468978472,-0.8558492360391305,0.4767577419802808
-1.44796875,8.892265625,-1.5624218749999998,6.967577520130181,9.826567083584854,7.93585797445818,-0.2612179601050242,-0.8720751275568326,0.5525798417848273
-1.86484375,9.186875,-1.4995312500000002,7.249292205145681,9.636315730577481,9.436351325738855,-0.383603716220891,-0.8416514714413883,0.57793593842325
-1.777890625,9.60359375,-2.347265625,6.90892941828089,9.914043837403632,8.813290453453996,-0.5015528409897063,-1.0191026258661142,0.5825073659799158
-1.8359375,9.170468750000001,-1.6485937500000003,7.723916837239623,10.023005323642876,9.063131420621733,-0.33551410465003434,-0.8862814665861484,0.6431212133608578
-2.002734375,9.088984374999999,-2.0925,6.813787231007685,9.440133807963521,7.581208573670823,-0.4354925274668875,-0.8605719681454524,0.6130705204947585
-1.651328125,8.98046875,-1.8239062500000003,6.708437011877952,9.546534863775099,8.06502569299757,-0.6186470379680981,-0.8369302573754668,0.5413497278475645
-1.80140625,9.181796875,-1.9207031250000002,7.2516399798570355,9.88277213399612,8.431771405633885,-0.462387428287343,-0.8429790388000733,0.5049604389341982
-1.8990624999999999,9.572578125,-2.341796875,6.849609984049731,9.80634139903978,8.449810134108946,-0.617405909274066,-0.9752445180123767,0.5483989551498395
-1.7108593749999996,8.510625,-2.1596093749999996,7.271956303514523,10.080411601064462,8.444487976849874,-0.537924731556763,-0.9515263741488724,0.6185916459529419
-1.795,9.197031249999998,-2.3547656249999998,7.744565433257052,10.489069337244532,9.217732313729249,-0.31664213016554205,-0.8922424696958539,0.4830550834997417
-2.032265625,8.659453125,-2.395625,7.05757817602422,10.631592830200832,9.80155295013882,-0.46030127606476434,-0.8696148546650683,0.433873158850119
-2.0045312500000003,9.344921875,-2.631328125,6.769058033085065,10.265673077976743,8.920237820110739,-0.5093045148323282,-0.9451445814037013,0.5065617757563095
-1.8007812499999998,7.970546875,-2.5878125,7.285916059573322,10.406906083566708,8.776869364405725,-0.3028400005898833,-0.6715838223088704,0.38492371164802025
-1.7864062500000002,8.698203125,-2.704453125,6.917805686954566,10.340738869393725,9.126938219546998,-0.486435684819836,-0.8991835445630112,0.5648385369897081
-2.048828125,9.277187499999998,-2.178515625,7.0437388665721405,10.353902188418806,9.861534497246403,-0.7211917801948255,-0.9088692029118072,0.3559040038781083
-1.991953125,8.208984375,-2.5251562499999998,7.408081319852849,10.407816461667446,9.777664197705192,-0.5739008781978568,-0.7115666833133456,0.326764701341851
-1.5099218749999999,8.27046875,-2.519609375,7.061686512451999,10.846689577021804,9.70341148146682,-0.34441336417144786,-0.9888120247706412,0.5717642144685481
-2.173984375,8.975234375000001,-2.4057812499999995,6.6285922265595625,9.725715025517061,9.3176054469294,-0.5568860168706888,-0.9413624020776046,0.42773615604948284
-1.97890625,9.226718750000002,-2.750625,7.166748329347901,10.04417618179303,8.818442123435126,-0.3784003442195489,-1.0542374386937885,0.5957318308358477
-1.949609375,8.75625,-2.43703125,6.810286498464078,10.358033114447936,9.04256120031949,-0.4003903250480053,-0.9160390152552639,0.5474042677501657
-2.608828125,9.35171875,-2.433671875,7.260401656964922,9.935564600006305,9.249951340336011,-0.2594412212395514,-1.0027010937663916,0.5058671950724183
-2.128203125,9.086484375,-2.564375,7.011875911800653,9.951760882960906,8.758036465691097,-0.4802285910035298,-0.9227878032038775,0.43577241943729145
-1.878203125,8.5834375,-2.62421875,7.450175483838635,10.315863499780024,8.615211076325897,-0.3792642554501224,-0.9229680777463038,0.5302218952479936
-2.38390625,9.296093749999999,-2.544921875,7.55554817195357,9.884966587131741,8.728094902033117,-0.3003396112856161,-0.850928466722133,0.5320895456259304
-2.4192968749999997,9.006796875,-2.324921875,7.601619603700597,10.401615028866441,9.69354851467699,-0.3561420584638951,-0.9634558799539878,0.4344640858810007
-1.993828125,8.867890625000001,-2.3146875,7.128392297826276,10.32242466764893,10.419902975908354,-0.44741838284364444,-0.9059636876068925,0.4834332189902864
-2.241328125,9.75359375,-2.064453125,7.231933564395762,9.92599434049108,8.780435265459666,-0.33681656053526393,-1.034055368001552,0.5400384072150842
-2.02046875,8.74921875,-2.0180468750000005,7.848275373785851,10.438462950293422,9.973612141749484,-0.26818519471420554,-0.9314730519007073,0.48683874246745257
-2.339140625,8.790859375,-2.5364843749999997,7.256846124021413,10.994933352127452,10.117989439440569,-0.6299068939185696,-0.8211487514802669,0.32471408166332055
-1.91828125,8.982578125,-2.22578125,7.456336662255698,10.289719098912345,8.972091939154906,-0.30640636869311744,-0.9167151420169518,0.5403171609806651
-2.46828125,8.901406249999999,-1.750234375,7.033059445994924,10.246560301997004,10.02454195219504,-0.4599840693218914,-0.9031752045502982,0.31064667313872896
-2.1060937500000003,9.17203125,-2.208515625,6.5275056532883164,9.583430717207875,9.059950769892785,-0.4508179973734263,-0.9730804196063639,0.6769235318065004
-0.87875,8.8159375,0.5862500000000002,4.723009997607458,5.037056344840084,4.621257945624762,-0.1848086621916411,-0.43738806604262254,0.30542762478847446
2.027109375,10.051562500000001,-0.05929687500000001,3.610654189414587,5.981929355032015,3.2767080907314945,0.2201475963735046,-0.9239664600656677,0.1896601812877501
1.8047656250000002,10.01,-0.30062500000000003,2.61043308333471,5.000086561750707,2.935714550475744,0.182694537299048,-0.7824225778256013,1.4640032412245645
1.7109375,10.121015625000002,-0.3650781249999999,2.993590924140062,4.428894444413397,3.077299698013907,0.6942745928913451,-0.7177403328471821,0.7244870940636581
1.3584375,10.051250000000001,-0.22273437500000004,2.265360911332618,5.199931189448568,2.3039906666354706,0.3924744365643786,-0.9434506878685742,1.3799939192965633
1.1242187499999998,10.297265625000001,-0.20671875,2.8850359100275402,4.882792124332487,2.673801457363362,1.4059417771155716,-0.7116856516923445,0.09771869112915471
1.20203125,9.956328125,-0.52828125,2.412945023518654,4.628988292390032,3.0330765397362525,0.8871326397277809,-0.6859520863729546,1.2304124927621205
1.3093750000000002,10.036953125,-0.60546875,2.651610580736734,4.4499841219158,3.1855569713589236,0.6823777080203864,-0.3877486870105626,0.8307593670210484
0.77625,10.084296875,0.31617187500000005,1.8308531993308474,3.9968834897473853,2.097983451843456,0.09294173021153407,-0.8166206599706435,1.2132290001192174
0.47101562499999994,10.006328125,-0.57421875,2.3028382080067757,3.5398761611225873,2.513463002442733,-0.4363653246634631,-0.10386802099572386,0.6164034719534639
0.20343749999999994,10.14921875,0.82265625,3.331885829915808,4.0760778117141525,3.007816765419053,0.4474364656732779,0.15366219371349407,-0.6670254666319476
0.9946093749999999,10.2228125,0.2685156249999999,3.2896917366847775,4.161857296009049,3.707765307820987,-0.050540866483554714,-0.21577292810839255,-0.3352451385571711
1.446015625,10.172109374999998,0.49476562500000004,2.819087102858984,3.908373953038157,3.1686614792477217,-0.13954739834153085,0.04632148027754618,-0.21488402693370773
2.118828125,9.852109375000001,0.14523437500000003,2.7661233650108565,3.9580972489047195,3.2104489962571217,-0.13467591667040774,0.0778726450322726,0.1100703822064895
2.526328125,10.12375,-0.04085937500000003,3.110494301326396,4.374607125217075,3.621961663618847,-0.06310812390781352,0.11900973942328777,0.09034047030583894
2.72984375,9.950781250000002,-0.12523437499999995,2.811070465692018,3.8803842853702566,3.2387133259318213,0.3836815396390846,0.21326406338076245,-0.1288440959338643
3.14734375,10.00109375,-0.308984375,3.1539012261540367,4.684664014495697,4.31897355424363,-0.1247753940939722,0.014181047050169628,-0.2832074506028547
2.033984375,9.685312500000002,-0.2599999999999999,3.554671736743895,4.241524625926831,3.307067006805275,-0.2752361571159987,-0.9172566045606739,-0.24936144473809047
0.787109375,9.989687499999999,0.493671875,3.0452589053374606,5.234235100742395,3.1591948813873425,0.4172792769087535,-0.9733806119303235,0.6347334788558648
1.03125,10.113515625,0.55875,2.442538382502924,4.898301457814827,2.4464307546914137,0.30726766807981104,-0.8152242273179311,1.4135322229505056
0.7980468749999998,10.248515625,0.23796875,2.541281682842879,5.140282107081367,2.4537052209920076,0.135187056773594,-0.9471426861510284,0.16399194078144233
0.9407031250000001,10.2303125,0.06921875,2.5574756180392484,4.700418853926078,2.9151065614567915,0.4351347361404927,-0.5672409966934636,0.9122356905683721
0.761953125,10.28515625,0.10726562499999998,2.390012113787864,4.821732051409113,3.0054691592068217,0.2563769064989343,-0.7236505236741158,0.5275872680668108
0.7953125,9.861484375,0.14546874999999998,2.152200522684573,4.307354011209301,2.647420283081898,0.4166461720215232,-0.6646085454682267,0.3397769006252215
0.3815625,10.344609375,0.416484375,2.079325851350324,4.398343420813354,2.2313097295379816,0.40307479040916117,-0.835949907655272,0.9385659563995375
0.68546875,9.932109375,0.27093750000000005,2.3880869237264877,4.413918088760496,3.0756113308728965,0.909835842221954,-0.8619834321382752,1.1353777190699113
0.9534374999999999,10.143281250000001,0.23414062499999996,2.1161973699524697,4.076275319872106,2.7758288535092737,0.15037288928981737,-0.7521276244599039,1.3510210870323909
-0.21007812499999995,9.524375,-0.034843750000000034,2.9880212662640946,4.473681326310023,2.47840831746626,-0.5316304994982011,-0.2572850958304578,-0.05738695367275979
-1.9596875,9.95234375,0.59703125,3.002486713516606,4.385057098469294,2.1123910324614235,-0.003220273420028559,-0.6195153386295295,-0.020041346196553518
-1.48171875,9.92953125,0.808125,2.4395354031861145,4.1408928421625975,1.75633929933114,0.29898019791403363,-0.566769070052473,0.19087719434237813
-0.946875,10.298749999999998,0.31859375,2.7139808025988317,3.8743884598088507,2.0509992741249174,0.2615848636665941,-0.587894832302807,0.5822134407475812
0.014999999999999986,9.86875,0.4175,2.631858302606734,3.829388209949469,2.068999984896085,0.33807072092849316,-0.5581158191713645,1.1378271270752647
0.23835937499999998,10.339375,0.342421875,2.510724738914963,3.7291951523586158,1.9737977931570103,0.16780975257765862,-0.6226395582847548,0.0790709034012555
0.31781250000000005,10.098046875,0.309375,2.115284753843735,4.439773019710888,1.53368365280295,-0.8890935869834766,-0.6983669165415842,0.8966842136407325
1.0899999999999999,10.010703125,0.264765625,2.5229920853026866,3.6891081628037465,1.9196630420645076,0.6097063491475654,-0.6075884743833618,0.6753168876021415
0.8410156249999999,10.050234375,0.468359375,2.411528573800414,3.975806613294761,2.0947735473314553,0.21632000209718868,-1.107582081998003,0.47838928114034523
1.196640625,9.948359375,0.5575,2.4504311729468364,4.032002212251329,1.9554155568574163,0.7424070888266165,-0.54567398457512,0.9863284075243609
0.564921875,9.82828125,0.55625,2.2010920571153956,3.375602517832696,2.1444404864672744,-0.5607400838579052,-0.27443252232540893,0.16198272362986207
-0.5934375,10.20015625,0.9200781250000001,2.8763856545313513,3.9479322088386897,3.3083741985522868,0.3200809782255646,0.1281703816043464,0.26838170095597413
0.4301562500000001,10.19203125,0.23890625000000007,3.117144622982055,3.9788150637499395,4.23051659714401,0.007992573379134527,0.11854188580198248,-0.10542520489105586
1.114296875,10.17796875,-0.06726562499999994,3.0801333381227565,3.9961560356827204,4.494455041152749,0.045670673006948145,-0.03726263595864022,-0.009039191204966542
1.092109375,10.214453124999999,0.016406250000000053,3.0304732644897414,4.0289950686775144,4.099432836986226,0.004705606147444168,0.005726166899188978,0.14298495383803378
1.41546875,10.043515625,0.30585937499999993,2.670136308369563,3.7143975768798443,3.272868945814148,-0.1488197307126732,0.0648609543353485,-0.05456282455175544
1.33109375,10.410546875000001,0.26078124999999996,2.720636768977244,4.006037886076183,4.371725847951634,-0.3788816374622603,-0.097247126659451,-0.11984783360560776
1.3019531249999998,10.17796875,-0.19273437500000004,2.7618019645790564,3.8561724788348664,3.9179883061264182,0.10781477800338952,0.21370774423741198,0.016235977770765055
-0.84671875,9.92703125,1.2490625,2.6362132848839144,4.9299605981207835,2.7856281376188297,-0.08769400704261995,-1.0070850756576117,-0.0065429758195087945
0.75109375,9.948125,0.6492968749999999,4.024086510154937,6.423028120316382,3.044634415552257,0.07691509699259558,-0.7566392719319422,-0.020839291072913848
2.3522656250000002,9.967578125,0.528828125,3.1034552857570477,5.1899587164322885,2.656885400795259,-0.06249449531106408,-1.0945288868516765,0.09898160985529114
2.962890625,9.588203125,0.484921875,2.185837637048349,4.645526314637582,2.3536142406725205,0.5906164205729872,-0.6823982717449438,0.18840078566840598
2.7778125,9.671171875,0.42484374999999996,2.2184186152175496,4.481711381599554,2.1087288767373433,1.810168379431664,-0.6933080242317304,0.15109035851439725
2.8794531249999995,9.7609375,0.09976562500000002,2.2415871569443233,4.102524458622246,2.6661414256033678,1.0538720280913263,-0.8238171384977038,0.4590381865073747
2.524453125,9.756171875,0.18226562500000001,2.465724351164934,4.459877401813752,2.420225071804967,1.1802938122368574,-0.8784416146056523,0.4909359087314554
2.4175,9.958359375,0.11843749999999995,2.0987905743546684,4.062761294932255,2.1318549132372375,0.9915581536128675,-0.9120577491170088,1.7284560885701434
1.5843835616438355,9.455753424657534,-0.47698630136986303,1.4633466862344486,3.6962561280109005,2.7224312688314054,0.1315722276897436,-0.0779631006640718,-0.10715565476472926
