-0.0438405057812499,8.48441264375,2.1975579953124997,3.9220552648546256,7.756732172536158,5.0317704706498505,0.14126824606036154,-0.1865961420559738,-0.36387949254007385
-0.576736594625,7.54737514015625,1.9132331943124998,3.6074659546645225,7.981460721296156,4.797407917592651,0.4841211971156708,-0.09711239666827193,-0.02178264788214371
0.02149460218749999,9.34887896984375,1.388211377875,4.511724014440195,8.454721696887535,5.076033474881221,-0.02045452299823891,-0.3834102516712268,-0.3616187280249797
-1.09154319640625,8.336291317187499,1.0625999675000004,4.68365212146253,8.57236316313625,6.0519002389969705,-0.6774661654101864,-0.37539280702821765,0.03686757841981073
-1.47908463515625,7.14961848359375,2.1477585861875,5.055344743015553,8.060179613889312,4.896609067824523,-0.366366373308984,0.09202168077520002,0.50777050342306
0.37392110156249997,7.38712333953125,1.0849458078125,5.958393700239654,7.977865980381155,5.243881515450651,-0.14074620290338632,0.006251556356888868,-0.6041690580153076
-0.8765970621875002,8.1100658559375,2.226075577875,4.922558290438003,8.517008348740886,5.194597533550544,-0.11081095430591185,-0.11192724551495796,0.016287174598979676
-0.6465408665625,7.90405800765625,1.9796324063125,5.971487162409507,8.334053038750813,5.871049369367579,-0.2789015635358479,-0.0801748348554572,-0.3000310879448513
-1.47312575234375,8.050689565625,2.06433396796875,5.454723580829268,8.248070214317444,5.209211007994766,-0.09373781324073503,-0.14961683664515743,-0.2177853167417063
-0.27134284646875007,9.047528809374999,1.97324788428125,3.694533675102621,5.584183847189791,4.746229813059287,-1.1521707416400173,0.048466729745261845,1.26599020811648
0.22558702390625002,9.35909427734375,0.30645782390625,2.931304163360961,4.8865968553229004,3.688920219272177,-0.2566965498196445,-0.04440887176793925,2.0861269536368288
-0.6988940797499998,9.282692676562501,0.4754352702187499,2.9828375610410425,5.217142149038751,4.125680312446209,-0.39704652474793045,0.02359811749878424,1.8622300130230867
-0.6735687738437499,8.9792142790625,0.1487597396875,2.52133746427512,4.687912588237201,3.4836155375082654,-0.06377135205314978,-0.031501536744106905,2.17394120235027
-0.782957154375,10.422119814062501,0.7303911609375,2.87601771762089,4.556508188978426,4.166591415001512,-0.5956158106302766,-0.3988773815878307,1.945656795254508
-1.27328971225,9.577445365625,0.51927574290625,3.0853432163396417,4.836800165119869,3.793737890838751,-0.33146773308975247,-0.0871785772419923,1.997790105405854
-1.06855885165625,9.564889134375,0.20345393943750006,3.0329758814172028,4.370315304498153,3.5057233632211635,-0.17020038691540054,-0.19383755535979325,1.9744842367569992
-1.12729659078125,9.8264424234375,0.36370582803124996,3.02317242611198,4.7365646442301905,3.8372463943135484,-0.34453572998684046,0.07543508438101097,2.0692688617380104
-0.8582947143749999,9.7417409078125,0.47330708940625,2.8620595889884513,4.599308768620834,3.95775121211726,-0.43181909380825806,-0.08966094810004564,2.0373566343424034
1.0372746213125,8.470366560937501,0.7476293859062499,2.716978000670483,3.115886283950442,3.1367579607423566,0.8080434387812601,0.3257860290612005,0.20270651827408892
0.7814674659375,9.272051729687501,1.6891359314062502,1.453630159273676,3.432582653358068,2.2575386035662954,-1.2343259408072575,0.12283497583696004,1.126674328082276
1.0042878428750002,9.334407407812499,1.08664837615625,1.3152922426358484,3.168322280636609,2.105637441599997,-0.36942568188975056,0.20248743629195592,0.6131683596769854
1.23349274884375,9.28928996875,1.7006280765000001,1.5423951528842783,3.4572873085664546,1.9900319934649542,0.08547803956289511,0.21875569953801977,2.013021227679236
1.28414341671875,9.606814393750001,1.34522217021875,1.721768079631145,3.610014511742958,2.036810999882167,-0.5162487166820389,0.2736909006114237,2.090025290496454
1.70701265,8.97729894375,1.349691332875,1.5702012209621432,3.183589782891943,1.9074759524715528,-0.06133821226041672,-0.032709182593936,1.1683892922689922
1.92855610921875,9.300994881249999,1.3988522946875,1.602332614626399,3.199268521170929,2.0340310516602162,-0.5075850157583343,0.06053893703930387,1.8005622474775702
1.7897988070312498,9.204801275000001,1.2347696764062501,2.190722579992698,3.7297897045181676,2.0079495785376147,-0.10740041860238489,0.07980913751908683,1.8540283535415152
2.08582856875,8.743411984375,1.63656990103125,1.8839470318590832,3.155011865577703,2.0553546147661144,-0.15032903538625741,-0.08281521375852438,2.136478399713441
1.15028092190625,6.9110495309375,3.1594950514375,1.46296129502983,3.9622752794060396,3.4385342650538013,0.01087341969475331,0.06190972462293663,0.3743002550474195
1.7889475736250002,7.9579009734375,1.4901511771875002,3.564795315133076,2.8373889944344817,3.82192887272833,1.1041107328605995,1.1894590599076895,-0.5142029786935701
-0.8093465956250001,8.855566990625,2.17585055796875,1.5029897059922566,2.9785933829199553,1.7251126219138015,-0.15118972541968154,0.7527014711498907,0.2516942389358787
-0.7889160866562499,9.315040978125001,2.1730839034375,1.3979267326044145,3.64946279494131,2.0344345962826482,-0.23247147556045433,0.3559209295781446,0.15073123821512746
-0.6967659264062499,9.2320419890625,1.9138716675,2.0009170032731194,4.004346658172721,2.005953143417923,0.42805005935912893,0.49261409281425805,0.40332941184653265
-0.99790327515625,8.91175093125,2.1718070025625,1.7266346709722382,3.581535312427872,1.7745484400929359,-0.1405535447353366,0.7093271291487687,0.11857816492190161
-1.22838510896875,8.7093611796875,2.39271202421875,1.4798498928881842,3.656231780043778,1.7367680243388413,0.1876270857318194,0.6963367488470124,0.47169406930648267
-1.3309633673437502,9.5097692828125,2.09391563609375,1.9354923999769353,3.87574519030938,1.9868065698171724,-0.3277244261495783,0.2948782648776567,-0.32411879239377833
-1.4775949009375,9.088602671875,2.02645238734375,1.866071493144671,3.4684762716168533,2.0120123635863276,-0.17040775144486933,0.49324219880845876,-0.04558195156906207
-1.16943454296875,8.8381159203125,2.5035901566562497,1.6416119162216878,3.6929215476197195,2.0546911819513567,-0.39215179178687154,0.6515207259778386,0.287424689983641
-0.838502664375,9.195011632812498,2.5240207044375,1.3762763260048756,3.5220564852825103,2.0831659871977495,-0.4968809919416011,0.4166416018628407,2.093261789813421
-1.145811755625,8.901322829687501,2.0860413740625,1.4861566113690585,3.2077806970806053,2.3155319967233567,-0.005084511337977409,-0.10389787135886577,1.9308627654208956
-1.6714720618125,8.376513896875,2.3439767236875,1.7468037554385243,3.480511853564202,2.199484201799401,-0.5472556830110081,0.079383949558617,1.6152660254245401
-2.15286621875,8.936863455312501,2.36057650078125,1.9385128406753542,3.5367429673198645,2.4557545632909226,-0.8452303431193515,-0.05059667065001475,1.8435494530412506
-2.0270908063437503,8.548896437500002,2.2207551108437498,1.6879884408748762,3.6227678852503984,2.3746134988962866,-0.7001066104183173,0.11968470422398035,1.1680828806851888
-2.01666274234375,8.3658729859375,2.5982941465625,1.9265088232862286,3.6720720618624214,2.4704788500146986,-1.2514342870632948,-0.07982693485818076,0.7159050136181707
-1.8740747252187497,8.6174237071875,2.12328449796875,1.7065222986592543,3.887052396357688,2.1305276844427006,-0.5168675407327077,0.17292902882131597,0.3270412285237347
-2.2290550411875003,8.636151825,2.4308064357812498,1.980185007984346,3.8999469624441563,1.529153179902818,-0.6044531142834552,0.07647811185542563,0.4969050841909689
-0.9176709282812501,8.887702573437501,2.5910583419375,1.9355688160519235,3.710407477722462,1.8502625677408844,-0.41537816692534596,0.4157847258384517,1.3122349764286028
-0.22367163906249998,9.1007332546875,2.41378101546875,1.636738196871104,3.692419563888691,1.9445706992882539,-0.3017601371512589,0.3558587333038368,0.5381593244993315
-0.12088059309375002,9.095199925000001,2.0379445400000002,1.8660086039313142,3.765405434908764,2.184989528657301,0.18386077455852717,0.5497521177220662,0.6638998337538139
-0.36625965759375,9.3997424625,2.09412846171875,1.9946720745754274,3.8826394414604786,2.176649720459999,0.40985463081846246,0.4253450363440069,0.4195212567677
-0.5775878814062501,9.173304210937502,2.19372724375,1.8392304270219983,3.9353842414531517,2.340477618837092,-0.008143595880187557,0.5626390370513005,0.15837200890402225
-0.85659218396875,9.181816953124999,2.3680251401562504,1.8623819308807965,3.7518152387547596,2.3946173920329317,0.21680226635470246,0.33254537926985017,0.6830242465101729
-1.1551757554687498,8.870038690625,2.2899209601250003,2.0151022612031566,3.9672513611217446,2.22685198751864,0.15513455399530604,0.3096171309994694,0.3388110820918944
-1.10324816446875,8.764480896875,1.98708103878125,1.81839929971752,3.6747506384002455,2.0328242263715732,-0.6943004930673105,0.47855953133015117,0.22120513074542802
-0.6048285798125,8.908771506250002,2.53785386725,2.269113897557553,3.643989018660789,2.045590301147975,0.08398691731326856,0.1988365582264869,0.6623354235673925
-0.20771030771874996,8.8964280484375,2.2105398671875003,1.668381394839343,3.3581940003051747,1.9782949374492822,0.01805354612799457,0.13658360387762775,0.7100745425553978
-0.09257579331250004,9.2165062703125,2.0941284534999998,1.5919503942524365,3.1423151025269624,1.8286981173545322,-0.11223199255477063,-0.14588300196139745,1.1760945615826894
-0.15514427084375,8.832795507812499,2.0877439201562504,1.692642664234475,3.505256994976884,2.682466716873932,-1.1420034024396246,-0.006439698638582599,1.851304950113644
-0.6446255259375,9.239277810937502,2.2790672349062504,1.851445472101254,4.106897135838648,2.1268864248987827,-0.546575868408914,0.29955439538455286,1.994530181028022
-0.6967659127500001,8.6501977109375,2.73471044484375,1.7226681506222121,3.5617678559342623,2.4795972031207802,-0.8196979492175348,0.15130384668450564,1.9975873190104694
-1.35373488765625,8.774696246875,2.48379811634375,1.639761716888641,3.437512169612317,2.108938640155542,-0.5124066916032187,0.2714383648225239,0.7561803891415501
-2.50912344703125,8.369916511875001,2.8830445171875,2.2019060903122387,3.8255420318283364,2.8953652826068126,-0.7432693624770341,-0.017040643312503132,2.598028185607521
-2.87389338890625,8.135391159375,2.73428479765625,2.2057671271205677,3.450171200768901,2.2612302427829323,-1.7163837472434058,0.18956390154712957,1.1742337086530357
0.022133074750000016,9.03497249375,2.78110474821875,2.223244722408842,3.4018575376271802,2.0616288301885026,-0.1480700488520524,0.11802202217229929,0.21456191884285142
0.8242438583125,8.429931142187499,2.3588739656249995,2.052922920549826,3.816141920479122,2.086134583336947,0.9693745923713724,0.4513758698446452,0.6881057092698996
0.24474061624999996,9.425067696875,2.6270245807499997,2.0092796935292543,4.406228782445736,2.4692310249179217,0.1287687557267861,0.4521012506128378,0.4422007047943058
-0.1755748115,9.1200996453125,2.4759238417187497,2.347196962979819,3.784175077764147,2.484271112415735,0.34323865314761914,0.42599891222538105,0.375725305680466
-0.42393333618750006,9.120099654375,2.631280924625,1.9041858420413893,4.437155340279119,2.2796832891847583,-0.16279543885818584,0.48644457975427974,0.07588764838906417
-0.5837595895312501,9.043485303125,2.4525138740625003,2.159698840543534,4.043726030120321,2.4359379965739936,0.03370935910300928,0.6088770073995559,0.39663110099081283
-0.5897184953125001,9.368245459375,2.5527510951562498,2.9596118648013343,3.664966642450305,2.912559548460013,0.9898048517357322,0.47048108677680217,0.365385001804394
-0.831266838,8.958570917187501,2.0279421059375,1.9924792369027335,3.91374808734467,2.8229701696859015,0.3233637390364149,0.21660094264975588,0.2700911399090955
-0.24601753599999998,9.6136243875,2.6159580352500003,2.252102542243782,3.999262222576172,2.048054167294042,0.6722181044426209,0.22499648513703707,0.7681106499122046
0.6393050692187501,8.9879397984375,2.4571958513750003,2.4067821665595766,3.802093344465852,2.4452883353114885,-0.3808348413805301,0.4243821628523362,1.181076138562193
0.5428985371875,9.065831121875,2.1007258182187503,1.940289945421951,3.6107953802591193,2.3239746363628973,-0.49901647353007883,0.529743360093912,1.3156604234382336
0.23793044565625002,8.749370887500001,2.4829468467187503,1.8480432319327182,3.68246221182705,2.333142718850386,0.16067094551766825,0.48614804356844515,0.1604345263290673
0.062355662499999964,8.872379640624999,2.57552265515625,2.1867032803186346,3.882971809833087,2.714978505759781,-0.8235611567606086,-0.15663283872662023,1.5002625921783312
0.20579493593750003,8.5329350328125,2.51316695553125,2.382479624805383,3.7765492131457674,2.555501238263204,-0.520168890987467,0.04622410625919606,1.978110305815312
-0.21813837037499995,8.7817192015625,2.86133710078125,2.327197542523346,4.162666161159262,2.6272505277203173,-0.15066446137558537,0.09851214515814438,1.1827017627220757
-0.9813034910937499,9.23225485625,2.54849474953125,2.119615922742569,4.122423230837486,2.125498666595526,-0.6247712801456928,0.5246383370889911,1.2243826212617146
-1.79788590703125,8.62870301921875,2.7196003596875,2.140364631528857,3.4152104502614145,2.1854133932899455,-1.0008614883654428,-0.02895378915203282,2.0795645079174045
0.6739943864687501,9.277797773437499,2.3544047820937504,1.955900108729572,3.658793652992717,2.102687152897469,0.3077783636795616,0.4828416699154648,-0.03489463618704449
0.7005966294375,8.2822354765625,2.46272913046875,2.2166656679015513,3.71858517253553,2.400228712314689,0.774113185378171,0.3819063128421348,0.09733152429341027
0.6720790522812501,9.300994996875001,2.5695637065,2.353618697852904,4.633868323299794,2.507760655056151,0.8175263750038673,0.48668674636340453,0.4690435605816828
0.38839273106249994,8.8151316015625,2.0481598079687497,1.88391031044212,3.8522251542065447,2.542554197442151,0.47509131948438854,0.6041808414351459,0.41475717264001405
0.09725778624999999,8.680205025625,1.94664564234375,1.9438929529101598,4.253283905685152,2.577518474119095,-0.08787355030265154,0.3016192243264631,0.06372019021311294
-0.10917560806249997,8.68233322671875,1.99133740328125,1.9670124765052435,4.517489115887764,2.843167220903962,0.5778179500389915,0.35651220855050486,-0.13111782710131523
0.5194885790625,8.992408974375,2.10008737509375,2.258187405707261,4.276888452752886,2.416621019661458,0.2721653743361792,0.4943799458901527,0.5629068980798623
-0.509060487125,9.136273917187498,2.988602225625,1.8543074481071156,4.1828609638741945,2.600149900837047,-0.20996920347639364,0.6878391308630875,0.4443731226236505
0.15684681412499996,8.911963884375,0.8001954342187501,4.5213380972525306,8.302788453638266,5.474563919742974,0.2568882054604082,-0.3804653904677115,-0.4058034782283364
3.2007817171874997,10.138007751875,2.560412553125,5.3753479262889945,7.263674188343757,4.778584014933157,-0.254226390076543,-0.536561479385247,-0.5832775008813429
2.0085756395312497,7.7355062065624995,1.54548384421875,5.97743103698609,7.7159287837517585,4.717970644119797,-0.3769201401739627,-0.25572344642203276,-0.8308383260776725
2.83154262515625,10.35274118515625,1.37416541478125,6.190455112155816,8.017792106088859,4.767740669122913,-0.39742597435344684,-0.6370399841491918,-0.4397012901683343
1.2566899153125,9.79707362640625,2.19330157609375,5.761233116727881,6.54025406623355,4.207958664263221,0.15311544160506474,-0.4009878329792376,-0.059709290223655676
2.5902070179687504,10.00308132203125,0.85042044828125,6.918963383066729,8.278398004100264,4.211909426707473,-0.11287983848522624,-0.576474708506465,-0.6551433073208218
1.8732234729687498,10.553215655468751,1.54250441296875,7.246691350670912,7.717089195476535,5.008599285432473,-0.13697694961734327,-0.7967978155790573,-0.7034737203166468
2.8785753504687497,8.890469117437501,1.76958110134375,5.869012349322403,7.949650838677611,4.752391543755363,-0.1830202167719731,-0.47863808511176836,-0.34305844758636256
1.7112690256875003,8.129857864218751,1.51845594990625,4.118082307121405,6.556270110880332,4.4128987212601665,0.07058408365468774,-0.32969225440441774,-0.15718076582995366
0.62717444984375,9.744081900000001,0.13003175853124999,2.6303348191816713,4.922642753228392,3.13657203398724,-0.06281587140516831,-0.221933371158377,1.951289379531517
0.5343858546875001,9.581276081875,0.5416216475,3.1851960626176745,5.227360628603515,4.083978272043121,-0.2003923447512912,-0.19490734666264167,1.9870728592614888
0.36242894015625005,8.6665845840625,-0.10193978949999999,3.1603220823596745,5.083375980541337,3.9704387163288932,-0.05591408092755944,0.3606398952605615,1.4367569332550907
0.47671214390625,9.898374848124998,0.41307960149999995,3.1311473143949846,4.5649500221706445,3.8202131895359823,-0.0429260692902558,-0.5673303921347429,1.7789374984922257
0.05341730749999997,9.63107556125,0.008725543499999877,3.2499876307985875,4.886563259819015,3.4737648050929932,0.10891273405227697,-0.16411601998537875,1.8247949306278057
0.19600532274999993,9.4303881578125,0.19430278031250006,2.8800540900026714,4.259374785781056,3.433476212340825,0.21693650947773985,-0.20031106214908578,1.5523846177239262
0.12045494693749997,10.30996475328125,0.46670971009375006,3.343330862700096,4.921395798074618,4.050415062865501,0.07597792882859394,-0.37834643992896355,2.391960044423217
-0.1564211674375,9.62532953390625,0.33391133381249993,3.091959563485105,4.879011887563853,3.823802681987495,-0.016035256524094325,-0.2030450308403782,1.9523180515457998
0.23090747600000003,8.5782652109375,1.7708580096875,2.4736831074831356,4.486752670083863,3.679679318133428,-0.05757594320924414,0.3477414089122593,0.8163180909834142
1.17518063734375,9.7830275688125,0.39307474515625,5.093284184521751,7.542462480021045,5.2616332836986945,0.1795886418107909,-0.2723343892931798,-0.5347914230285897
2.5938249525937502,9.9066748540625,0.44329975359374996,6.061687394770823,8.415808321192754,4.88938644429354,0.14034250602670592,-0.834632310974644,-1.0845254223041876
2.0736978984375,9.0628516884375,0.43861778718750016,6.379366541059177,8.641008933198565,4.869388712947933,0.1591743401537846,-0.6461507616673574,-0.3943166952967707
3.31549062296875,11.445986914062502,1.04834113896875,6.470954868076975,7.338594883788451,3.2910090012778515,-0.2337936969283821,-0.6103873029941295,-0.5107351128035731
2.6161708229687504,10.8445633875,0.5609880996875001,6.476649615215457,7.664229759601618,4.771927738775397,0.050893236922842734,-0.5306581477727664,-0.7243051563924265
2.59786854859375,9.8690060690625,0.8753201602187499,6.76824361470596,7.758008065353797,4.235951525059646,-0.2567753408084938,-0.39171316371871495,-0.5335255757207852
1.7223354793749996,10.48490107703125,0.9197991178124999,6.737879359303776,7.427675228036945,4.091636671927017,-0.01885074152601818,-0.3326083827846756,-0.013138053151136177
2.87453189109375,9.23714967296875,0.67888922796875,6.730147060788803,8.094230069731815,4.284754447876559,-0.007737158809110888,-0.4029969622486543,-0.4543812373173601
2.6383039105624997,10.75156193140625,0.7576318558749999,7.207015779749703,7.636362166264057,4.294288815856709,-0.1876470148715171,-0.6822793404042901,-0.14050214707172035
2.7606742478750004,8.9060048953125,-0.12875484640624996,7.292754263026739,9.076958965838935,5.162057850483243,-0.07593415415160919,-0.8147867040559209,-0.6159546539679639
1.4986638890625001,9.281415657124999,0.16706209021875001,7.461360494816134,8.397992540720468,5.0858910533511095,0.1432595849159192,-0.6547200457562076,-0.2573856081734057
2.5465793895312503,9.403573148749999,0.5841851914062501,7.43579152841421,8.038834272014064,5.326232017729689,-0.23401942227467137,-0.8071496315969214,-0.48849714802381067
2.63362191515625,10.21398393625,0.7621010385,6.993490408182792,7.793568464429836,4.630998630045182,0.17564969362742328,-0.7218271887164157,-0.7839850598831276
2.2407599953124997,10.462555243593748,1.04685140109375,7.231741248560436,7.104459600631691,4.008791691993356,0.12591932465923952,-0.4583820626935156,-0.03224755416953336
1.8804592381250003,10.203768607187499,1.0591948451562498,6.496398539772411,8.099188132122864,4.286179964915666,0.06246240900079927,-0.6571055316015577,-0.5049779899713275
2.7144927642187495,9.33270483390625,0.27857870109374994,7.349645566591454,8.872275072882735,4.297086026736491,-0.07120032523677684,-0.5701989480510994,-0.6055091814922728
2.9441232696874997,9.54701245578125,0.5954646041562501,6.879765264044964,7.969135411032424,3.838178348661511,-0.11047302270869301,-0.5486280337246225,-0.36884774915177077
1.1932701473437501,9.5895760309375,1.220936471875,6.0626860662017314,7.157946240509524,3.5993559714940373,0.09274564475478494,-0.12345615109496523,-0.5190191031745138
3.2220635396874995,10.43893251046875,0.90021988796875,7.613759162174639,8.219687325125683,4.266057301032714,-0.04980577375667138,-0.7615252195875535,-0.4227652134704034
4.22698980421875,11.586446743593749,0.88745077,6.784495926659334,6.760286713076046,4.51484876136036,-0.13099108873705173,-0.8597480568327823,-0.33429665854437446
2.34716892234375,9.0754079965625,0.51799884834375,7.226684692235228,8.159934687707613,3.7776995684940395,0.26680775331891565,-0.5085297592970802,-0.4019366249449762
2.0600775570625,9.0130522853125,0.7559292882812498,6.89106860363611,8.505781830157504,4.600266119051273,0.2961792572548344,-0.6355790185686758,-0.2774703556981501
2.9700870102500003,9.6329910250625,0.52417055959375,7.803701486156842,8.263456427132551,4.445090929206963,-0.08822691633996081,-0.8053466827691352,-0.6155150568569183
3.17311533975,8.605718790312501,1.2596693349374999,6.722863147726059,7.237976515587365,3.395436837503317,-0.03148359234323607,-0.17546798353019427,-0.5365653874471819
2.7704638965,9.616391161874999,1.0342951617187501,7.085961707259976,8.12126728662873,4.372164013100494,-0.0161212468664338,-0.5717618321289958,-0.4513352457755327
2.6753342469375,10.735387817437498,0.12662663875000008,7.1957744751295305,8.097506097248372,4.413813394879894,0.22405913090231047,-0.9650425674161373,-0.442867879747495
2.6732060715625,10.193127655875001,0.8776611476562499,6.643907652392851,7.912281781807319,4.4134608228746455,0.02046491095080911,-0.7626952382222151,-0.07804897093011884
1.05917047140625,9.593485873125001,1.007692904125,2.4013569386985254,3.6527636251117226,2.4057698086651427,-0.15010670484541308,-0.5575291385718039,0.05949414005979274
1.4670312499999998,9.52015625,2.797704541875,1.8849873007591955,4.005998428991946,2.252493601039216,-0.019733486519616525,0.37098961651794726,0.054612280566228535
0.8689062500000001,8.7978125,3.015204485625,1.6220272011316386,3.4485538041103188,2.168166907097412,0.5125036069074567,0.7506502278302555,0.5134800022980331
1.401875,9.8,2.02921900078125,1.8872333213927208,3.3517938294292504,1.9292041290730344,0.2534996928579242,0.3748645194085312,0.33789217379694975
1.2771875000000001,9.1996875,2.74088215453125,1.666339053087261,3.6991274176951174,1.8699194462042956,0.519772208482644,0.5053445563314751,0.4662763469923312
1.22796875,9.4303125,2.6410705509375,1.7043557981018629,3.2746683843320303,2.028548522548629,0.9448114289315922,0.7938434991535288,0.41399266126898165
1.15546875,9.8171875,2.147545772125,1.5968200134246306,3.297215429698786,2.1055143381685104,0.6653628355594465,0.4539292284827028,0.3642900089103285
1.0076562500000001,9.14359375,3.1901408030625,1.4891175471855598,3.669354663624237,1.533976482991324,0.3838714853847716,0.3256350643946124,0.3597303333486913
1.0085937500000002,9.35921875,2.528277019625,1.5906895784410413,2.7614649105408593,1.8898055777513947,0.5759386961983469,0.5674468647151532,0.06803705118429343
1.01140625,9.70546875,2.30886172946875,1.4803461030991831,3.1210890175183144,2.1570049550877752,0.07464034982220943,0.4418966729048211,0.11063936576555779
0.6421875,8.93125,3.2518580046875,1.6805518706198121,3.3669415368402222,1.5935915849505184,0.8862425044805184,0.4874866381974888,0.9468207388507661
0.925625,9.7365625,2.51040033240625,1.543190561588231,3.1407285275225156,1.7477516834988975,0.8556616979100274,0.6483953108266259,0.2548446898340071
0.9078124999999999,9.54171875,2.5346615635937497,1.4291184659935472,2.9130066912725137,1.9671233277135798,0.4312626027322028,0.4945782873960689,0.42585927910351135
0.51875,9.116875,2.98647403890625,1.5679081406447255,3.2463392243225293,1.4487939471098248,0.3235496786153883,0.7961778736014329,0.9002358635508149
0.73484375,9.39078125,2.6274502195312497,1.4679620143538923,3.2091657330447174,2.019142938211749,0.6370601008839099,0.7192919548615664,0.39128623158472864
0.761875,9.432343750000001,2.58190719571875,1.5833941737214394,3.374918398174382,1.798082443740043,0.5259539509798448,0.48627714363131036,0.5246256912411726
0.18171875,9.067812499999999,3.08926512265625,1.5016299006074825,3.298509828671691,1.5526839601358395,0.416325406163796,0.6753962427680459,0.681614738951087
0.51640625,9.5390625,2.38547620984375,1.5980538625030565,3.1594870621817317,1.6128449713975228,0.7289623793388762,0.47552740532930504,0.4133011327099767
0.39734375,9.61421875,2.66448052125,1.7790703701191635,3.6157631476146825,1.8717070901045034,0.2066535499734389,0.5539485456028952,0.0912232471997441
0.00093749999999998,9.353124999999999,2.9483796507812503,1.5056370316559533,3.304611302313027,1.708033785406813,-0.18876883634936967,0.5372593454037983,0.40807483321832716
0.1590625,9.39625,2.3661097684375,1.6911042239003928,3.508285060040019,1.7293089341574739,0.4713143402210766,0.6888703206005911,0.19658046899751136
0.20703124999999997,9.5903125,3.00158413828125,1.9062542456407636,3.6067454030391097,1.8476456532901353,0.6044230981826814,0.6394818500090497,0.22047968141909066
-0.20515625,9.0121875,2.72598490259375,1.5191794579923523,3.384863581423002,1.8938113620836619,-0.04178392483766469,0.7973043588109184,0.5003093958708619
0.014062500000000026,9.52140625,2.48571348459375,1.6851193566313782,3.2022686622082377,2.111613831965924,0.26378268442908764,0.7621992181730264,0.1550045424836351
-0.32000000000000006,9.17046875,3.46808105046875,1.6108237411337094,3.5991094513467408,1.93840164152086,0.4419714283782589,0.869710967881411,0.2519554937538479
-0.14390625,9.62703125,2.4173989053125,1.40716871899248,2.780877604106919,2.06105104707481,0.7779472569116228,0.7445166290633564,0.4707748978370997
-0.23921875,9.453125,2.471880274125,1.6642136888478105,3.829590331794643,1.7391562475770803,0.15935744028402457,0.6202317050839964,0.5332707825848878
-0.7525,8.9403125,3.2876114278124997,1.4555572386546671,3.335476900286337,1.9075318423696845,0.4140908786922024,0.7810885185590369,0.3523534941811231
-0.27390625,10.2703125,2.1760633621875,1.5920256526547985,3.8896147659303932,2.331262316636313,-0.35534159650559677,0.3173441011853516,0.21721315728954993
-0.39078124999999997,9.58234375,3.11671862875,1.8597490629513536,3.8510991702806017,1.8153050395918517,0.15579495368564747,0.660222701924111,0.7553836677260665
-0.615,9.115,2.55977410125,1.5043457880420976,3.4402766058850562,1.8346624147437822,0.2733887907392719,0.4921205440752654,0.18382846678848386
-0.53125,9.813749999999999,2.450385681875,1.7055245710631084,3.6994030346124767,2.0451844969510082,0.3334037565636402,0.7773280767882583,0.38876257479612414
-0.81203125,9.03625,3.1941843561875,1.5661868300185127,3.2857259947384536,1.7443652274687056,0.11138764684248556,0.6819701605657109,0.008504541944053595
-0.5828125,9.365625000000001,2.4244218967187496,1.7787912580861618,3.4175968690550675,1.9110441917999645,0.15089521852650128,0.655062244994618,0.559305326272876
-0.9746875,9.268125000000001,3.34422101015625,1.7605023863499165,3.7007422714065084,1.9065035434140425,-0.21655031065384775,0.7209134117612881,0.5687889354849067
-0.8479687499999999,9.19015625,2.80472756,1.4142148657553553,2.9042606052291413,1.891100983324066,-0.6147713263710132,0.7012614027359054,0.2160790729749736
-0.890625,9.26546875,3.22780956875,1.5855607003123533,3.4011243222313174,1.588498561988325,-0.48756512801295554,0.6182998054839365,0.7370875541513611
-0.10515625000000002,9.7065625,0.91830937125,1.910453964529357,3.8901306287313475,2.7839233520552464,-0.13059748161869425,-0.28947148207307616,2.135138092524545
0.11906249999999999,9.79140625,1.72148424828125,2.1405393002918096,4.290002865379106,2.8835724476333935,-0.5938843461428456,-0.10068733927131596,2.2002155152294054
-0.007656250000000003,9.4075,2.1581866719375,2.2215849790939663,4.2243838308089385,3.0932464137272055,-0.1238111517871202,-0.29978021592166054,1.6076010747239133
-0.04890625000000001,9.244375,1.71722788984375,2.207005973306583,4.848954099532702,3.082714646693241,-0.28092960675104944,-0.2719819462905509,1.6702776708808726
0.027343750000000056,9.663125,1.9828246641249998,1.9355185369393746,3.9364478256894246,2.703510146983519,-0.5928864020955915,-0.1557242081540791,1.7644885576202654
-0.28,10.016718749999999,2.33631527546875,1.9423439448254267,4.205399451407493,3.7611916948133235,-0.705499064060462,0.09323544438990936,2.1807757323376706
-0.288125,9.5371875,1.8587518414062498,2.322373432369351,4.234475125661238,2.8948886923507393,-0.1986369686891403,-0.08281727568740266,2.0772334866321964
-0.42359375000000005,9.84359375,2.13179724528125,2.20304786544935,3.909635279979571,3.0763099677179286,-0.3438408898958502,-0.12310217292878081,1.6684412548079144
-0.200625,9.53984375,1.7629837475625,2.341615945106071,3.7322733069921257,2.882729266820611,-0.513420696166559,-0.02710428913160271,2.519031760619169
-0.3435937500000001,10.0203125,1.76851704921875,2.2551402168071366,3.734289577997902,2.9472225198955995,-0.6346305846070508,-0.3120134720175433,2.109253224169081
-0.3889062499999999,9.42375,1.97409916359375,2.229244629064055,4.0522954528884,2.996146515250996,-0.553434876304206,-0.06737193001374048,2.0094623635857802
-0.43390625,9.7453125,1.9113178972812501,2.3530449801716364,3.7963971278494757,3.2197083282822967,-0.22072878495808734,-0.12118870529252608,1.6991019373043685
-0.45562500000000006,9.76515625,1.68509238953125,2.2297904014447187,3.873753828728142,2.8037375073136004,-0.45554111568297684,-0.19152214868440792,1.9323207986398865
-0.65765625,9.40578125,1.67657967859375,2.484720647142438,4.587653881849461,3.0422328867691713,-0.45745994606754786,-0.2728789698935782,2.167422456568337
-0.9509375,9.69578125,2.4535779711875003,2.439610444536945,3.93312407821676,3.5119703425760456,-0.5151445620522713,-0.31655335572019655,1.4548259793443206
-0.81765625,9.45484375,1.9323868238437498,2.2162247898929244,4.090377424588829,3.024097261694926,-0.7875027411380364,-0.25279882571042905,1.437308558114946
-0.9525000000000001,9.50484375,1.8721593638125,2.2542161886119083,4.046109239205726,2.8900783550771347,-1.0021571265595115,-0.27631142849493834,1.7985313247612886
-1.05078125,9.43796875,2.01581143834375,2.0713003951982527,3.988710701658299,2.932615123882436,-0.945342035254898,-0.3663735001950651,1.6268417438691913
-0.6773437499999999,8.52890625,1.3271326354687498,2.186732895631274,4.2635889800977465,2.669311132524955,-0.8049384413381678,0.06586689072064641,1.7008633090437144
-1.0346875,9.53546875,1.9924014921875,2.288066165420867,4.005237169041733,2.9489570964755067,-0.6859296599453191,-0.1995547611578367,1.916517214554081
-1.17328125,9.37796875,2.039859886875,2.306032885910007,3.9905741205399803,3.3604281205906217,-0.2932287281772663,-0.13183446299548474,1.8467152754797391
-1.06859375,9.55203125,1.86939274365625,2.232605587639908,3.747857796331584,2.8196083741938582,-0.5019860048189643,-0.12908548739019438,1.8478777588341464
-1.1715625,9.48765625,1.9964450029687502,2.294481980446512,3.4460565062598634,2.941743610915109,-0.7456911320463347,-0.293000510853487,1.9868141328230284
-1.0378125,9.7265625,2.1122179568124997,2.3500987138509206,3.913876043463021,3.1974783744223405,-0.5126960647816672,-0.3837218542118673,1.6700811960536959
-1.29828125,9.51640625,1.760217129375,2.376640587762154,4.224680227243352,3.2900380396528615,-0.5817563545678981,-0.20344713804074221,2.0728057218590923
-1.40453125,9.529531250000002,2.189045260625,2.445169299920445,4.219526198849041,3.5064596027456196,-0.464219116630641,-0.06879141202283065,1.838569752907493
-1.1885937500000001,9.4940625,1.8255522502187502,2.1135706363783866,3.816704533507113,3.0577121137195467,-0.3864286632056897,-0.08532467589060808,2.3763138731113798
-1.11390625,9.66328125,1.843003312375,2.2400855293293906,3.9513387979137446,2.9380473658937443,-0.5045303760885265,-0.22277639255375506,2.075491520248406
-1.3523437500000002,9.782656249999999,1.83640595959375,2.4984837540668416,3.837809939514454,2.9009618091643685,-0.839214243011267,-0.3099972251772297,1.7463252575519832
-1.24390625,9.13859375,1.892377057125,2.432691807177995,4.17934275155328,3.0336313685668994,-0.530279096208133,-0.08433349202848271,2.1686379152259274
-1.24015625,9.549062499999998,2.14754574734375,2.433028264958288,3.8657372027976438,3.422142054697778,-0.5678600599110735,-0.02689098062292886,1.7793210561452981
-1.23125,9.533593750000001,1.84108794859375,2.3928118265964833,3.798972462714219,3.0748977232508303,-0.6912036104715196,-0.20295895927045154,2.0100307410253673
-1.384375,9.55953125,1.6246521259374997,2.673657884691869,4.2284525204586885,2.891903804835568,-0.3600133817344299,-0.09108672657168132,2.3254014173964785
-1.3732812499999998,9.4434375,2.03964705665625,2.3194423189418694,4.257472922238467,3.53693064415966,-0.500821556454164,-0.08169022435454383,1.8959454515415264
-1.3326562499999999,9.3225,1.86322100178125,2.2158401638737253,4.037190777632388,3.0293776087167616,-0.5104668795128905,-0.13901403073652485,1.7784990828375067
-1.25234375,9.544843750000002,1.9232356353125,1.96550227533217,4.100947296123902,3.1026696312301363,-0.5480192756148066,-0.03823422337831711,2.3277047480579913
-1.3868749999999999,9.90578125,1.87343627271875,2.34236117184669,4.323179820993852,3.3190227351252988,-0.876587217246859,-0.192055791571467,2.4314100548880813
-1.3715625,9.342343750000001,1.8674773693125,2.2986485287215506,3.898730459307996,3.03599750551379,-0.16452618823721232,-0.18723875720327035,2.0612648349171754
-1.3917187500000001,9.7634375,2.3280153699375,2.2417442669489396,4.105842338496907,3.653191165365014,-0.45946520010471104,-0.30674988818107624,1.7808211091096875
-1.3518750000000002,9.47765625,1.8117190578125002,2.3288260689401,4.314381018099345,3.3759977447869414,-0.678396602102059,-0.008313953253486224,2.0878037589601552
-1.24140625,9.8453125,1.87939517665625,2.3686677869555575,3.910283305253438,3.09952187353503,-0.2803176041136036,-0.241180977994914,1.88728718999846
-1.35375,9.3584375,1.84981348453125,2.3563037129156337,4.066001267657667,3.3034432203454878,-0.4599460508049853,-0.09604664445468562,2.081321925526342
-1.41171875,9.555781249999999,2.1692531930624996,2.384957779164746,4.1283504592813385,3.3703285550532147,-0.6432318472050501,-0.1305727310724161,1.8636259727030102
-1.49703125,9.57359375,1.98963485359375,2.4329795773954697,4.477878741375311,3.349639319220039,-0.7899178237995733,-0.12211672200596527,2.309904609720774
-1.2937500000000002,9.657656249999999,1.875990060875,2.607735188338724,4.310063348645346,3.371625184893545,-0.5464494505687538,-0.27638311191785353,2.0005125376937465
-1.35265625,9.32859375,1.9979347637499998,2.4529562790306594,4.532931538746304,3.090212437642762,-0.3845923346239785,-0.10119828440908935,1.9025263421072198
-1.44296875,9.728749999999998,2.1703172648437503,2.3596601183270947,3.9004765333866582,3.4550729540434437,-0.45090360682950015,-0.2319604819769142,1.7489022707783288
-1.2531249999999998,9.466875000000002,1.7838398920312502,2.410490014369485,3.877584571530968,3.1073166380340966,-0.6748067133443149,-0.021421994069322232,2.1967740123467556
-1.35890625,9.75484375,1.9785683277812498,2.4994768935141085,3.931816132601566,2.9812856175153457,-0.6357837414952447,-0.13385935929011133,1.8789574047632573
-1.33984375,9.35578125,2.07582612,2.3242051680275426,4.0781068695717675,3.3776743563375615,-0.4943390355784517,-0.021406433000156093,2.090079967276185
-1.3884375,9.69125,2.0245369784375002,2.455408710091611,3.9383362207282406,3.554842510366327,-0.47549242116984947,-0.03560118211424373,1.978936363777219
-1.3131249999999999,9.45015625,1.8838643496875,2.247758518919459,3.894391597295518,3.054083850153041,-0.7165485936526489,-0.20336654214424657,2.2953327805452703
-1.26515625,9.738125,1.96707615546875,2.074686717455418,4.013465956548654,3.1424707666042,-0.8144927981824227,-0.06232607182432296,2.3370753091097467
-1.41546875,9.615625,2.0313471921249997,2.396346783183402,3.609379653676654,3.0921104310611445,-0.6148894249239988,-0.3470093669923278,1.7839293657575213
-1.4451562500000001,9.16484375,1.9111050203437498,2.118605077777814,4.162706823760945,3.0907760578642005,-0.3067996498884535,0.02385027864554492,2.7128478349846072
-1.48828125,9.54125,2.145843221625,2.3931690252463236,4.0522287463197335,3.2831748146368125,-0.7464057930595315,-0.10446656477778782,1.8462629256940966
-1.4759375,9.552968749999998,1.9726094334375,2.3700551936808876,3.9487567979078477,3.0464117512414837,-0.5345326835162311,-0.13167901925167544,2.1588538711508805
-1.31875,9.51140625,1.93770726128125,2.254124344950828,3.783932671171745,3.1846312492298594,-0.44812735003855514,-0.07158737094034566,2.2250304493669315
-1.3003125,9.607968750000001,1.9679274101562498,2.485917818903865,3.8490705776230496,3.0024477820145368,-0.831982388918532,-0.3149429396702369,1.690973927433405
-1.44734375,10.0528125,2.202878417,2.6029419906782283,3.9964966958379624,3.5976449236288524,-0.44281572602965263,-0.20504404210452032,1.9641314031490837
-1.45546875,9.41140625,2.1143461619375,2.423420187518755,4.007033997854391,3.391049253914608,-0.32322055221069557,-0.09443430064961601,1.921167266881418
-1.3718750000000002,9.73546875,1.89067453265625,2.4716681329367423,4.059137042558853,3.2655137956867435,-0.39812184180390603,0.009568529769235983,2.0832389816896435
-1.255625,9.608281250000001,1.8770541618749998,2.4832337001126175,3.9198383874081384,3.0204684418169574,-0.6477959819157862,-0.09387703637656047,2.088340897168675
-1.47765625,9.27375,1.70062811759375,2.5350867478916648,4.413660081213776,3.0851157881421973,-0.428760973173903,0.04484234998786558,1.96220745664195
-1.5725,9.557187500000001,2.037731715625,2.3381603345365347,4.10070362436055,3.5392153205817496,-0.22315080962605907,-0.1810025206219546,1.8959548185617852
-1.3840625000000002,9.5475,1.9166382942187499,2.5266137904503236,3.7669267978021557,3.120004984256125,-0.5045556978402161,-0.09009137598662442,2.0752719131650714
-1.41515625,9.781875,1.8757772590625001,2.408539490144585,3.9336492579251394,2.8287138329979866,-0.6430816993175271,-0.2106996211778374,2.013359029562918
-1.429375,9.37984375,2.0892336556249997,2.2885488544872707,4.37336129745599,3.469074788630573,-0.5212635874990965,-0.030350768371152605,1.8114433368761125
-1.3675,9.453125,1.96047880484375,2.3116667417688044,4.032994341599675,3.318734493019122,-0.4886949834529994,0.029287656719364927,2.1816373357030447
-1.2109375,9.6796875,1.8227855953125,2.4445799222143973,3.883161956105327,3.0918316412095264,-0.7193240082938838,-0.13563037127245423,2.035375390574078
-1.54171875,9.54609375,1.75957866784375,2.5691897766413514,4.087920321350568,3.068413049447024,-0.7422676556508642,-0.22992566344819107,2.1445191732890576
-1.34125,9.274375000000001,1.9904861372812501,2.400050455198807,4.43062103258392,3.4481014187736343,-0.5273253611083427,-0.03830316461453688,1.9922365350931415
-1.44375,9.45125,1.8208702285,2.525739681261709,4.320530385554533,3.406957437195354,-0.4922897795217622,0.010137433418690946,1.840430456630289
-1.20171875,9.53046875,1.8157626049375,2.427766176632016,3.852813675455048,2.9210683369661954,-0.5291247795807799,-0.06479333449335725,1.8531444002267035
-1.3589062500000002,9.734218749999998,1.87875671703125,2.4574797285452705,3.8396023576209606,3.133223940015182,-0.6824651020744282,-0.24789587861152415,1.8504287248984685
-1.5203125000000002,9.3315625,2.2305447605,2.2934948555302563,4.774173102076814,3.545826038727076,-0.6310554371373569,0.11128011487519239,2.007491772507858
-1.3784375,9.4853125,1.842577655,2.502219151791815,4.0757579696718675,3.060540014920711,-0.6642367332812549,-0.16605745483276738,1.7905960002749552
-1.26703125,9.689218750000002,1.9308971060937499,2.248695232578981,3.889759915746528,2.984857064411452,-0.6872273877771786,-0.13008599757497571,2.019945178195984
-1.41328125,9.43296875,1.8657748203125,2.5346788841781196,4.0160551538821565,3.0073284406369765,-0.5428154338254335,-0.06773738105357126,2.017825082976664
-1.4896875,9.500937500000003,2.0004885746875,2.4526637106101092,4.578158990914771,3.4722484064170978,-0.5588041207225012,0.05061666016959816,1.8627712511302572
-1.3185937499999998,9.6746875,1.8906745159375,2.3334502801561765,3.730414675655208,3.0957136383633728,-0.5540914519481264,-0.3115670261185679,2.0274573120904518
-1.3117187499999998,9.799531250000001,1.8683286204687497,2.2383263520761307,4.043947031400564,3.037011612667446,-0.5256586724399026,-0.20553482056326597,2.1237190381197477
-1.3278124999999998,9.70890625,2.0085756428750003,2.65549046126017,3.8344895020342586,3.2089190754784878,-0.4983173757788281,-0.4407115623050668,1.6089634190989948
-1.5826562499999999,9.6725,2.14988679578125,2.4467416101492896,4.112748852653174,3.434543232825156,-0.41626644932011103,-0.055751026228597476,1.8259193753151108
-1.23828125,9.455156250000002,1.76851702171875,2.49987596860293,4.037015060733108,3.177016526223259,-0.672613411928984,0.06457030146078603,2.011265801832724
-1.1546874999999999,9.734375,1.8323624249375001,2.4083578227380893,4.17894868470229,3.279334750436805,-0.5677900778347292,-0.20563736010062492,2.0384272029560715
-1.5303125,9.59140625,1.6961589256875,2.7369651125550996,4.530255189827714,3.2274673638514035,-0.6501981596125761,-0.07454890645284713,2.266868895439934
-1.5925,9.469843749999999,2.099874552625,2.496567017926817,4.694132138967324,3.6598709698181215,-0.5833523618410756,-0.041994738585201544,2.1564834438854734
-1.35625,9.402968750000001,1.7876706443750001,2.3402346970977077,4.432389197602512,3.2517359135745303,-0.6049926101621803,-0.07650744847901692,2.066789666786691
-1.31375,9.57515625,1.807249869375,2.355295562662996,3.940428669648258,2.6056557146455304,-0.595765861626052,-0.1606617692264576,1.820631919888934
-1.4675,9.442812499999999,1.8908873191875,2.678460962007847,4.425242390518711,3.1776609148845996,-0.7396370671025787,0.021433703843251432,2.238328779970605
-1.28296875,9.446718749999999,1.9511148095937498,2.508190134145224,4.508041445117651,3.569830519216814,-0.3676767932661708,-0.05851004789440514,1.5814960759521999
-1.36625,9.487343749999999,1.71680225446875,2.5676201894945443,3.99679138582888,2.956369950694161,-0.5702512981054255,-0.08163136807179418,1.5063153936399853
-1.1112499999999998,9.61,1.7910757070312502,2.321970808925039,3.807982979872678,3.02567505617149,-0.6372054685007484,-0.10206616311118888,1.842650966888784
-1.385625,9.757031249999999,1.90195386953125,2.4879263924752677,4.016208441929209,3.264025223956402,-0.6232439109811724,-0.26290797858454956,1.6496797827565846
-1.4525,9.477656249999999,2.14797138046875,2.3309024539864382,3.9376586246570358,3.432389823535856,-0.235163583266231,-0.1014490884577084,1.7002859748277164
-1.3039062499999998,9.64078125,1.6376339798437498,2.485400255232734,3.862097189630064,3.0958361140005373,-0.43548331367212223,-0.179179492240905,1.83045192256768
-1.20203125,9.686718749999999,1.75276849421875,2.435422306607919,3.9744748295716303,3.2401140702471425,-0.8193192260977022,-0.2050843941840502,1.9484779059700656
-1.5171875,9.375625,1.7978858971874998,2.6718833881447277,4.036724722392524,3.1944162205570734,-0.45292879932174884,-0.28688550679797137,1.9358445944706437
-1.5175,9.6003125,2.037518886875,2.42777289918147,4.170469461264973,3.521264655402367,-0.2629298500193712,-0.10577941434315437,1.6810946776759699
-1.3728125,9.55828125,1.79958842696875,2.426137921644965,3.879489961115821,3.2442272506068135,-0.5624021573754363,-0.16035239523388178,1.9235468072786757
-1.44234375,9.83296875,1.7491505978125,2.6999014693754915,4.4301956360891594,3.476924598738782,-0.4328352610084976,-0.3540150357205252,1.9818014002747333
-1.46515625,9.23390625,1.807037119375,2.460095902721261,5.0644559854648685,4.092132047348582,-0.0555452439169549,-0.12373853765383111,2.112211405066488
-1.4762500000000003,9.2753125,1.948348185375,2.50719059656421,4.603805141113571,3.8735280440601247,-0.3071650581292928,-0.26396178240159107,1.6049474513943411
-1.3828125,9.4484375,1.8349162196250002,2.556924097395883,4.02278829713841,3.3100820741400954,-0.5823226098604917,-0.08262286905671429,1.9035707875276031
-1.3921875,9.918125,1.8598158900000001,2.5273704645033246,4.111748744071676,3.228710941804569,-0.46625029028294024,-0.305459555210843,2.001107935973196
-1.5025,9.32265625,2.0296446553124996,2.3974856621051983,4.466770100624828,3.6267920789584442,-0.43979315864478713,0.08788582584170186,1.9985307997484125
-1.450625,9.480625,1.77468876865625,2.517483785325141,4.285862615550689,3.281190237622767,-0.6563748948236333,-0.047006106878611474,1.7486217089991989
-1.25328125,9.61671875,1.8666260663125,2.3169127186621505,3.8881808305296754,3.031810081064105,-0.6387808266070973,-0.10505365929072306,1.865594325676764
-1.5315625000000002,9.880625000000002,1.8474724598125,2.5240940322408254,3.574348662256524,3.092089234141022,-0.5799204050424244,-0.36799164964576114,2.2162742584763495
-1.3881250000000003,9.35578125,1.98346311671875,2.438418336622123,4.165318041836475,3.2282993679809318,-0.18098838040434534,-0.015791960533815326,1.5331459541652641
-1.37015625,9.709375,1.9115306737499997,2.2922904022147668,3.968734005873283,3.2353237769445764,-0.4199398648484504,-0.10967680190107293,1.8053195677769789
-1.3399999999999999,9.635156250000001,1.77724257171875,2.3305793271201902,3.461901569309263,2.96538992092517,-0.5565864460147392,-0.18844017770365556,1.8227504473860587
-1.22890625,9.70859375,1.9481353596875,2.140090621027749,3.6717433985725276,2.9403117593688686,-0.611101407779535,-0.2587954487300554,1.870962299574543
-1.26703125,9.70609375,1.84576996303125,2.519634571524894,3.6392330996668703,2.930604112035864,-0.555080533447413,-0.13994593831949775,1.7066002500011943
-1.4181249999999999,9.409531249999999,2.023898510625,2.373010926939655,3.6015801348537893,3.0018054236608487,-0.3912086360470462,-0.16700800170406765,1.3835657773060654
-1.2765624999999998,9.4703125,1.81576261678125,2.403716665622999,3.930722726464403,3.0928518083917806,-0.5695769998267795,-0.2201004228967019,1.7307563903753411
-1.23921875,9.506875,1.94260208765625,2.2997332078196457,3.432054721209293,2.625776354314666,-0.5898298443559642,-0.39094158628578995,1.4280507052254727
-0.7301562500000001,9.5296875,1.79107572109375,2.3007610780100434,2.875453751557091,2.127837423395253,-0.5337809552359989,-0.001883613926142383,1.488784357024377
1.4984375,9.63328125,1.442692766625,2.443911579536737,4.018682563465101,3.006374853163209,0.2269544699064916,0.09043290542081212,2.463556130863048
1.3353125000000001,9.337656249999998,1.4524823828125,2.3128080664732535,4.201424513701982,3.06995479626872,0.25101232120845757,0.017530390925870512,2.3901867317774035
1.293125,9.36390625,1.5748527190625001,2.238339838892879,3.965783189196169,3.4533646337699353,-0.13869737454155914,0.16312843401278754,1.6303266088437913
1.2193749999999999,9.62046875,1.4744026525,2.192703008702957,3.9718263390754434,3.110894974052264,-0.13612677666579776,0.11474903351272883,2.2928866839194457
1.2320312500000001,9.40546875,1.4180058934375,2.1161212894168986,3.8036010608728987,3.195638351026678,-0.24621331948065328,-0.029630023294860208,1.9975870819243586
1.11390625,9.91046875,1.4982382391562499,2.3930299943191136,3.868592860171956,3.2685650493240153,-0.020452698559258815,-0.13018131955588522,2.446065735058694
0.9989062500000001,9.44890625,1.6144368404687501,2.1124453522424993,4.389552268308345,3.438396031893253,0.10292435536491917,0.10816656215128147,2.2404258550685707
0.93078125,9.762968749999999,1.6938179528750001,2.123056688397283,3.992569535903343,3.3423164937857077,-0.017282746542362414,0.08257770261607951,1.91263381016828
0.8670312499999999,9.28125,1.14283229,2.0115554302637144,4.099114805357371,2.892270803453619,0.19372383030999946,0.2241747732666667,1.9705651194039377
0.9146874999999999,9.885312500000001,1.4884486179062502,2.350471341527854,4.054702119434145,3.0610542712178765,-0.0954017532202866,-0.15592513386760237,1.9184030644039316
0.791875,9.364843749999999,1.7031819084375002,2.303233376011862,4.227161056854344,3.400159125840759,0.09906329677962576,0.08788502596594765,1.9463575660997607
0.9215624999999998,9.420312499999998,1.13027604946875,2.4281952008835184,4.192769434078596,3.3945757666474186,0.03394622725072155,-0.08462731787877506,2.263312839441605
0.8862500000000001,9.78578125,1.21774420640625,2.7211518126521352,4.690168508662395,3.4970065879146306,-0.14139588764262437,0.00274890069464042,2.1518144977499927
0.5057812500000001,9.65625,1.6693438536875003,2.251894205918306,4.146858939305749,3.5862854964586792,0.05289173594802713,-0.0711127079291677,2.07631528282933
0.6451562500000001,9.46625,1.3894882918125,2.0046531746379315,4.114889693236017,3.1664347384912137,-0.08146507660238836,0.16024560207966393,2.2678718353303524
0.65671875,9.82828125,1.5137739609375,2.207759083527557,3.847505098553924,3.0072006327681575,-0.03552931139630087,-0.12059687008923188,2.0294434195661717
0.5023437500000001,9.44953125,1.4218366069375001,2.245173115671916,4.507546599068437,3.1094238890467882,0.058001485818565825,0.052354505908449235,2.1960867353261286
0.51265625,9.599375,1.5876218134375,2.5893461060344825,4.259351797442306,3.499992084991804,0.03311900853994797,-0.06021377189665176,1.5553680132116896
0.47625,9.532031250000001,1.5058996892812502,2.4190632872043674,4.274274126857499,3.326293141392271,0.0635986296045756,0.03745511620786433,2.112290736015805
0.52828125,9.73390625,1.25796679,2.466361537447103,4.526424712586186,3.1486840152259616,-0.019823946289307857,-0.12797479091825267,1.789979710995491
0.24828124999999998,9.620625,1.54101467678125,2.365464115855161,4.418046045411365,3.6015744065954567,0.33025858724361795,-0.006636197071777276,1.7974669230204308
0.20437499999999997,9.700781249999999,1.5201585059375,2.3633826889386746,4.185870318959778,3.2521563306868666,-0.1367778318157975,0.03540312800496465,2.0702345919935583
0.19687500000000002,9.78484375,1.19412139525,2.4554778525523298,4.709764455425127,3.4238398887914996,-0.20656537475260134,-0.00033885186485249895,2.2758482906408943
0.16421875000000002,9.4671875,1.54399410140625,2.3103218151695746,4.275608680625923,3.6396678885676303,0.002656468482645664,-0.1768502900997598,1.7528491356455582
0.3453125000000001,9.77171875,1.4614207182812502,2.348942560460717,3.951018679834156,3.631521263932165,0.1642015745454094,-0.3496756644304508,2.17847255451109
0.014999999999999951,9.5815625,1.250943805,2.4715639026737706,4.3747679291127834,3.395820313113978,0.06396191401402058,-0.1055135354642317,2.1303641224116534
-0.16156250000000005,9.955468750000001,1.81065497771875,2.2429989820759504,4.4632695168758785,3.6734377744800697,-0.19648090106557617,0.15757991800595378,2.234710821514942
0.1421875,9.5625,1.45950541078125,2.2344661476164167,4.316173073452918,3.0879757619109025,-0.1453490169856981,-0.13555026253221988,1.9021627935463188
0.008125000000000035,9.78109375,1.32798391903125,2.613471036643605,3.9436202899380333,3.1969568819227265,0.2001004612144851,-0.15322062972697562,2.0273091710648243
-0.3109375000000001,9.622187499999999,1.55016585296875,2.5368008388704366,4.204785023023621,3.5043762593539642,0.2688736658878808,-0.09654387975565486,1.7135366368252676
-0.0390625,9.681406249999998,1.3326659139375001,2.4669868506122503,4.289704195508233,3.3820272799216577,-0.10081573400362275,-0.09943210855855734,2.54669076750267
-0.10218749999999999,9.82234375,1.3643757468125,2.4375176081094776,4.5323099595389476,3.4016626764943028,-0.09849763473574295,-0.136962961147646,2.117960273577568
-0.19406250000000003,9.41796875,1.61167020578125,2.4723595250476316,4.344302007978202,3.6421739072699846,-0.20237911698983857,-0.04455366903305592,1.7996437418855002
-0.2671875,9.72640625,1.3109584770312501,2.4622153825049,4.7395603590903805,3.2773276211036317,-0.2597685914240464,0.07737906344752883,2.1468768045791933
-0.013281249999999967,9.63671875,1.47695646740625,2.5522184312668927,4.253929453563897,3.2249336351947058,-0.08578220284936386,-0.15206610217871935,2.3585181700383413
-0.1459375,9.887031250000001,1.46418737490625,2.5935669927907683,4.555045169811539,3.2867600323860695,-0.17729398386200143,-0.15498204840633673,2.205213529541922
-0.05671875000000007,9.354687499999999,1.4169418071875,2.561593165570684,4.201671530753416,3.1512860956710487,-0.28575868198866516,0.04296324105816961,1.9220351482570657
-0.10796874999999996,9.809375,1.56336054678125,2.453205925217742,4.178464458910115,3.3678835891841192,-0.14505595439982813,-0.14944565355571415,1.7961133208348796
0.03062500000000005,9.5475,1.3354324994687499,2.3736014796875655,4.207582069906659,3.06734585856172,-0.12412150521803567,-0.06580882283012919,1.9574310444768417
-0.08984375,9.885468750000001,1.47482828865625,2.2652693632515177,4.232107900358099,2.995930362715793,-0.20792492157071754,-0.09636591858108216,2.326532263847079
-0.14390624999999999,9.34296875,1.55208119890625,2.3516753450914387,4.475404897774439,3.067363912007141,-0.3192225020726298,0.1587692795644847,2.1216965064919355
-0.06531250000000005,9.690156250000001,1.62060856109375,2.425456766743895,4.218196627480271,3.3699889796943587,-0.20055656221909912,-0.09417213977050451,1.8488102448468413
-0.11562500000000003,10.33203125,2.57892767634375,2.2408647012648935,4.548892784131479,4.450528139835418,-0.06023567997126488,-0.010643536383007886,1.5564268162116663
-0.07343749999999999,9.91515625,1.35820405109375,2.6799779725948776,4.634817954956369,3.3236260013751746,-0.11962245859907981,-0.08972245499427003,2.477251805691253
-0.21921875000000002,9.329999999999998,1.79299107396875,2.729575461889346,4.328408339101107,3.400674771599574,0.043459472323896714,-0.05768511931022196,1.997651773532368
-0.30656250000000007,9.60109375,1.33117616953125,2.6504423090483877,4.02880376057347,3.307310018013038,-0.07615811342203688,-0.28655366824621353,1.7876991596548293
-0.20078124999999997,10.1221875,1.4209853234374998,2.741363885395085,4.35027781754726,3.382333021184512,-0.2029646784093134,-0.33565549590993565,2.0035726584290052
-0.228125,9.39625,1.63976217546875,2.605835323725388,4.574510048901412,3.702271971856093,-0.15353168998370248,0.027045940757154746,1.8724875261497054
-0.14203125,9.50390625,1.28627159125,2.581856272437224,4.55962978801031,3.3003232055003577,-0.2864089628313498,0.15057609357719187,2.099753477000476
0.010000000000000016,9.825625,1.43843643546875,2.513503530930482,3.90588373282859,3.3564535316622877,-0.4145644312558705,-0.21268456086263107,2.1188398349412334
-0.15765625000000005,9.45953125,1.30031754759375,2.6005791074943168,4.4414146218038955,3.2584439501747675,-0.24239139718004035,0.06270378464012556,2.2527096971720155
-0.3871875,9.53875,1.6074138553125001,2.3305856752850236,4.451359167434144,3.5966725161442703,-0.10838002709552516,-0.11744818994739102,2.2945015700962816
-0.020468749999999952,9.52390625,1.3682064945937502,2.132003480947777,4.184555164974043,3.3567853275878994,-0.26923201320931034,0.09858665758479723,2.2058646072417374
-0.11562499999999995,9.993593749999999,1.414600800625,2.412105456727587,3.8866576125844863,3.0780101242506004,-0.2962908342942342,-0.1847965392964936,2.1110649169153617
-0.25812499999999994,9.462499999999999,1.4807872007812501,2.3027971272726133,4.3876623901572005,2.9878725829166113,-0.44889686227437475,0.05774870875078304,2.2469279231128048
-0.4546875,9.9615625,1.8132087656875,2.1347357628858306,3.8657151742716054,3.2933453161309694,-0.03050671189327923,-0.24060036769731005,1.7748512592199983
-0.22343750000000004,9.57015625,1.3914036416875,2.3357849448512487,3.8838525864257436,3.02522495660643,-0.3634800502982412,-0.07262291943657892,2.0013152958823697
-0.17390625000000004,9.98921875,1.48397944265625,2.5221764021794626,4.142712466144427,3.15293433883641,-0.5597460518924068,-0.24142746941801108,1.8412629749585963
-0.36359375,9.482499999999998,1.5495273760625,2.4211556945931703,4.108861992693354,3.2251519074092254,0.031621411625800594,-0.04040564221290209,2.0561064589617106
-0.4684375,9.80890625,1.6980742782812501,2.3785672018241883,4.351516300809517,3.5902593664969404,-0.04514182622460605,-0.015165803930735968,1.5890378173513242
-0.32437499999999997,9.587499999999999,1.4873845610937502,2.295347110869073,3.817859757115235,2.9858867883709537,-0.24071908755425184,-0.1715889650984814,1.7772372187482677
-0.35984375,9.77203125,1.60549848046875,2.5231983003889997,4.045277408475646,2.986868305873468,-0.6319672563424907,-0.2962491377279677,1.4363216188886914
-0.5096875000000001,9.779375,1.62358801140625,2.1833023788160335,3.974736970464209,3.0157001586970598,-0.4934301488300507,-0.352967674442662,1.657949874598451
-0.09906249999999997,9.6384375,1.59847550125,2.4616151447969585,4.710649244912398,3.2090703127180613,-0.24393154438464554,-0.38282722169213906,1.5239642594097804
-0.44515625,9.4921875,1.7800091842187502,2.6614522540496455,4.180886370118632,3.1362059953750516,-0.31910321200016795,-0.275174206352909,1.5785053914892735
-0.3843750000000001,9.79703125,1.787457800625,2.5970739995955063,4.004502419030788,3.3089313580745974,-0.5062222089850501,-0.23926491554189536,1.2765617756184933
-0.43500000000000005,9.531875000000001,1.611244575375,2.5250730187461907,4.046636286395777,2.940018648766746,-0.8642443251088933,-0.09063662416446153,1.5432664041784534
-0.29953125,9.848593750000001,1.647423622125,2.3525268527210135,3.6572158413143923,2.845595958406371,-0.2788064128238819,-0.4992447060810823,1.8718949681843375
-0.53734375,9.89421875,1.4790846272499998,2.586000315513503,3.959480239204186,3.095510276917978,-0.526499474188699,-0.15345048276756995,1.73848206080247
-0.4789062500000001,9.39484375,1.47312572515625,2.264105174502929,4.422186602868081,3.1451007520790366,-0.14505687334944048,-0.10863715560016274,1.9639628357631713
-0.421875,9.7215625,1.6086907613124999,3.0625984040312892,4.043205032346709,3.6936138917752963,-0.2246652597567382,-0.4080240559007994,1.5817968020869186
-0.3771875,9.3671875,1.4801487179375,2.6228243774305113,4.208328598130587,3.322711556656053,-0.43747615258164574,-0.15874600930316896,1.8715597518217975
-0.7179687499999999,10.035,1.2517950888437501,2.7447604515737685,4.616275555033516,3.3790051499261406,-0.2355681405111353,-0.15248556685490242,1.958306522463965
-0.6362500000000001,9.354062500000001,1.53867366790625,2.850589029042945,4.478849851925576,3.7217701653495694,-0.2273358122164363,-0.20102652987871644,1.674839289817474
-0.7462500000000001,9.583281249999999,1.22476721828125,2.6676654705003777,4.377523220486493,3.5101230464642046,-0.26309573991950297,0.08044431385295747,2.066159848347275
-0.61171875,9.89375,1.3937446303124998,2.744251693704212,4.829358944259579,3.461872529158286,-0.3536830303990795,-0.0802152002766325,2.109060042250179
-0.92984375,9.278125,1.6682797459999998,2.782828199527584,5.422146967242312,3.9182512272469463,-0.34961653768162765,-0.013678441212406798,1.6489260602342324
-0.7396875,9.13140625,1.40332143546875,2.713114543719773,5.005476334472169,3.5491190745291776,-0.16195550738093387,-0.2588043843167827,1.708182651337438
-0.74296875,9.8090625,1.19220605396875,2.9085776591013413,5.453948603635145,3.6888148709934883,-0.21872959755056978,-0.39121585036058887,1.9355732445582752
-0.7903125,9.481406250000001,1.3262813603125,2.626818994019906,4.757244431912337,3.3308960886507912,-0.11953554921158879,-0.0009578600437795927,1.7234800768660343
-0.88375,9.712031249999999,1.630185354625,2.6318900646683554,4.61740801873989,3.8316321389165844,0.008072914437119843,-0.030457131805868513,1.986720084335716
-0.6728125,9.74609375,1.51356114921875,2.729489117004087,4.208905223298683,3.4728260510907565,-0.6588442341421834,-0.2275760961618353,2.167997513810345
-0.81515625,9.469375,1.29563554590625,2.769760251463281,4.907018530571798,3.6059214821495944,-0.41709364117597886,-0.014119430382894132,1.412502590575748
-0.8679687500000002,9.71890625,1.3109584805312502,3.0075452925140524,4.313364448572708,3.453901411975244,-0.38097796652963073,-0.12849481241756405,2.025584783907347
-0.6528125000000001,9.728124999999999,1.47099752375,2.7866509181890273,4.288674720630489,3.4613792571561035,-0.44325173212300595,-0.1255625339900034,1.936650199606116
-1.001875,9.75140625,1.4280083325,3.2326657319269803,4.665917938622682,3.553870368681012,-0.27761145507019164,-0.17228089090050014,1.7632118563227412
-1.1075,9.710625,1.7712836290624998,2.951401150301328,4.413364955946313,3.711751207800535,-0.3346520067345372,-0.2562120504777634,1.5454929179452788
-0.83109375,9.66578125,1.36395011875,2.4177243414440235,3.9917006888854325,3.3379846723106144,-0.1895120136596362,-0.11401874996303434,1.727080548729493
-0.91671875,9.8984375,1.4501413839062498,2.7805513474666204,4.132202128840475,3.2371149038309484,-0.6819575263058748,-0.27987650418650106,2.2766144229269147
-0.99984375,9.591875,1.6491261764999998,2.5574734188424983,4.366314190409915,3.056360330786192,-0.03540205152400946,-0.1516482882435837,2.293748964210885
-1.0001562499999999,9.696406249999999,1.5899627926562498,2.649968450394445,4.430136978408336,3.6438020361368944,-0.3949002376653003,-0.19565929314419017,1.7292378573586096
-0.9112500000000001,9.60359375,1.51930721625,2.7087580756686265,4.391795748604543,3.2744446808261283,-0.6868644116932714,-0.2130663201152887,1.7561733775970758
-0.9623437499999998,9.678125000000001,1.3430939725000002,2.784794506662195,4.402058068037609,3.482046110067147,-0.47596606599684516,-0.12621248819264388,1.8533240357808005
-1.0109375,9.54125,1.9802708601562502,2.2724337990563663,4.695903966490371,3.7418176271926282,-0.36208522489416844,-0.038252695182003055,1.918315504606475
-0.9410937500000001,9.755468749999999,1.6793462845937501,2.209913825516945,3.8528313167427193,2.9542290135961964,-0.3281132784394464,-0.17912266078306005,2.07156988191094
-1.1984375,9.973749999999999,-0.17195690837499994,1.9474632688689537,2.924712325597169,3.130147812047571,-0.48730915754522486,0.34840702356412356,-0.36645208962152487
-1.06515625,8.1678125,2.9599150000000005,2.313663891014842,3.055940663665404,2.5388342558765977,-1.7025844539624506,-1.4007521014214752,1.2060426113648515
-0.06015625,9.888281250000002,1.4709374999999998,0.032475576760659694,0.02267671489518505,0.0669355742019892,-0.42123107290732575,0.020128275748566134,-0.8973166618620073
-0.08546875000000001,9.88640625,1.473125,0.05801211316128296,0.02496041788387181,0.0831578882307626,-0.515314953596268,-0.2513359629393875,0.2793451071122591
-0.008125,9.900625000000002,1.3687500000000001,0.07019782315000943,0.030201148570874,0.14646351934867607,-0.0020961654914074574,-0.509060010286244,0.18684376255676885
0.01953125,9.875781250000001,1.484375,0.08205237823145348,0.02578787793591226,0.10858284567554859,0.10818601561472786,-0.961711715623133,-0.1976368279394428
-0.02265625,9.903750000000002,1.31921875,0.08830420055658451,0.026663411259626915,0.06258256265476428,-1.0536654954611548,-0.5631868844639192,-0.40463322253780076
-0.0615625,9.89140625,1.3125,0.05160604222133296,0.02283549782548006,0.04562071897723664,0.026966936978056025,-0.07869340241828655,0.5588578187076991
-0.10734374999999999,9.90046875,1.3093750000000002,0.12210705072164138,0.027806793656182393,0.09197273712899925,0.08786124851831917,-0.11380162903149509,-0.317701411339856
-0.034375,9.896562500000002,1.3,0.06661163092884005,0.023533138204455385,0.04943429983321295,0.7471189965852666,-0.7647580373593192,0.30110491169397813
-0.042031250000000006,9.87640625,1.4621875000000002,0.05777595973618699,0.031640914350529084,0.08772237367826981,-0.15220095467021466,0.41372503789009807,0.4157455716425657
0.013124999999999998,9.8703125,1.4246875,0.07576433445230019,0.030769747216218928,0.10263662769084923,-0.13257541287299757,-0.6150907267924529,0.33467589144091453
-0.045937500000000006,9.87796875,1.4021875,0.06688887122496537,0.022373232297491445,0.036291732443491855,-0.792561941028481,-0.09660951960677865,-0.027408663071770478
-0.05078124999999999,9.858125000000001,1.4587500000000002,0.07289343007732246,0.024677608777999734,0.04688749833377767,-0.4843412471757063,-0.1583928024687202,0.060595073034211855
0.07906250000000001,9.87484375,1.41484375,0.0763977819949637,0.04224157414133032,0.058736492795684526,0.24601113230077923,-0.04679164574005465,-0.15488950388549183
-0.04625,9.878125,1.37375,0.0734102343001301,0.02156929240842208,0.04060095442227923,0.26535209263749815,-0.20568120181618674,-0.02013587012070744
-0.04296875,9.885156250000001,1.3656249999999999,0.05231155726450418,0.019999389639124197,0.042089005393332775,0.39626983058488036,-0.5151829307622194,0.2505125911340524
0.001875,9.87125,1.4078125,0.09171755216423953,0.0250935748748562,0.07353716641093806,0.30853991398761443,-0.08232214158893912,0.2964120532094388
0.10296875,9.869375,1.4373437500000001,0.04045366514220312,0.027034410942352934,0.038415580640379525,0.2385018443337536,-0.2184845366468912,-0.05985311454793935
0.06937499999999999,9.86671875,1.45109375,0.044366196309803256,0.028342475164274385,0.049089114994441525,-0.38786348205793436,-0.007317617818095986,0.01490888872508395
0.0625,9.87140625,1.41875,0.09280355596635292,0.027321419453196633,0.044493679326394225,0.592747449650592,-0.6211297024293795,0.12332924198118031
0.08203125,9.85609375,1.454375,0.0769776689919713,0.04474291799757257,0.052911335033242204,0.022796612298947982,-0.4587327250946463,0.3745594146286365
0.05546875,9.873281250000002,1.44625,0.06909978490152845,0.03192054038448449,0.07194833215579081,0.6880595981097017,-0.6539209453309275,0.03693917515294601
0.1040625,9.8565625,1.50203125,0.08693961176443106,0.04476392066999945,0.07599711523102376,0.695352355274249,-0.25796305524173613,0.20497455853565513
0.06328124999999998,9.865937500000001,1.4689062499999999,0.052501627578937976,0.025231351405543403,0.048609322263713,0.6573402065945663,0.7887546626207346,0.8917701861382047
0.14078125,9.839375,1.5528125,0.1023978864451679,0.05005855945789899,0.08644848086432752,-0.1020127625128639,-0.8628748351340848,-0.7187093454694339
2.9574999999999996,6.0778125,5.063437499999999,2.6156308990375536,3.4306720682460674,3.192412008747265,-0.18528467027888934,0.18545187839439975,-0.18735446754802185
5.3842187500000005,2.8782812500000006,7.964375,0.09365503002208413,0.03955039062307097,0.045547880027505115,1.2403684054747028,0.12161406463978057,-0.6138003695295086
5.62953125,2.8089062499999997,7.83421875,0.10801373881797408,0.09040044917442336,0.061308764858195315,0.20000701436524937,0.35022652823639616,0.15632750180893992
5.61125,2.831875,7.84265625,0.05066742049877817,0.052137888094935345,0.04250890301969096,-0.075949073424345,0.45299411248297866,-1.0544507591191314
5.60703125,2.8128124999999997,7.833125000000001,0.03647257906205023,0.02564595180043045,0.03486021191846075,-0.4512161340473117,0.6089757094680779,-0.00556707548155957
5.604687500000001,2.845625,7.84921875,0.02936668765370052,0.02609328218143515,0.027574030326332308,0.15007246240858416,0.40921302154048406,-0.5894569087511496
5.57890625,2.8434375000000003,7.8540624999999995,0.04319712040098861,0.034059632906859136,0.03219660065519324,-0.06611256553854405,0.4499367374175729,-0.3458991186133199
5.60953125,2.8326562500000003,7.85109375,0.043316772426365086,0.09107418314724264,0.05468995530202497,-0.336065271019011,0.19528993619723323,0.6559220516645321
5.6146875000000005,2.8206249999999997,7.84328125,0.01999755844472031,0.02317562027217397,0.031127494252469072,-0.5636906089610226,0.07472586111960713,-0.589397249073457
5.6096875,2.8132812499999997,7.839062500000001,0.01928152856362805,0.023917481021995216,0.03310583171814289,-0.6619545144326852,0.2196676596485929,-0.8115987436550645
5.615156250000001,2.8084374999999997,7.8421875,0.023048331521771923,0.02265355587429933,0.030489175845699646,0.1790603477945364,0.12929520691384236,-0.0425034464217148
5.598125,2.8134375,7.83296875,0.04847276941747819,0.038778971024899585,0.0380657197940286,2.2258300058981493,-2.2155937124875638,-1.1808875072657994
5.59546875,2.7990624999999993,7.85421875,0.024233866250301543,0.02754080779044079,0.030710578770799617,-0.24165470976480669,0.6900729358378076,-0.21888347902241673
5.600468750000001,2.79203125,7.84921875,0.025151397047430673,0.02144613073347969,0.029117471532354815,-0.15903315113848035,-0.0553023000487063,-0.2264612042754681
5.60953125,2.78203125,7.82890625,0.0447363696944389,0.08068417765235947,0.06062479864657271,0.3795967779509011,0.17383391525951583,0.1996378732622615
5.61578125,2.7093749999999996,7.85125,0.04241921319918028,0.04669967210805655,0.02712816801776328,0.6291275660304757,-0.48515333958414475,-1.0336636537905837
5.62703125,2.715,7.8634375,0.024728506292081308,0.026925824035672428,0.025691605511333624,0.9002408155588835,-0.15367890056030534,-0.27295274776005385
5.645625000000001,2.700625,7.8465625,0.0598402822102303,0.060901431633418886,0.03197747009614726,-0.14370231865002994,-0.10936922691971178,-0.2200535645280912
5.70875,2.7390625,7.81484375,0.10970842036963264,0.0776956954647424,0.07367564445552881,-0.9055106170655945,1.4493882627219123,0.584555888715001
5.71578125,2.6293750000000005,7.813437500000001,0.04945972754107635,0.04840825730182824,0.032558541026127055,-0.48230630517894374,-0.27586410723659943,0.17011309768072475
5.7421875,2.654375,7.799375000000001,0.08124939903623907,0.04282504378281477,0.052733854164094644,1.201511298797987,0.2530729327419758,-0.6540309012314844
5.7435937500000005,2.6382812500000004,7.7878125,0.17163157477846988,0.07490733207395323,0.052005671265257195,-0.3093575334576976,2.8826345331173324,1.0738448767564766
5.735,2.6137500000000005,7.81546875,0.027838821814150136,0.03257203555198849,0.03132140280123961,0.10428694956389806,0.683994307231062,0.31855417356047167
5.733125,2.5981250000000005,7.819531250000001,0.02720724857459867,0.025913015552034874,0.03360755530290023,0.1628514097678934,0.045039256990235386,0.3073487031490137
5.75171875,2.5946875,7.799375000000001,0.03443992448362079,0.03082048578056489,0.031616599674854376,0.5061490219736192,0.1902638860070523,0.0514016864029596
5.7475000000000005,2.59890625,7.823437500000001,0.024366985862022433,0.029586588362592637,0.03523220960640986,0.032399316381574825,0.13568922683747683,-0.27719512089850956
5.7524999999999995,2.5982812500000003,7.80703125,0.07468684623144838,0.09191631192795711,0.08526942021286119,-1.1561438707454466,0.2683566212331827,-0.3759408054142415
5.78578125,2.574375,7.789375000000001,0.07277543987113724,0.03259001956120931,0.04304340106218377,0.22116802565727436,0.4091843351694213,-0.48740575791674134
5.8378125,2.559375,7.760468750000001,0.0734095691565481,0.04782373234075319,0.04661778387522834,-0.43225167981837864,0.26320234567814005,0.5393999878607192
5.8240625,2.53296875,7.7835937500000005,0.07283797837495228,0.07121006967724088,0.05215263618396958,-0.12568820349239007,-0.10458888105975951,0.6031136692758724
5.80890625,2.4468750000000004,7.796093750000001,0.0382882646634384,0.030252840775702377,0.03324234815619227,-0.5692835414399239,-0.08628727988433577,0.44304515624028834
5.8240625,2.449375,7.783750000000001,0.025107192072193252,0.025973243443975207,0.03370367190678194,-0.8430892061825133,0.015131825309447603,-0.021732414656299923
5.82828125,2.444375,7.793750000000001,0.02820431524496748,0.0323010738985564,0.033330729064933486,-0.7856808546795956,-0.2734387773835669,-0.22754942356288863
5.83140625,2.4606250000000003,7.796875,0.022835497825480052,0.029361699116365877,0.03301869735468076,-0.07869340241830326,-0.22435902893970103,-0.4166477478679477
5.8453124999999995,2.448125,7.793125,0.02573717823985384,0.029520914196548866,0.03320744457196311,0.24998169843853402,0.3074080403597041,-0.018601068241624056
5.8471874999999995,2.42890625,7.789375000000001,0.019880011160711267,0.03011006826524149,0.026212771219388486,0.34372729426646603,-0.8050685001253444,0.04725291702225581
5.8525,2.425,7.793750000000001,0.017320508075688877,0.025980762113533184,0.034798527267687666,0.33378062437527495,0.1283000598199552,-0.013070631012082458
5.8509375,2.4274999999999998,7.782968750000001,0.030655278399486233,0.02633913438213187,0.03647257906205017,0.41263942772079093,-0.0974810914556178,0.22513843990241558
5.84328125,2.4325,7.787343750000001,0.028232001318317948,0.02817356917396164,0.032559665783565714,-0.41482046729939864,0.04611459025312679,0.17512234299405804
5.863124999999999,2.44625,7.798125000000001,0.026976552318634144,0.020879116360612602,0.03311320544737404,-0.027533304271519204,-0.1145868951998579,-0.5116124848282502
5.85984375,2.4412499999999997,7.797968750000001,0.01883250078819865,0.0193245310421754,0.035583514770712296,0.5278522746391495,-0.48878840443498534,0.060810292049087
5.8534375,2.44234375,7.8012500000000005,0.019301776958352924,0.027485347659025536,0.03388860427931493,-0.12708579405246076,0.8475042794234967,-0.17494292121646113
5.868124999999999,2.4453125,7.809531250000001,0.04149077457700698,0.046468024960718966,0.038988367155313106,0.07791228979242602,-0.6278909431597584,0.11753562042943148
5.8671875,2.4418750000000005,7.7904687500000005,0.023747943989954237,0.030967472854593746,0.03780830296955287,0.1679571235861228,0.1653893571408358,0.3470269672745807
5.85640625,2.42625,7.790625,0.023073739639198166,0.027128168017763406,0.036906765978611596,0.5638816973398887,0.19194095104459877,-0.3106499389999994
5.854375,2.4268750000000003,7.793125000000001,0.016381678027601546,0.025302853099996473,0.032445868381043554,0.21758518720389203,-0.26033015976832236,-0.31362355224136074
5.8559375,2.4231249999999998,7.779375,0.027025378697624305,0.024550649176752964,0.03904624661859322,0.8992398109167724,0.06800785831047584,-0.06956314874962982
5.85859375,2.43375,7.7943750000000005,0.028110673434436,0.022043990110685516,0.03896613112691588,0.24516149393116693,-0.3752362498136762,-0.36254298134268853
5.8625,2.4243750000000004,7.793125000000001,0.0220794021658197,0.026802227052989482,0.027436005084559983,0.3962969619506609,0.054550384012828225,0.05326827282404712
5.858437499999999,2.42375,7.790625,0.019860352306794646,0.02570870475150394,0.02849753278794502,0.5037884419160596,0.24345315365843406,0.08272658636963069
5.87078125,2.421875,7.765625000000001,0.04684764827008396,0.029731874730665766,0.03699134189239425,1.7716254400770615,0.37414596562677127,0.2959642808444769
5.954615384615384,2.366923076923077,7.753076923076923,0.10958771580620372,0.08165448929055763,0.0635349226058594,-0.601255432963762,-0.7792977686072131,0.717796873393436
