1622295463340 0.7009233499059376 0
1622295464531 0.7819009633893438 1
1622295465761 0.8059399238037419 2
1622295466799 0.785104422901552 3
1622295467729 0.7818870826231263 4
1622295468724 0.787186798784776 5
1622295469788 0.7931531067294484 6
1622295470824 0.7978043729355303 7
1622295472035 0.7975294157592238 8
1622295473282 0.8045606728124862 9
1622295474369 0.799388280562214 10
1622295475447 0.8195017884156492 11
1622295476464 0.7935421378210901 12
1622295477542 0.8172512414179164 13
1622295478592 0.8097929923187138 14
1622295479516 0.8131319561105598 15
1622295480437 0.8280118549803402 16
1622295481416 0.8201473109691073 17
1622295482542 0.8214630591641919 18
1622295483570 0.8253019212560079 19
1622295484486 0.8002309426283937 20
1622295485411 0.8160317245959237 21
1622295486333 0.8276306751884933 22
1622295487263 0.8080892278780323 23
1622295488271 0.8242682778471955 24
1622295489323 0.8207511330216694 25
1622295490402 0.8079398398262891 26
1622295491374 0.8375121097805446 27
1622295492336 0.8213186718769659 28
1622295493267 0.8240230283996791 29
1622295494222 0.8127264935174838 30
1622295495153 0.8374260360970504 31
1622295496136 0.8187435979466485 32
1622295497147 0.8291707101909435 33
1622295498333 0.8269766645896929 34
1622295499395 0.8068363439376657 35
1622295500733 0.8196864758413189 36
1622295501832 0.8438644300870642 37
1622295502779 0.8156361965563975 38
1622295503731 0.8351289327336556 39
1622295504728 0.8224568426082055 40
1622295505706 0.840107764384812 41
1622295506654 0.8302402645072142 42
1622295507588 0.8246811403125427 43
1622295508513 0.8409419440013856 44
1622295509506 0.8261714757265408 45
1622295510499 0.8395085441284038 46
1622295511472 0.8451186085770772 47
1622295512475 0.8344366582064586 48
1622295513483 0.8332092036627902 49
1622295514489 0.8327208721343724 50
1622295515524 0.8431179061247727 51
1622295516491 0.8416693712345885 52
1622295517465 0.8415209605922361 53
1622295518456 0.8396969323742939 54
1622295519458 0.8436899930446744 55
1622295520527 0.8387889203608119 56
1622295521560 0.8086106662086799 57
1622295522512 0.8354388547392988 58
1622295523457 0.8464624393105562 59
1622295524384 0.8221101217100153 60
1622295525319 0.8315809160928607 61
1622295526264 0.8359951113423063 62
1622295527191 0.8468690023290772 63
1622295528120 0.8395444354022475 64
1622295529057 0.8432815757226034 65
1622295529982 0.8411235298637236 66
1622295530914 0.8381087609214415 67
1622295531846 0.8463248318436535 68
1622295532774 0.8515126628063623 69
1622295533712 0.8343352924229767 70
1622295534635 0.8478102639504731 71
1622295535568 0.8344314431606087 72
1622295536509 0.8310136432950582 73
1622295537455 0.8552533830734894 74
1622295538381 0.8377291679021757 75
1622295539355 0.8484830523560689 76
1622295540294 0.8462426484380006 77
1622295541241 0.8498815673140383 78
1622295542175 0.8451734061169591 79
1622295543121 0.8452580228219092 80
1622295544057 0.8348721126904871 81
1622295544999 0.8508878677958608 82
1622295545915 0.838623062344749 83
1622295546833 0.8455578137298361 84
1622295547767 0.8474314177851724 85
1622295548685 0.8477695839884338 86
1622295549615 0.8286916858903637 87
1622295550539 0.8431510040168154 88
1622295551480 0.8551661877187811 89
1622295552421 0.8292120615373162 90
1622295553358 0.8489080346520971 91
1622295554284 0.8535154055805748 92
1622295555222 0.8289615040382378 93
1622295556155 0.7791417160246082 94
1622295557095 0.7282640556087601 95
1622295558034 0.7120982795717995 96
1622295558964 0.6859778862510686 97
1622295559891 0.6517597271425051 98
1622295560805 0.6682951714290525 99
