1622295655454 0.7637705585423973 0
1622295655771 0.7363145991452575 1
1622295656060 0.7632667250158123 2
1622295656388 0.7964758808083621 3
1622295656773 0.7994286858131299 4
1622295657158 0.7951309860390583 5
1622295657544 0.796143880544734 6
1622295657978 0.8038705086613767 7
1622295658356 0.7882796502102248 8
1622295658725 0.8166015938915947 9
1622295658979 0.7903816365138937 10
1622295659234 0.8134673886476089 11
1622295659481 0.7906988455825986 12
1622295659725 0.8186648248336436 13
1622295659976 0.8123059291141207 14
1622295660223 0.8012449858964128 15
1622295660478 0.807140480264113 16
1622295660744 0.8079409556174734 17
1622295660996 0.8131245873372684 18
1622295661246 0.8087528417586393 19
1622295661487 0.8124961459800331 20
1622295661736 0.8202421613602707 21
1622295661987 0.8107672139010689 22
1622295662230 0.8143693960339815 23
1622295662478 0.8210358278537252 24
1622295662723 0.8159349297315035 25
1622295662969 0.8231083471700722 26
1622295663226 0.8204295504448191 27
1622295663473 0.8299165812410716 28
1622295663717 0.8220777036201793 29
1622295663964 0.8328965389628696 30
1622295664209 0.8196878730765383 31
1622295664457 0.8235979711540692 32
1622295664703 0.8289652211186829 33
1622295664952 0.8266646765647461 34
1622295665205 0.8314681997572116 35
1622295665454 0.8162962608334074 36
1622295665698 0.8208172867441244 37
1622295665968 0.8121486602410876 38
1622295666217 0.8546747199154389 39
1622295666463 0.8226737141567588 40
1622295666705 0.8304540125671349 41
1622295666951 0.83076285592702 42
1622295667204 0.8340710201003819 43
1622295667459 0.8264623457551169 44
1622295667703 0.8243332012080214 45
1622295667945 0.8297098113415462 46
1622295668194 0.8367678421411252 47
1622295668437 0.8217905520241778 48
1622295668683 0.8408567437589196 49
1622295668926 0.8256977603165367 50
1622295669182 0.8334553956208866 51
1622295669428 0.8474074376217428 52
1622295669672 0.8170273338100865 53
1622295669921 0.8413098261710265 54
1622295670166 0.826822101147633 55
1622295670408 0.8427918645227827 56
1622295670651 0.828613575778489 57
1622295670900 0.843472290941869 58
1622295671181 0.8260636024069598 59
1622295671443 0.8402335969527526 60
1622295671686 0.8237455774873509 61
1622295671929 0.8316262679260351 62
1622295672176 0.830599850620043 63
1622295672426 0.8243353353261171 64
1622295672683 0.8419204447479124 65
1622295672936 0.8414405979434519 66
1622295673195 0.8328789066178347 67
1622295673443 0.8326673758701149 68
1622295673693 0.8545160304188119 69
1622295673945 0.8359595602157228 70
1622295674188 0.8433711572046222 71
1622295674438 0.8429584882879546 72
1622295674719 0.8394373488764587 73
1622295675006 0.8280496287756379 74
1622295675259 0.8432264197297071 75
1622295675518 0.8205544813919644 76
1622295675807 0.8333797672353495 77
1622295676066 0.8348383087094521 78
1622295676428 0.8241653843098543 79
1622295676674 0.845978412879462 80
1622295676924 0.8304872952155481 81
1622295677181 0.8525068571521494 82
1622295677436 0.8441069199074807 83
1622295677686 0.8199915854098243 84
1622295677934 0.8442599713566582 85
1622295678184 0.8254813720884296 86
1622295678429 0.8348247831147346 87
1622295678682 0.8445106070781653 88
1622295678935 0.8344157774984254 89
1622295679193 0.8443027722067253 90
1622295679443 0.8293794054882978 91
1622295679695 0.8332784741201641 92
1622295679946 0.8330579854655454 93
1622295680195 0.8361080802834938 94
1622295680447 0.8384715103864558 95
1622295680698 0.8405632706035732 96
1622295680947 0.8433458266451282 97
1622295681227 0.8445907917104248 98
1622295681481 0.8388761173935478 99
