1617119944889 0.32591028525945176 0
1617119945164 0.45684153992212795 1
1617119945440 0.4824810089672505 2
1617119945713 0.4807429370109692 3
1617119946002 0.5230275175631613 4
1617119946268 0.5508381614963833 5
1617119946546 0.5511429609359133 6
1617119946866 0.5545010843974614 7
1617119947149 0.5772153380152898 8
1617119947416 0.5791030730203868 9
1617119947702 0.5667568193082813 10
1617119947973 0.5687367920723947 11
1617119948251 0.5680344668321112 12
1617119948516 0.5955962669058067 13
1617119948784 0.5950677462812619 14
1617119949049 0.5785425156879304 15
1617119949311 0.5769819239303038 16
1617119949591 0.6020707320571028 17
1617119949864 0.6058508953757701 18
1617119950136 0.6193583481180349 19
1617119950416 0.6201218985537288 20
1617119950696 0.5486238311555647 21
1617119950970 0.5949767411162338 22
1617119951240 0.6137305088608577 23
1617119951507 0.5586348374441303 24
1617119951790 0.6046913948168157 25
1617119952060 0.6156020247427068 26
1617119952329 0.6195009105553243 27
1617119952602 0.6207837072385384 28
1617119952878 0.6196611644939234 29
1617119953147 0.6063692512532032 30
1617119953424 0.6408760848478523 31
1617119953692 0.611240816621607 32
1617119953969 0.6389706369233401 33
1617119954236 0.630043539295465 34
1617119954512 0.6326203173447504 35
1617119954778 0.621788345275253 36
1617119955041 0.6027488513471029 37
1617119955312 0.6134228117716697 38
1617119955587 0.6281004838497393 39
1617119955875 0.6284786538688018 40
1617119956156 0.5711914956057611 41
1617119956438 0.6350988838795943 42
1617119956739 0.6382177005173125 43
1617119957057 0.6307658158734198 44
1617119957374 0.6485076435578649 45
1617119957666 0.6474026204874724 46
1617119958013 0.6489378382142591 47
1617119958320 0.6278706287557484 48
1617119958643 0.6472757375790636 49
1617119958962 0.6398691912028726 50
1617119959279 0.6474612984572891 51
1617119959590 0.6483385786146806 52
1617119959916 0.6437578515439872 53
1617119960205 0.6490566710901136 54
1617119960489 0.6561971256540784 55
1617119960759 0.600398301752297 56
1617119961042 0.6406538183994955 57
1617119961332 0.6371695203837722 58
1617119961676 0.614177553560518 59
1617119962016 0.6275543640839389 60
1617119962367 0.6496940956656903 61
1617119962663 0.6470570158230857 62
1617119962968 0.6477578600923594 63
1617119963255 0.6489012790255181 64
1617119963532 0.6396067035375479 65
1617119963799 0.6389762284658312 66
1617119964082 0.6446994154793994 67
1617119964349 0.6446078011682275 68
1617119964619 0.6512218622535492 69
1617119964884 0.6513458232202815 70
1617119965150 0.6383757693824141 71
1617119965424 0.6498158476792282 72
1617119965688 0.6447246415278891 73
1617119965962 0.6455625767413175 74
1617119966228 0.6570227503953406 75
1617119966487 0.653416845027235 76
1617119966754 0.642693071763653 77
1617119967020 0.6536112480171965 78
1617119967383 0.6551565128529463 79
1617119967654 0.651840334218854 80
1617119967951 0.652796279323338 81
1617119968234 0.6502995813605275 82
1617119968543 0.6618220337576344 83
1617119968909 0.6466374840816673 84
1617119969221 0.6548589230686007 85
1617119969517 0.6319506616716454 86
1617119969812 0.6527133766143256 87
1617119970114 0.655690111814202 88
1617119970417 0.6624887902274206 89
1617119970735 0.6486534050406424 90
1617119971042 0.664245666473849 91
1617119971359 0.6541465692532645 92
1617119971693 0.6646128978015736 93
1617119972088 0.6297896905464673 94
1617119972414 0.656639438070071 95
1617119972696 0.6508979150851129 96
1617119972972 0.655948971967045 97
1617119973266 0.6325064988906068 98
1617119973541 0.6512425656299581 99
1617119973827 0.6570444993578101 100
1617119974097 0.6628725898305323 101
1617119974365 0.6572958310002324 102
1617119974667 0.6469168690365633 103
1617119975006 0.6554185038392892 104
1617119975364 0.6598168437117508 105
1617119975650 0.6444309266418292 106
1617119975938 0.6714972876939792 107
1617119976299 0.6575806467805964 108
1617119976662 0.6602842819100909 109
1617119976984 0.6651051546591703 110
1617119977278 0.6347310791563797 111
1617119977586 0.6427535296849888 112
1617119977893 0.647540115949004 113
1617119978176 0.6637529540840941 114
1617119978477 0.6432758174762603 115
1617119978770 0.6554438978528206 116
1617119979047 0.6647730490124394 117
1617119979331 0.6602763523309888 118
1617119979648 0.6680060817170893 119
1617119979951 0.6670131056312201 120
1617119980244 0.6699016630349323 121
1617119980528 0.6487474488210125 122
1617119980798 0.6649281835106898 123
1617119981074 0.6645906683023615 124
1617119981348 0.6772523425949268 125
1617119981659 0.6595766719100622 126
1617119982024 0.6619429939685854 127
1617119982354 0.6714007131490067 128
1617119982642 0.6669895918188982 129
1617119982920 0.6771760382582857 130
1617119983196 0.6769347321689375 131
1617119983468 0.6657323486755442 132
1617119983743 0.6631875383324989 133
1617119984020 0.6765580357350831 134
1617119984286 0.6689820983258197 135
1617119984556 0.6661472649570825 136
1617119984826 0.6610717805024836 137
1617119985090 0.6782580376341795 138
1617119985353 0.6649714555841205 139
1617119985624 0.6679706720503167 140
1617119985892 0.6753419207487684 141
1617119986162 0.6795879622071512 142
1617119986477 0.6716840610611415 143
1617119986903 0.6783516169758321 144
1617119987202 0.6719403594440266 145
1617119987476 0.6778192112776018 146
1617119987797 0.6656317049393231 147
1617119988144 0.6691127688683859 148
1617119988482 0.6728981589287182 149
1617119988762 0.6733118909977432 150
1617119989083 0.6657348322421682 151
1617119989488 0.6645670679970864 152
1617119989794 0.6669703071827459 153
1617119990081 0.6581374410125488 154
1617119990395 0.6291486165261864 155
1617119990741 0.6618410628304408 156
1617119991074 0.6774959543541489 157
1617119991367 0.6637716564994276 158
1617119991723 0.6703103866552553 159
1617119992121 0.6696577903778883 160
1617119992455 0.6706138466385363 161
1617119992740 0.6853906917754635 162
1617119993027 0.6781369578951866 163
1617119993343 0.669671161182013 164
1617119993683 0.6727043122049033 165
1617119994000 0.6775279597616019 166
1617119994290 0.674586435748568 167
1617119994567 0.6548793970070226 168
1617119994845 0.6739359029375681 169
1617119995160 0.6716209347471657 170
1617119995575 0.6819125623983341 171
1617119995882 0.6847957083546684 172
1617119996155 0.6818039303276869 173
1617119996466 0.6818805460854357 174
1617119996769 0.6857580723656892 175
1617119997067 0.6765730735958199 176
1617119997349 0.6835845846609783 177
1617119997654 0.6781874134902167 178
1617119997959 0.6714782908028277 179
1617119998295 0.672479526070133 180
1617119998603 0.6670830276355932 181
1617119998930 0.6794814960961674 182
1617119999254 0.6741847578284986 183
1617119999650 0.6784724351980066 184
1617119999976 0.6763387811001316 185
1617120000265 0.688269922987404 186
1617120000553 0.6814283280166314 187
1617120000873 0.6761128340382258 188
1617120001271 0.6793164219578721 189
1617120001564 0.6849458968149112 190
1617120001852 0.6882645616396796 191
1617120002132 0.6797138368399834 192
1617120002442 0.6834383780085806 193
1617120002795 0.6849148274146651 194
1617120003142 0.6623387193621406 195
1617120003425 0.6882528570263945 196
1617120003747 0.6748162012772437 197
1617120004144 0.6801613886973541 198
1617120004432 0.6794039333435076 199
1617120004707 0.6850324052923495 200
1617120005041 0.6892370160770883 201
1617120005424 0.6641154908159969 202
1617120005707 0.6763015763092248 203
1617120005986 0.6911092781860987 204
1617120006268 0.6882736612869138 205
1617120006564 0.6957163625072124 206
1617120006872 0.689738839663197 207
1617120007153 0.687637496814687 208
1617120007444 0.6899345956440462 209
1617120007753 0.6881089038054916 210
1617120008070 0.6884229904729097 211
1617120008368 0.6895605921107796 212
1617120008703 0.6932966395032165 213
1617120009080 0.6887776878614338 214
1617120009457 0.6745799361215814 215
1617120009744 0.6853242438680356 216
1617120010018 0.6908240939330864 217
1617120010289 0.6887702727610651 218
1617120010568 0.6878815984901986 219
1617120010836 0.6895725641943558 220
1617120011098 0.690239011649101 221
1617120011368 0.69106851681232 222
1617120011647 0.6919533012919652 223
1617120011929 0.6686995289099009 224
1617120012199 0.6863349743975055 225
1617120012469 0.6857957286570502 226
1617120012755 0.6881049565853679 227
1617120013098 0.6815094901071442 228
1617120013460 0.6881174193358441 229
1617120013751 0.6731326708946971 230
1617120014025 0.6777882600584118 231
1617120014294 0.6849534081671981 232
1617120014580 0.6798538765318645 233
1617120014858 0.6845897146324048 234
1617120015127 0.6718973688762753 235
1617120015416 0.6802021178925627 236
1617120015698 0.6881249795878358 237
1617120016002 0.6828398253494145 238
1617120016357 0.6887783748715943 239
1617120016699 0.6865506221473694 240
1617120016975 0.6736850059634163 241
1617120017269 0.6858580452905417 242
1617120017547 0.693019285974929 243
1617120017827 0.6723426265820446 244
1617120018198 0.6983027746918911 245
1617120018566 0.6740373492759135 246
1617120018851 0.6914608566789149 247
1617120019131 0.6924242541983645 248
1617120019400 0.6957872691542412 249
1617120019716 0.6881542964688065 250
1617120020091 0.6966498186747541 251
1617120020421 0.6896753459901498 252
1617120020702 0.688976551197097 253
1617120021012 0.6956862421439493 254
1617120021352 0.6904815087373041 255
1617120021700 0.6841042437237204 256
1617120021984 0.6897584945621524 257
1617120022299 0.7019259855459646 258
1617120022642 0.6866136376362725 259
1617120022968 0.6803281596154098 260
1617120023228 0.6992117288508798 261
1617120023490 0.6882662588420442 262
1617120023814 0.7006599300767452 263
1617120024242 0.6927688307905934 264
1617120024531 0.6994181205591805 265
1617120024811 0.6890981673953729 266
1617120025130 0.6802370141180895 267
1617120025475 0.6894324311368083 268
1617120025800 0.6930907576095817 269
1617120026084 0.6894234387816364 270
1617120026393 0.6918741064488049 271
1617120026739 0.6917376404095018 272
1617120027072 0.6945014048944578 273
1617120027349 0.6882299950936043 274
1617120027661 0.6772154729680695 275
1617120028052 0.6978248710395255 276
1617120028348 0.6705565182540978 277
1617120028630 0.6943536686314886 278
1617120028934 0.6971240344131121 279
1617120029196 0.6899731634233559 280
1617120029467 0.7014624246375817 281
1617120029752 0.6976508735405322 282
1617120030032 0.6941301521266523 283
1617120030299 0.6955947027169733 284
1617120030586 0.6956158935686452 285
1617120030859 0.6936797240521247 286
1617120031161 0.6926257032865061 287
1617120031479 0.690078028850206 288
1617120031767 0.695094103282027 289
1617120032052 0.6879664144601869 290
1617120032361 0.6837844281654528 291
1617120032652 0.6821707608972568 292
1617120032941 0.6939314291613259 293
1617120033237 0.695238117302382 294
1617120033515 0.6856462065970539 295
1617120033781 0.6921829395294354 296
1617120034067 0.6933469049572911 297
1617120034330 0.6830250007151044 298
1617120034605 0.6781684629785696 299
1617120034878 0.6889939921322759 300
1617120035149 0.6947905391643892 301
1617120035406 0.6989326874771534 302
1617120035671 0.6898821560938961 303
1617120035942 0.6999788275952501 304
1617120036201 0.6967657263000763 305
1617120036464 0.6935796844504368 306
1617120036727 0.6955102821953416 307
1617120036991 0.6946847695706136 308
1617120037251 0.7025715015559212 309
1617120037515 0.7010475198845985 310
1617120037790 0.7020361129520448 311
1617120038067 0.69441694752916 312
1617120038341 0.7022924996478564 313
1617120038611 0.6920426041484208 314
1617120038878 0.6996706852757762 315
1617120039151 0.6951683046156913 316
1617120039425 0.6907600338102671 317
1617120039698 0.693156539960943 318
1617120039968 0.6943547424919165 319
1617120040244 0.6958349167194249 320
1617120040518 0.6937467612628446 321
1617120040802 0.6985920313195632 322
1617120041080 0.6959075966786686 323
1617120041370 0.6989582608886559 324
1617120041653 0.7026712833362622 325
1617120041946 0.6987904891651406 326
1617120042214 0.6992672601709075 327
1617120042485 0.6999889761476829 328
1617120042756 0.6962386928509028 329
1617120043021 0.7007784395464014 330
1617120043347 0.6939906045370855 331
1617120043651 0.6978037299872629 332
1617120043953 0.7023935407963603 333
1617120044224 0.6948237027566785 334
1617120044494 0.6988419612256279 335
1617120044766 0.6917597927891382 336
1617120045042 0.6950966430333909 337
1617120045309 0.6908740464545501 338
1617120045568 0.702040346282278 339
1617120045833 0.6997858212775958 340
1617120046104 0.6926815688009589 341
1617120046374 0.7021050175172237 342
1617120046639 0.6990456842554396 343
1617120046912 0.6987263797364641 344
1617120047184 0.6986739060623258 345
1617120047460 0.6978578152098512 346
1617120047764 0.7019747059926978 347
1617120048043 0.7025683234750879 348
1617120048320 0.704519728707109 349
1617120048584 0.699693094355985 350
1617120048854 0.6866855956233571 351
1617120049114 0.701021732265305 352
1617120049380 0.6923864298627879 353
1617120049645 0.6937113773862269 354
1617120049921 0.69775826400678 355
1617120050182 0.701284214830591 356
1617120050457 0.6939200127619161 357
1617120050786 0.7007194825797952 358
1617120051093 0.7037621236208589 359
1617120051389 0.7053181636526362 360
1617120051693 0.7060992511088533 361
1617120051991 0.6988897610999687 362
1617120052325 0.701861702181294 363
1617120052690 0.6923554114526456 364
1617120053055 0.6978757468304383 365
1617120053397 0.6990201176199964 366
1617120053679 0.7014892817267455 367
1617120053957 0.7021682062696561 368
1617120054280 0.7009004644048072 369
1617120054575 0.7032028294661707 370
1617120054862 0.7067827325115834 371
1617120055145 0.7006974654190454 372
1617120055441 0.706446893681833 373
1617120055730 0.698905544907159 374
1617120056025 0.7076630766405574 375
1617120056309 0.6984715144829364 376
1617120056612 0.7026874679427366 377
1617120056927 0.7022587291314363 378
1617120057236 0.6999873208725712 379
1617120057540 0.6931202005190873 380
1617120057917 0.6971664545600532 381
1617120058284 0.6999605333320992 382
1617120058570 0.7012172884727064 383
1617120058880 0.7019021075929426 384
1617120059174 0.6935443029716598 385
1617120059455 0.6986824360537556 386
1617120059742 0.6846186592681383 387
1617120060019 0.6908533895296218 388
1617120060298 0.7060574101206515 389
1617120060593 0.6925530220532808 390
1617120060872 0.6968016941516794 391
1617120061156 0.6923485906034289 392
1617120061421 0.6935271408893178 393
1617120061706 0.6988806108276537 394
1617120061990 0.7000457218568232 395
1617120062260 0.6687805467227892 396
1617120062538 0.6855192446771196 397
1617120062832 0.7013694265543213 398
1617120063129 0.6931855013969851 399
1617120063426 0.6967790807182704 400
1617120063716 0.6821446367751539 401
1617120064013 0.6711219017664569 402
1617120064299 0.6906454100929306 403
1617120064601 0.7018734459723355 404
1617120064884 0.6916056212522099 405
1617120065161 0.7025975304995818 406
1617120065431 0.6945138377048283 407
1617120065780 0.6947875338021214 408
1617120066071 0.7051240980867816 409
1617120066380 0.701550387473288 410
1617120066646 0.7033922722120493 411
1617120066929 0.7034880039633028 412
1617120067199 0.7009651769726868 413
1617120067508 0.7025104696180423 414
1617120067810 0.698595900838131 415
1617120068098 0.7005586205428225 416
1617120068368 0.6976749206276978 417
1617120068640 0.7025598156688262 418
1617120068943 0.705782587585234 419
1617120069221 0.7040375918931405 420
1617120069499 0.6992332109764502 421
1617120069777 0.7023040351804666 422
1617120070070 0.7056175916235387 423
1617120070347 0.6997952474568583 424
1617120070618 0.7057401187308677 425
1617120070903 0.7036592432873834 426
1617120071194 0.7056951819287457 427
1617120071471 0.7104855213122016 428
1617120071738 0.7043487953071992 429
1617120072021 0.695175350170964 430
1617120072297 0.7063572058752858 431
1617120072566 0.694572076038978 432
1617120072849 0.7049018462311158 433
1617120073124 0.7061308506622257 434
1617120073396 0.7034161792363197 435
1617120073670 0.7046642573398679 436
1617120073953 0.7045044073150726 437
1617120074238 0.7020124846911548 438
1617120074520 0.7053135531056562 439
1617120074790 0.7018044997122845 440
1617120075061 0.70448038126351 441
1617120075335 0.7018484607268985 442
1617120075616 0.7049080036270036 443
1617120075899 0.7084371374147294 444
1617120076172 0.6978544214487964 445
1617120076445 0.7040144484752355 446
1617120076713 0.7023754084419552 447
1617120076992 0.7014972102981788 448
1617120077263 0.703623943699186 449
1617120077537 0.7048220409626892 450
1617120077809 0.7006972315123553 451
1617120078080 0.7100947077884517 452
1617120078361 0.7088855885004195 453
1617120078629 0.7061604403767539 454
1617120078904 0.7065404527343804 455
1617120079228 0.7072438038525711 456
1617120079504 0.7053466648574925 457
1617120079798 0.7049888186280138 458
1617120080068 0.7045838554676909 459
1617120080357 0.7099561984577529 460
1617120080643 0.690528392575819 461
1617120080927 0.7094753797281983 462
1617120081199 0.7005673850249791 463
1617120081472 0.6983757001953727 464
1617120081746 0.7062730834221201 465
1617120082026 0.7049884504885131 466
1617120082293 0.7051030541285606 467
1617120082607 0.7041930102003138 468
1617120082945 0.7030447852046424 469
1617120083266 0.704758552800974 470
1617120083549 0.702453615975222 471
1617120083813 0.7039323805376636 472
1617120084088 0.7100214465625899 473
1617120084357 0.7018392470680956 474
1617120084641 0.7054192467561553 475
1617120084911 0.6991000099510176 476
1617120085168 0.7074488426460734 477
1617120085452 0.7099044501962433 478
1617120085721 0.7050844997151136 479
1617120086026 0.7047560284710576 480
1617120086312 0.7074566477431041 481
1617120086594 0.7094127829236745 482
1617120086886 0.7054967062021862 483
1617120087171 0.6964977103358239 484
1617120087439 0.7099106654138188 485
1617120087724 0.7049550731912391 486
1617120088014 0.7061571790038585 487
1617120088281 0.7074223124467632 488
1617120088595 0.7116711600677204 489
1617120088917 0.7009172716684148 490
1617120089243 0.7026731441655509 491
1617120089585 0.7077049985898156 492
1617120089901 0.7044175861415171 493
1617120090226 0.704245475576607 494
1617120090538 0.7021951866933828 495
1617120090884 0.7021560032077991 496
1617120091227 0.7106950875971155 497
1617120091570 0.7103892511346542 498
1617120091908 0.7076579979028355 499
