1622173792905 0.6759749052555527 0
1622173794635 0.7183519715747483 1
1622173796222 0.7390063749725955 2
1622173797613 0.755776476919332 3
1622173799125 0.7612252240838451 4
1622173800609 0.7690402815918442 5
1622173801815 0.7801518359136144 6
1622173803427 0.8063459882036843 7
1622173804704 0.8043038275312995 8
1622173806138 0.7948247842289587 9
1622173807593 0.8129491131369626 10
1622173808984 0.8003996075631548 11
1622173810431 0.8085484441201622 12
1622173811792 0.8077677400559949 13
1622173813236 0.7881433357310855 14
1622173814490 0.8091905182439846 15
1622173815828 0.7885429467719868 16
1622173817186 0.7933353897965941 17
1622173818599 0.7954850588834608 18
1622173820018 0.8046975270513465 19
1622173821557 0.7760300264265189 20
1622173822983 0.7967658806011504 21
1622173824373 0.79526534584503 22
1622173825887 0.7955467560146092 23
1622173827332 0.7586640563484484 24
1622173828828 0.7919497462245213 25
1622173830221 0.7856697788459442 26
1622173831656 0.7861982275072699 27
1622173833045 0.7987344387421197 28
1622173834522 0.784167857813788 29
1622173835935 0.7786835456720309 30
1622173837346 0.7875362771171894 31
1622173838873 0.7870518190308663 32
1622173840409 0.8066132212566491 33
1622173841848 0.7989267097806004 34
1622173843119 0.80215880876817 35
1622173844658 0.820435901898362 36
1622173846459 0.8169710925719997 37
1622173848106 0.8243255541890013 38
1622173849593 0.798618927575464 39
1622173851122 0.7776469590221243 40
1622173852918 0.7973747248130796 41
1622173854627 0.7859495891602221 42
1622173856443 0.7890901641219008 43
1622173858156 0.7917541708344773 44
1622173860030 0.7998869059899482 45
1622173861780 0.8034955573139523 46
1622173863399 0.7828543660438522 47
1622173864791 0.7833053628238427 48
1622173866287 0.7803640155725808 49
1622173867798 0.7885611427799665 50
1622173869269 0.8159138311225905 51
1622173870812 0.7904039172238114 52
1622173872323 0.7858573747075065 53
1622173873910 0.7961611749873904 54
1622173875447 0.7822828853564409 55
1622173876994 0.7890085273198246 56
1622173878497 0.7810781397195875 57
1622173879891 0.7774595767294268 58
1622173884201 0.782387096547509 59
1622173886376 0.7818738135533896 60
1622173887909 0.7887355127653974 61
1622173889296 0.7937278802597201 62
1622173892150 0.7896552383084944 63
1622173894422 0.7837160211533183 64
1622173895884 0.7804621771400948 65
1622173897325 0.7960069902057479 66
1622173898813 0.7858024795317355 67
1622173900657 0.787297754522921 68
1622173905322 0.7839960655125561 69
1622173906932 0.7894958619525844 70
1622173908299 0.8106212996556599 71
1622173909889 0.7846864215533863 72
1622173911314 0.804786828685883 73
1622173912843 0.8057908604416447 74
1622173914489 0.7971975701012102 75
1622173916023 0.790619707132853 76
1622173917964 0.8137631534545463 77
1622173919658 0.801463578324531 78
1622173921575 0.7906293979633154 79
1622173923240 0.7972772542912497 80
1622173924751 0.7798242024616232 81
1622173926263 0.7735216133027797 82
1622173927710 0.7679452860997465 83
1622173929083 0.784496970779816 84
1622173930452 0.7836530478892214 85
1622173931917 0.8078749632803491 86
1622173933307 0.8070402314731303 87
1622173934739 0.793931295416587 88
1622173936222 0.8029384249955651 89
1622173937799 0.8003766271348552 90
1622173939461 0.7781138881631872 91
1622173941020 0.7881007849227112 92
1622173942581 0.7879438499182033 93
1622173944353 0.8302369641912377 94
1622173946033 0.8148930830583705 95
1622173947577 0.8107868759971322 96
1622173949487 0.8174461676574907 97
1622173951195 0.8057924201126956 98
1622173952766 0.7937477443448717 99
