-3.85515625,7.95953125,0.17493631906249996,8.914523699451696,8.928572101981,5.866762057305577,-0.274262459980974,-0.24872923635174732,0.09346628251742803
-4.03953125,6.5678125,-0.5338538023593751,8.07425498298595,8.201885067004033,5.624328592632246,-0.4804586578970182,0.022849917633941175,0.3876826119911729
-4.323671875,6.85578125,0.3119911133593751,8.351916029336262,7.835135669032696,5.867021762313295,-0.5026020288851315,0.260148127394928,0.5470082397486912
-3.94078125,5.915859374999999,1.0423822573437502,8.357869197029135,7.843484709392542,5.154084182279888,-0.6039499768290073,0.49832746978379305,0.9876216581330588
-3.9198437500000005,6.407343749999999,0.6792084434375,8.284129214986084,7.989691452542829,5.3071760295156984,-0.636909404733469,0.5401036287484147,1.0045032904485693
-3.610390625,7.376875,1.0870740021406249,8.267135367898732,7.8376447105858915,5.689310741391233,-0.30962690694483624,0.11093327975053206,0.5395305023166358
-4.7543750000000005,7.749609375,0.35146883250000005,8.137793557493026,8.447133426711224,5.494330949248946,-0.49197345945646015,0.0314390642222544,0.5743892149785258
-4.3325781249999995,6.223671875,0.524170549578125,7.836254411198087,8.034787535217342,5.934321417841425,-0.6648760904635721,0.4322741478487494,1.1613063709966998
-3.8528124999999998,5.6440625,0.05373651237500007,7.714373449272711,8.105888430400073,5.836170086286007,-0.7179431064261049,0.6334131413376601,0.45982651524914264
-3.08125,6.509765625,-0.63441027365625,6.767931044639861,7.715774676033403,5.804294625579871,-0.796480876739293,0.4825913618327583,0.1679731159799599
-3.7046875000000004,5.583984375,0.015748533984375035,7.665206795308509,7.859010388147216,5.319529855189271,-0.8975758533258851,0.6438909107382376,0.7677437308777836
-0.8193749999999999,6.4225,-1.0700485774062498,7.05881283728893,8.40304864691976,5.825850390958322,-0.2323332317944806,0.37053745492228635,0.6166236791105753
6.3434375,5.5278125,-1.882693843203125,7.921912197890971,8.889757355509978,5.3794681711209344,0.5074446712652833,0.36114118055691014,0.2573824641540267
6.346484374999999,4.411093749999999,-0.5450267305,7.59099019704484,8.779772850348175,4.460328181457993,0.6781104728065048,0.38625829709983306,0.64059309518853
7.287890625,5.099609375,-0.601423501796875,7.783217888944592,9.168252406601932,4.6542862842864965,0.29925878182493365,0.25451853189876145,-0.3957732774905839
7.52171875,5.24609375,-0.47735061057812495,9.211643117321602,9.25427124649537,5.3882756263261955,-0.026923751852530566,0.06808598392616534,-0.09710756207125701
6.976796875000001,5.402734375,-0.6142989633593748,8.848738516519754,9.389342837996884,4.837829055805111,-0.03374700091759638,-0.03335472539490975,0.2807785271247875
7.4271875000000005,4.888828125,0.486714615625,9.129641964630581,9.688212120688677,4.219532151913806,-0.12097168357953875,-0.08958839534867602,-0.24703811642767928
7.76546875,5.52796875,0.40552460695312487,9.258325042510304,9.14733716029006,5.098720059428542,-0.1021746549864026,-0.11913515190391202,0.11984109748690648
6.8125,5.475546874999999,-0.26740570968750005,8.805581326635965,9.184998537747719,5.652800148702053,-0.017758526117178024,-0.0778706060079945,0.05911076097880103
7.315546875,5.46921875,-1.02716576109375,8.627756607364846,9.493492393589856,5.372493276070613,-0.12335881106503711,-0.07013804641102961,0.024471225464952822
6.868203125,5.563203124999999,-0.8391411216406249,8.45762908503265,8.3782379872644,4.800183559871493,0.07864079777133798,0.32231520990993223,-0.3163642080794282
6.548359375,5.3675,-1.067494717921875,8.528398404131904,8.70943122066533,4.878978911699857,0.2999421889861821,0.31430588021551825,-0.04837649137199467
6.662812499999999,5.369453125,-1.136447734171875,8.564724887720782,8.86056011108653,5.7089754726737905,0.254674400863016,0.2491575739730564,0.05601527729230527
6.480625,4.006484374999999,-0.592591541484375,8.116351815740554,8.227190683740767,4.345848135884477,0.5131680517421505,0.5514458196558553,0.9022846192497173
8.07828125,5.44515625,-0.009576810968750002,8.329431263351564,8.428940100960853,4.749757056849003,0.19192148291425778,0.3997997278950415,0.8789903519397972
6.846640624999999,4.6546875000000005,-0.20877437,8.071148392319992,7.8160430903267,4.269775691420085,0.44212262222360466,0.7346115997829109,0.6158195605777036
7.756328125,4.68328125,-0.647498577109375,8.487607774637326,8.45124511068626,5.484756898327508,0.25847420158496787,0.5683011272598952,0.7078811346332747
7.0923437499999995,4.851875000000001,-0.45372781209375,8.194456537460916,8.058969745530442,5.335865166359681,0.46033737017127746,0.6443244058211229,0.4064087073649345
7.798046875000001,6.16828125,-0.15163275937499995,8.574587185634813,8.819615753869238,4.7914456921006705,0.16979209357907393,0.2392145022711625,0.34679611514363834
6.967499999999999,5.40984375,-0.4650071972968749,9.260063275971715,8.094797517577938,4.961569120313595,0.015425659346193674,0.5268435911762974,0.37320572108736194
6.608671874999999,5.7253125,0.1341816971874999,8.552173825544823,8.497515807713672,5.0101677680769106,0.221422262489332,0.4353163374106813,0.3702761313591307
8.641171875000001,6.639140625,0.499909312828125,8.55899349926491,8.323618600418007,4.505756487991178,-0.16439943995281325,0.25282401826717416,-0.11607781300941929
7.465703124999999,6.156015625,0.08682975620312489,8.623579111547318,9.008892077747731,5.172397118097205,0.11193080021169309,0.03869769573666261,0.4706936768897897
7.403515625000001,5.589609375,-0.3555124134375,8.476884892702676,9.0301928795105,5.136042790993772,0.0821433443508804,0.10988476167767008,0.3393579933145511
8.505546875,6.598906250000001,-0.8868123646093752,8.916132920915196,8.890697493937747,5.391206866555375,-0.13622158580985624,0.08667472250521788,-0.02145885931805809
7.649296874999999,5.886015625,-0.23675996890624995,8.357943001981123,9.182664572770035,5.24277717001344,0.004949292413221382,0.04397843465570199,0.23954426588475983
7.482265625,5.393749999999999,-0.6151502227656249,8.850011494946962,8.8247068825259,5.496106641850608,0.08807899639625241,0.29894696455789754,-0.03824131370148885
7.075703125,5.0075,-1.6143304343750002,8.322120437010945,8.964373148051124,4.357875045122121,0.3083582789807312,0.4017158526076434,0.563301548068156
7.757187500000001,5.1734374999999995,0.25995710146875,8.153304059695293,9.29283548270353,4.929299044158598,-0.2420723832877558,0.14332891177065654,0.6347437264202955
6.592578125,4.877421875,0.1622737010625,8.451712682026141,8.08597524711902,5.66326027452532,0.33062383786150906,0.45223060680328386,0.5280337054559875
6.439921875,5.016484375,-0.41105785929687505,8.474975985962821,8.088840073467324,4.696069640913573,0.2093778970600845,0.4872303153126513,0.8175904914623068
6.666015625000001,4.556171875,-0.3660468153906251,8.390839623869942,8.018793561952382,5.119331069091243,0.21706697005708597,0.6234749292690062,0.3171195658263031
7.485546875,5.7475,-0.06501589523437504,8.742559676715265,8.56499562171517,4.56063294438176,0.05753125108822305,0.4295845657314658,0.8620973194934978
6.94171875,5.08328125,-0.33114468953125,8.841478428175824,8.590817054908017,4.504617536314523,0.12065087067864806,0.5515859491666273,0.4481516669064391
7.627031249999999,5.208281250000001,-0.16450830351562507,8.980352804819164,9.18431153086057,5.554546070621954,0.02693474544320889,0.14717923907291866,-0.0757537429470418
7.476875,5.7778125,0.02011125898437499,9.299122585457996,8.794478375796018,5.744792629327268,-0.23421834156548135,0.2505308698235563,0.04752551912382952
6.83484375,4.5496875,-0.39477726801562507,8.684736429540388,8.362429646331487,3.7223471712688854,0.22958229977327063,0.35322857569489774,0.6066631314998402
5.8471093750000005,4.794453125,-0.30805395226562504,8.781860846400216,7.975996294409103,5.5646087807962035,0.3556481077128904,0.4652066217844788,0.28708775039227624
7.32234375,5.575546875,-1.0462129498750001,8.780487999356069,8.688874244597383,4.966734458746879,0.33034138350715037,0.4196288913051621,0.465037753745842
7.3373437500000005,5.0428125,-0.767208650890625,8.644413069684717,8.263121850417296,4.369731001346545,0.06786859437957465,0.4464251954855449,0.1634919232544136
6.42453125,4.0658593750000005,0.010321720937500056,7.957698401093964,8.23171662756163,5.151535809389926,0.303060577763094,0.47999884740969884,0.4218224614863517
7.094843749999999,5.014843750000001,-0.859678032421875,8.327766243152237,8.722784728117848,4.197564726938566,0.1755976164955972,0.22398887772745027,-0.2903040181465329
7.111796875,4.58875,-0.19334507106249998,8.650142649979262,9.171018550302906,4.895455501499814,0.08193533041497547,0.21694479964686858,0.24947864556139765
6.815625000000001,3.7717187500000007,-0.5862069946875,8.463190033721032,8.561027255586705,4.542233894888854,0.06198060547931894,0.03671394982317506,-0.31968190922715495
6.792109375,5.235312500000001,-0.675909786234375,9.144266616672281,9.337263211313246,4.835805767896453,0.23576997847364742,-0.09614899560612757,-0.2356449907658543
7.71296875,5.31203125,-0.607169526171875,8.425864510483386,8.98635653012518,4.49436436748237,0.09993782454266607,0.2077733134764845,0.2390016049850148
7.230156249999999,6.317031250000001,-1.348308017578125,9.533842760822413,9.154384908967039,5.117899055626831,-0.08984363484451732,0.07363242702117205,-0.19497929693362617
7.067265624999999,7.12328125,-0.7069811601093751,9.959741753903229,9.995024473876912,4.858716469591863,-0.33022334870495856,-0.34343444064158385,0.45799978242969447
7.365937499999999,6.54640625,-0.2903900575781251,9.663631922501693,9.511052759025203,5.220716509644552,-0.05635051807622573,-0.18643247144756347,-0.41184138637952833
7.249375000000001,7.91390625,-0.3330600528906249,10.337371201585778,8.92258311413858,5.542700536914085,-0.10157177855285651,-0.10314208346904447,-0.2542251785626147
6.393906250000001,5.1664062500000005,-0.6957018329687501,10.010503954782244,9.280990378050229,4.162707880874506,-0.15260100618016875,0.18700968633851736,-0.9991469705152264
6.62015625,6.690390625,-0.08906429710937502,9.312452850918813,8.599476219727695,5.793991600553869,-0.03605616146991935,-0.06324425257719085,-0.6958987386375549
5.765000000000001,6.4517187499999995,-0.898623726515625,9.416227847445068,9.147546299194032,5.0907872511990115,-0.03079547086154168,-0.24399203667361094,-0.6489287584296523
6.090624999999999,5.064609375,-0.9315040878125,8.913080166074744,9.446176797912058,4.933660557790582,0.11353383405264272,-0.24327207812208804,-0.5693638685614011
6.161171875000001,6.78203125,-0.6280256935156252,9.603422048049278,8.522588584844598,4.392288358453526,0.14841186136086107,0.05343001137331622,-0.7703166501878858
8.824375,5.8353906250000005,0.7230489113593751,9.322190909833106,10.25526015198601,4.155522158981301,-0.2654214162409364,-0.5846881310264711,0.3228666167898001
7.812109375,5.9760156250000005,-0.716557994296875,9.004518106583333,8.639703078289546,5.1046339062909,-0.03804716284245227,0.12918320765188218,-0.7589733634623348
7.956875000000001,6.467890625,-0.509911785078125,8.611641534682862,9.194338581800602,4.20531740866125,-0.19228570373982906,-0.01329686323789582,-0.19680746264771637
7.888359375,6.025234375,-0.522148784765625,8.889270725267602,10.051793136429358,5.52638112914035,-0.06264975906745025,-0.4375415594650399,-0.7838722370624777
6.889687499999999,5.50421875,0.5984440178593751,8.5292988554068,8.74907929168255,3.351961629252754,0.14479913666230462,-0.05916595395001209,0.4967540557050955
6.45078125,4.560859375,-0.45298297309374996,8.267457439542609,7.852135560166076,4.624205328276686,0.4415632768434902,0.6204777055315378,0.8193104134213367
6.2184375,5.24265625,0.5299166504062499,8.405883304037342,8.154967282695617,5.687491212222053,0.3492606013389078,0.34863751215219135,0.5966528125737105
7.055546874999999,5.96671875,0.38041207304687497,9.000998625898557,8.841348270111206,6.344594035735406,0.24114801514681597,0.14063604038135893,0.45526712398436275
6.75078125,5.083828125,-0.6264295760937499,9.183808749078372,9.097276903788792,5.0208021907550755,0.07937888566204163,0.07532444773744505,-0.07207167758157684
5.868359375000001,3.737734375,-0.14173677359374995,8.02827919541913,8.402983400149814,5.647185675553075,0.4928553214379213,0.5915830525263115,0.5686371424199591
7.358671875000001,4.8846875,-0.5108694479687501,8.46781584987144,8.944007241015838,4.741054063657026,0.2283051670267871,0.3599208288989443,-0.01569966886193552
6.594453124999999,5.2046093749999995,0.03511497334374997,8.328768554740115,8.76766474951638,5.133128036377315,0.37637265676378595,0.4700714239034181,0.6325624683368111
5.4829687499999995,4.031171875,-0.28666573726562494,8.49259699305951,8.274557165368972,5.60329165803009,0.4245322851526878,0.5871228919972074,0.35080107130398197
6.843984375,5.687265625,-1.30702134625,8.787594090876402,8.489999053559627,4.200008576437278,0.26557974053147115,0.3580847988727908,0.9049395814644378
6.163203125000001,4.4121875,-0.5330025114375,8.199504266035857,8.500492535132523,5.076879083793264,0.41478544955887003,0.40478921217386127,0.3162321329338187
6.840781250000001,5.333906249999999,-0.10726022265625007,9.048176837194797,7.878380845149017,5.285440832717605,0.17745851663282522,0.585777488109599,0.2849728052695218
5.38453125,4.04140625,-0.4948016820312501,8.089800180954622,8.257739999386088,4.846881140133195,0.5196394737239051,0.5910532073385255,0.46004764785806357
7.0253125,3.9507812500000004,-0.271662097734375,8.525007325647511,8.395300639473755,4.140950153794168,0.2878137346869598,0.4489406028933613,1.027626494810095
6.6195312500000005,4.283125,-0.18802464464062493,8.658367688558476,7.311006444695217,4.621082125573832,0.3749679983924583,0.7694403446281701,0.7702179312840011
7.176484374999999,3.735234375,-0.09630011117187501,8.466800106689119,8.870978663319416,5.199847910075479,0.19193836007237625,0.42585042625381553,0.8476497980730221
7.51578125,5.588671875000001,0.6467537278125,8.424051931947501,9.111641195050098,5.111685101049885,-0.08672462876132211,0.16834159153327483,0.06407317547300437
7.393281249999999,5.6460937499999995,0.501931120234375,9.032033020499783,7.8104547557239545,5.543417799696625,0.06733962381624416,0.47500345332715066,0.2716844188624909
7.321796875,6.383125,-0.459261071328125,8.73543684811986,8.528346369424439,4.663076634460062,0.14947715219402735,0.2625649855529569,0.6926558989396135
6.331796875,4.24453125,-0.5854621496718749,8.414096099848768,8.437134053117413,4.984254951369043,0.39730946266848605,0.6592015408168629,0.5020669235706013
6.323515625000001,5.025234375,0.04926734999999993,8.565742323151618,8.470055154487978,4.603036274193562,0.3522209497022848,0.44740789130856856,1.0163695129819235
7.453515625,4.71921875,0.20462445882812497,8.823891360059397,8.630585746468684,5.202889668689111,0.20086157400503785,0.5170989326737313,0.803184091469333
7.251093750000001,5.480390625,-0.06490945843750004,9.063634862940527,7.888854717489866,4.826573072652523,0.15990108645167275,0.5962855341191517,0.7072621288598043
6.958281250000001,5.180390625,-0.35859821562500005,8.779271139075181,8.30781996095619,6.115515987506591,0.33198822530105504,0.5396167447296465,0.5437863724761094
5.72765625,4.468671875,-0.66314067328125,8.113684474813889,8.438764013754264,4.5744164000903025,0.4747282466358267,0.4243573344759385,0.9558925337725265
7.1958593749999995,4.95515625,-0.8460576869843751,8.60442986629414,8.382138747097065,4.934284297646354,0.17998579271914017,0.4820083874376722,0.6782889580762961
6.289453125,5.551171875,-1.625503370765625,9.016196737381996,8.715287719459353,6.222348573092876,0.059351037716767904,0.38533663211317415,0.11978066971393561
7.397578124999999,4.959921875000001,-0.7443307075625001,8.748096109484138,8.832460063603259,4.84706699159164,0.09902477950036644,0.4012070969158967,0.46052209016790646
6.728671875,4.870859375,-0.19547327171875017,8.900212810929522,9.11113964703234,4.729600980772433,0.2786860762554893,0.2639721982274696,0.6945985640170103
7.772734375000001,5.270390625,-1.1055891688281252,9.151382043409802,9.123667831040436,4.310060708799269,-0.15051596750881718,0.39921558331364176,0.595080890400237
3.2387499999999996,9.662109375,-0.45766496660937495,5.1977627398718385,3.9218693032515897,3.6650855107395968,0.7648758169892439,0.5535933195190956,1.3741656823221273
3.761328125,9.575234375,-0.5334281332031251,5.587413781646566,3.7288729792081092,3.3362914399397807,0.5377430646422887,0.7230865621655278,1.3602661996310688
3.63203125,9.716015624999999,-0.4898004639062501,5.849290069018927,4.22226470996382,3.2850678589088544,0.6753427178202372,0.5323798082594241,1.3872654966837255
3.84578125,9.598359375000001,-0.610681063515625,5.606519169872555,3.95645828388214,3.1409102111407403,0.5744306650508723,0.49947517954486786,1.4350341187514115
3.878359375,9.721562500000001,-0.5197013764843751,5.8330926586674074,3.87183548960874,3.469435401886617,0.44571807907853667,0.6416413834254939,1.0945943769927586
4.134140625000001,9.451484375,-0.453089389375,5.713411241235363,4.006689346003863,3.52684349400739,0.4880531752038067,0.8239919094685114,1.3668468800449936
4.19078125,9.56671875,-0.5703520598437499,5.484093562490381,3.8922517401111705,3.413429813225176,0.6974908121005753,0.6503274738776795,1.104437837017059
4.0540625,9.40421875,-0.7633779290156248,4.5931542874797655,3.5247434767864223,2.7295323966983767,0.5143098544481677,0.9286091896884234,1.0944218000301191
4.389765625,8.91390625,-0.61738482578125,5.10910958253181,4.118538923721729,2.83775036088142,0.3918183230380763,0.3481402926274847,1.2109974976649955
4.132109375,9.5425,-0.4098873384375,5.361899391240674,3.8067499671635905,3.350900296711239,0.6286201939151336,0.7050801198844904,1.4584733247239456
4.432265624999999,9.563046875000001,-0.56183933546875,5.865814656609375,3.8076410755614476,3.4797781177281495,0.425159676538956,0.718343171651236,1.3063271347899457
4.4825,9.343828125,-0.4231884449999999,5.571291086902568,3.9666742841716895,3.7179422493632623,0.5928380121374651,0.8410860417053642,1.3517469743003911
4.32328125,9.396953125,-0.5888672299687501,5.363567945724044,3.692190778901157,3.0126026611801273,0.5848406517647073,0.8798254334317142,1.3747770520311722
4.784531250000001,9.313203125,-0.3861581465625,5.8175974770753465,4.126548371065125,3.902276995848106,0.4197929647952863,0.7934590085714531,1.3141619647340652
4.508593749999999,9.322421875,-0.41084502726562505,5.833882274905874,3.999592507777697,3.5999792572244727,0.4313336302416761,0.7657433385206311,1.433855805578001
4.421484375,9.523515624999998,-0.4225500184375001,5.763598470389906,4.130499665189535,3.5029671014691557,0.4849209336795049,0.7035391148517363,1.191359849237684
4.567734375,9.157421875,-0.567904657265625,6.1626268007801155,4.001365244766026,3.931144320068941,0.3567330905432161,0.8721051173470248,1.3029473717003
5.112656250000001,8.767500000000002,-0.18951435285937504,6.128485167179238,4.267364892413116,3.594817240531145,0.3559244849517326,0.7022564757841634,1.2109852021905463
4.949921875,9.219765625,-0.41988977201562505,5.547811012025057,4.59318779975502,2.914518258535482,0.325293747540074,0.5637861094425195,1.1667893167292425
4.93953125,8.93734375,-0.41073860575,5.598681605322224,4.015983784433889,2.977077983266712,0.24048747244435112,1.1498376247263031,1.634259146831919
4.858828125,8.9290625,-0.517041159609375,5.750975409263979,4.163707677190336,3.0186260870456465,0.2908000674254211,0.8171566780534241,1.6775921412076311
5.139374999999999,9.224296875,-0.41637829184374997,5.314582202240831,4.008069922745265,3.0894060783954744,0.214012498930541,1.0324095954568189,1.4693021526597567
5.298203125000001,8.6540625,-0.15205841364062506,5.7892006725877305,4.289989335195806,3.423302142591124,0.33828967777902186,0.6123969403272043,1.6261476659498526
5.28953125,8.871171874999998,-0.23793043429687502,5.459637530804901,3.9092425779118627,3.023201904887425,0.16813160462215432,0.9676358701675704,1.4253530203211613
5.438281249999999,9.00453125,-0.37626209129687505,5.614251690643949,4.05839058683038,3.1491904629674687,0.23905717793395614,0.9984682448660733,1.502489462541704
5.402968749999999,8.517578125000002,-0.07118760304687505,5.66113661282109,4.292039096195593,3.2321393046350324,0.31898565850934185,0.6641488252753821,1.6377563962866297
5.0035156249999995,8.939374999999998,-0.546622851015625,5.72667287101602,4.46526135678249,3.0404091609307002,0.4004630177507333,0.8258896110478945,1.625771461981714
5.654453125,8.95125,-0.33987023910937497,5.746528681597939,4.286697629003007,3.09160227785326,0.2574745089403742,0.9024848529900904,1.344089384437346
4.5454687499999995,9.306328125,0.012556254140625014,5.307376773677693,4.398522989150333,3.283770574030027,0.5922218130713796,0.599480092111793,1.354465138502706
4.705234375000001,8.979609375,-0.10108851546874996,5.411816926418369,3.841841884586364,3.2333750957285865,0.44965220577528636,0.6268918695708202,1.325712214005831
5.0853906250000005,9.130312499999999,-0.19419636671874993,5.315522802125122,3.7266476929465373,3.4899554483439377,0.4305294558422168,1.0599915293988653,1.384020424257124
5.201484375,9.115546875,-0.23644072909375002,5.016326639372765,3.4000776205739385,3.2359223447870593,0.6201197285483897,1.0492056413356146,1.4345912957859346
5.264609375,9.032578124999999,-0.32773960642187494,5.190159393979352,3.261067991781448,2.736024303293563,0.46279116800309067,1.1905594545382336,0.970319864005605
4.594609375,8.0578125,-0.09246939820312497,5.573322323570754,4.1146772233486,2.6329368706085097,0.5804671069336489,0.31616894739919676,1.2317514412141861
5.172109375,9.125078125,-0.4634110515625,5.007440659337574,3.3749268501549015,2.630424390765327,0.4467236486785364,1.3937738899453371,1.2273688224421404
5.44,8.998046875,-0.419676976484375,5.382751097255008,3.3604196767744257,2.7697727775696483,0.37534853252998424,1.0094187326589132,0.9045207744124208
5.241171875,8.796171875,-0.20802952617187498,5.059794897815423,3.798325313767764,2.8213712582646444,0.6148287450516587,0.7048219756901732,1.2606471539272859
5.249765625,9.2796875,-0.18408752339062495,5.154794713547607,3.5940341056177734,3.218082347090743,0.6076691189118324,0.8135467317249326,1.482384394159605
4.975312499999999,9.07234375,-0.422017972703125,4.942005845539214,3.158825801518016,2.9212649265860064,0.5927053007526449,0.9904506816617765,1.697690538195165
5.185234375,8.825312499999999,-0.397011847265625,5.1754352118994165,3.4827095094687053,2.9856477765737974,0.5667571832666168,1.1824093309632597,1.5052365619279964
5.060546875,8.98734375,-0.354873911640625,5.294518142114326,3.5859148249555424,3.0683084680393486,0.5324222938267451,1.1928005921069418,1.2659863560013522
5.60125,8.69703125,-0.29007083335937495,5.7149336993092055,3.5394452159234557,2.856708817153503,0.46340924622449714,0.7773040575990792,1.1917742211126647
4.981171875,9.0696875,-0.28187734625000005,4.726370604963071,3.0104684377757143,2.6319981486522877,0.5991485334146149,0.8005727614104285,1.3820553048764754
5.106171875,8.9034375,-0.44372540875,5.1254902389146135,3.311772428940997,2.8971925280027353,0.5941276139017132,0.9299557827700721,1.2866995112106667
5.0015625,8.953828125000001,-0.5271500146406249,5.29605785548022,3.5124224015213468,2.8858289595369917,0.6333550792497186,1.249340377517091,1.2945314714244254
5.1503125,8.991640624999999,-0.41595264628124995,5.176576894033715,3.596997831817474,2.8811185464286964,0.7331606156662802,0.7037036278803975,1.299253843781531
5.014375,9.081953125000002,-0.23782402948437503,5.340767259661761,3.6242333367282984,2.780310275887429,0.432158956208175,1.1020203293234747,1.4280552418400472
4.720703125,9.46859375,-0.25910583792187497,5.561750958499061,3.830614289505136,3.3825821710670443,0.39622197058411546,0.8442848673839696,1.266872636885019
4.7790625,9.388203125,-0.21941529653125003,5.601570571821242,3.584011464475279,3.214058575081853,0.4118698916344831,0.857316732899278,1.3768715631357813
4.729531249999999,9.244140625,-0.20632698617187492,5.344607805328042,3.567428504746046,3.023049015816548,0.4852221120827269,1.0246946701442798,1.2239261987211016
5.01171875,9.15046875,-0.36817502292187504,5.628314594165685,3.6121824815855357,2.981729130085983,0.4231147026409898,1.0556332012071892,1.3891820155855246
5.132890625,9.088046875,-0.28326067328125,5.763950895482812,3.8391922283929385,3.340383054442945,0.5312284341962189,0.9098687807841281,1.2857747114259348
5.02421875,9.2296875,-0.30337195637500003,5.575545462297697,3.97460727963704,3.6100448537886276,0.5516943627284844,0.8911807450927004,1.2785067685865914
5.06421875,8.99390625,-0.5037400537500001,5.497952120076023,3.8433138440297765,3.437553729003021,0.5218352536022867,1.0350658283204586,1.2897399756886891
5.4034375,8.84078125,-0.22282038817187497,5.937739263271313,4.2799406043949295,3.2010251852467544,0.38734680071237715,0.7240939530365239,1.3554519329320462
5.0923437499999995,9.257734375000002,-0.3949900671875,5.898247552819052,4.230221111028756,3.388700564899268,0.3966598062090632,0.7108481437316508,1.4594162799551753
5.09,9.182578125,-0.2896452083593751,6.287247012802981,4.345575020583754,3.7658835352484035,0.38029236581887577,0.7761317321952305,1.3703701066907192
4.70265625,9.092500000000001,-0.295284881140625,5.844413128735505,4.236618824310254,3.1182198350784125,0.3684728138735184,0.6747049221800654,1.5112607006549754
5.111640625,8.96796875,-0.10811152653125,5.897125991921794,4.07847653836864,3.1975623216292046,0.3862326949515635,0.6508700333774101,1.3806029930309553
5.106406249999999,9.027968750000001,-0.2061141647656251,5.7279814472430814,4.323660804113042,3.3158616678415407,0.3912945310249834,0.7518383828476088,1.673594467808591
4.945390625,9.088750000000001,-0.14397131315625003,5.992547442232903,4.2608629554352015,3.525259116666559,0.4473387206506101,0.8294976293130419,1.5136509173102783
4.723359375,9.259296874999999,-0.37583645878125005,6.076489179275283,4.254794755551111,3.234993199723087,0.3256543339364833,0.7103590804994221,1.5726520494729146
4.2739843749999995,9.334140625,-0.13758679820312503,5.930736323889796,4.214283288588299,3.1708882649448085,0.34754429862379316,0.7300125245647964,1.352974086898571
4.786406250000001,9.476171875,-0.407759148359375,6.100244710047371,4.362489276686991,3.1850965313456685,0.23802954827089717,0.48773795051080504,1.3179212561103033
5.1078125,8.638281250000002,-0.21696786992187506,5.864329130628988,4.4558432684957,3.0944350142885395,0.42181545941399645,0.7263312828709979,1.323004649189727
5.231093749999999,9.07578125,-0.33901896718749996,5.7554093080953805,4.153028001007028,2.9930410291609992,0.29142426137071303,0.9080719900076955,1.5575448587719263
5.32796875,9.1853125,-0.08640408320312504,6.190202611710172,4.512217258714805,3.499149113548591,0.325443152129265,0.5850818533100496,1.4688057535005776
4.97953125,8.951718750000001,-0.11556012270312499,6.046440696209087,4.3594391320327475,3.8211800796858877,0.5207544868382296,0.9135209149945399,1.4317526258217714
5.248828125,8.713125,-0.24059067171875,5.9646126525918675,4.10311805026068,3.104401295693064,0.41330045198878523,0.8967964385441158,1.418707827195311
5.240859375,9.0784375,-0.20877439703125,5.992964889578832,4.423412928225642,3.0323599450171046,0.30351240205732294,0.9786545133726616,1.7457723331264225
5.298203125,8.968203124999999,-0.2687890668749999,5.761484649375561,4.363338106025046,3.2810956634403476,0.293868877345522,0.7389762932745683,1.2957680851856022
5.0522656249999995,9.276875,-0.18834387390625004,6.20296328061785,4.4181521430769,3.3497273552751854,0.43417726501910003,0.6046509211833078,1.3758174544185455
4.773828125,9.125859375000001,-0.30092456932812495,6.108435780886051,4.336622124300734,2.779966962205303,0.2437572342589891,0.5024145147295404,1.3594846096394435
4.5600000000000005,9.274296875000001,-0.27336462632812497,6.180396680230162,5.076021708052009,3.103425342168819,0.38365696427491264,0.38996952131307766,1.292126345964592
5.18375,9.603984375,-0.06810176479687505,5.773834974477535,4.924113394155933,3.4260851226251496,0.4121852885280796,0.4178850036146225,1.4035728760724728
5.487265625,8.96328125,-0.12843561867187503,5.767955215407222,4.182407371466634,3.5354210682402596,0.35891621836182586,0.9040168292485481,1.4219881183254717
5.450625,9.077890624999998,-0.09672575506249999,5.530599785228994,3.9103879387839653,3.4008005867067825,0.3598440465158475,0.8868765813403445,1.3405684075560422
4.768593749999999,9.2396875,-0.16748771464062498,5.339433744317925,3.7372267746075765,2.9130211876337206,0.4667064844255364,1.006940581728282,1.3913859659567513
5.125390625,8.966015625,-0.239313766671875,5.36500828609911,3.885631049907577,2.9017607889755292,0.5082315423016762,0.9112576113117469,1.54086901009996
5.1439843750000005,8.929765625000002,-0.395415718359375,5.8113535616503205,4.004224227465086,3.5066733214841608,0.44197142201001155,1.2409902584391266,1.2918212148958104
5.278359375,8.814296875,-0.24942263835937498,5.639100074666135,4.177737815566606,3.534774093144408,0.5074518388362299,0.797153565231577,1.5863421538864473
5.454921875,9.228203125,-0.246336758796875,5.752188849159639,3.5263174474216346,3.2653318973963428,0.45101704039986806,0.928758995970056,1.1411449196020662
5.424296875,9.0978125,0.01702542345312502,5.464609244320698,3.915338414791721,3.347140263046221,0.3598578660065628,1.1932165730232667,1.3874664203128184
5.277968749999999,9.201953125000001,0.08948994765625004,5.4755525348154075,4.05958492694176,3.3439300282546407,0.4006373469715012,0.6087036956708101,1.1943717318767046
5.351484375,8.930781249999999,-0.18419394085937502,5.898229884073768,3.8164961862483815,3.172871412212723,0.3677045643223426,0.878417833082358,1.345279866404306
5.300546874999999,9.02671875,-0.15748526843749996,5.592395270112596,3.78817632356236,3.35655344063723,0.42475151900018654,0.9346306280293174,1.2667784977823127
4.838984375,9.24515625,0.026708634999999974,5.439240072129181,3.838655563877272,3.1842252922237826,0.2531043587938814,0.8913822183353136,1.2009021335639163
4.891171875,9.2540625,-0.22569343729687497,5.480199246647788,3.587862664051364,2.9190030727982945,0.3336227296465516,0.9139984663602309,1.1057320809260158
4.6420312500000005,9.065234375,-0.60748878278125,4.835923412237154,3.5784943509901423,2.9015738054402425,0.351350367448107,0.2046686242493998,0.7086707013599665
3.616015625,9.343046874999999,-0.941080897,3.6577574541658526,2.8596351817675507,2.9922783552637906,0.5852001844487289,0.5538515395832952,0.4543288144934406
2.1921875,9.185781250000002,-0.41829365448437505,3.840475625146415,4.497496110576243,2.546123526740075,0.7786228359082082,0.006109583673585146,0.44833127168141507
-4.0140625,8.72328125,-0.09204376299999996,2.0934008804081814,3.1323790652471226,2.740974773300685,-0.33504700740555765,0.23525756995518385,1.6371619123350147
-2.5737500000000004,9.08890625,0.171318424171875,3.8253813126928926,4.404938498856816,2.1345235032292353,-0.9726497044356277,0.8933944401099829,0.4050996064079964
-3.779765625,9.038984374999998,-0.30007328292187496,3.10327484906161,3.920851677219614,2.0892656883440273,-0.7485433606243118,0.34505687690363696,0.17483793598291703
-4.3809375,8.691171874999998,-0.4876722929375,2.3113873801450397,3.4525997046369254,2.0958863561032057,-0.269251631577211,0.8198005483893432,1.1102808722351025
-3.7509375000000005,8.708749999999998,-0.48767229746875007,3.102375712030016,3.6267577634851764,2.7261155926547276,-0.06912234577107226,1.013716648880402,0.8007499621326055
-4.039765625,8.976171875,-0.40552456917187496,3.8652947948789573,4.0628750059790155,2.179187942875368,-0.8618269461281484,0.7603547297023256,0.031083325422676576
-4.254453125,8.83953125,-0.5773750431406249,2.7666153759472483,4.603936131754375,2.656705608897019,-0.39774300631305387,0.37164586402415617,0.16905849739683107
-3.798671875,8.69078125,-0.28187734287499994,3.4149989410443427,3.644149765672157,2.97395192066484,-0.27667450025163415,1.0751675294404748,0.0701905968691368
-3.837890625,8.747812499999998,0.010853730671874978,3.3570049552074104,4.2146231551401785,2.851813880883822,-0.24263658394257107,0.44029718789111355,0.5900983884175107
-4.6695312499999995,8.622343749999999,-0.35168163167187505,2.6091985297737383,4.269006669511765,3.008717244588645,-0.7191995186587307,0.5704980814627854,1.1396408789307046
-3.410078125,8.675390624999999,-0.10864355803125002,3.95074686295471,4.1392260188243055,2.4266963240470965,-0.7190911674111912,1.0395711095572826,0.9249530067649343
-4.276484375000001,8.985546874999999,-0.37115448014062496,3.1380299825895324,3.966199536511966,2.6699925709887977,-0.2836216289955863,0.3537104657426844,0.7650474055258635
-4.3882812499999995,8.71515625,-0.5054425921406249,2.4052186456533295,3.960383303808602,2.6694797151817706,-0.7937004433581821,0.4107940265615563,0.9123278873234958
-3.471875,8.941953125000001,-0.07799776690625,3.8611325957385874,4.338220771993138,2.459524654573875,-0.42340457350673333,0.8310514322638929,0.3109266620098635
-4.005234375,8.857265625,-0.27645049790625,2.9590245871855068,4.4558128668564345,2.5089560873619443,-0.7083133328828888,0.17788303541373365,0.7918088439523534
-4.21015625,9.07609375,-0.19696299706250003,3.1758478160305383,3.9083067054302347,2.6928091276354715,-0.626276237501216,0.5511040253241396,0.19708414259260706
-4.097421875,9.08671875,-0.018195922593750018,3.8867347008152593,4.550432862200961,2.994083899461401,-0.16936340130357194,0.3969613322987085,0.3833712321903048
-4.506171875,8.550234375,-0.2015385754375,2.8126647510339695,4.655295953408157,2.600436806300153,-0.5257033584672451,0.4356348098654366,0.8348793306554985
-3.2153124999999996,9.024296875000001,0.10800509514062498,3.550227531770851,4.190332005714492,2.8180417820098786,-0.6641373046060843,0.8949763473249784,1.3516828161045
-4.503125,8.72609375,-0.19408994710937502,3.846985579239283,5.40398120520519,2.6924221822162107,-0.5674302865192097,0.010129678840402024,1.3262366029369248
-4.401953125,8.61875,0.12290236606249999,2.2877237112581437,3.3896623633483025,2.778060259172901,-0.1132208397346908,0.5330172997908375,0.4992674992160376
-3.967265625,8.589375,0.06948506187500003,4.017062770787053,5.366971147386112,3.5411495359605727,-0.6899892364780519,0.33945592623904763,0.8414758182735685
-4.517734375,8.734687500000001,-0.3077347247656249,2.613958986995274,4.4907359393916435,2.5159608856244993,-0.697371826620141,0.34723451553155765,0.5845079196488607
-3.564375,9.070859375000001,0.20622058976562496,3.2715730519698014,4.262799114751317,2.806337971896812,-0.2885137216629525,0.4826274946772224,0.5165109919627406
-4.181796875,8.471093750000001,-0.02043052032812498,3.479661763733687,5.020308480682331,2.661784455174215,-0.457859280010614,0.09529634141260633,0.05760524400907926
-3.7454687499999997,8.85484375,0.015322892968750002,3.453811268768668,4.396239867840009,3.1034411249008453,-0.13596413655166403,0.5929333772353352,0.9881649439334875
-4.473046875,9.14828125,-0.39052092140624994,3.5166209275102047,4.821933952876008,2.678548432145785,-0.3542064049166514,-0.0039881246074273645,0.18126855273859138
-4.8149999999999995,8.481484375,-0.38626453876562505,2.9169175189744396,4.129618265091927,2.773850749362163,-0.6781088660552703,0.14698880424017988,1.0769804726501546
-3.4394308943089427,8.858130081300812,0.10220797891056921,3.346359580252301,4.632065922974992,3.9761995695149253,-0.6505776970650329,0.36241647842556823,0.9655082012754754
