4.56671875,7.989609375,-0.4555368072187501,5.650812318454617,8.13410666598749,5.3905795566186026,0.42085932416154015,-0.17551625391677256,0.4078808203099403
0.64109375,8.6634375,-0.35391622351562496,6.258587379849461,8.75173781292,5.281036720160113,0.602390465248645,-0.14196728627431698,0.15154730015100776
2.431640625,8.54296875,-1.1404913008750002,6.691040742261222,9.496686129199146,4.814934821256554,0.9074787398396228,-0.2731137910686899,0.21658470242303618
-0.1525781249999999,9.64046875,-0.11279349914062509,8.351306619896164,8.481480179206542,5.279743722459265,0.32659726544085266,-0.30844801898936464,0.4101382386378068
-1.7849218750000002,8.946953125,0.3460419934374999,9.181499996264035,8.402214324825495,4.894054237159084,0.62470342415636,-0.11949419418487,-0.14915193409045502
-3.25953125,9.579296875,0.47852112492187515,10.827324797948634,8.156017255644155,5.961773714345333,0.5784349764940346,-0.5371346942896648,0.7628446241522603
-2.6657031250000003,8.591953125,-0.23665355062500004,9.526929486624493,8.187157441172896,4.93279318513053,0.4789764887195368,-0.2455812686416918,0.8086814606468454
-3.9996093750000004,9.08828125,0.1735530312968751,9.618070184094213,8.612932782066656,5.88378639446114,0.4332820177343665,-0.354728547376643,0.3486669494209821
-2.681484375,9.378515624999999,-1.03163493078125,9.338865871473947,7.949686519944096,5.746513239994191,0.5546910516467094,-0.19695191911770737,-0.21527748293498877
-2.662734375,9.386328124999999,0.6760161476093749,10.31926624350992,7.527654314996404,5.353462653038094,0.39217343232887836,-0.18517359977015466,0.6788702635365529
-3.949609375,8.51875,0.640475590453125,9.942880021837844,8.746713043338051,6.008499787108987,0.3093514406525085,-0.5027147835341389,0.24436136942673184
-3.456640625,8.243671875,0.10087572218749996,9.848163397728005,8.627291893959772,5.759249409367651,0.38557724705866664,-0.23110330196583054,0.4824589254301447
-3.6092187499999993,8.771328125,0.68921086421875,10.229692353128145,7.851952620516376,5.343896781499735,0.4999795012806944,-0.15238987929497005,0.3903217198950639
-3.016015625,8.206328125,0.50033496078125,10.090659073172866,8.598964497169643,5.00584679274629,0.36098070536112903,-0.41140745210721574,-0.06177403039843258
-5.11046875,8.944765624999999,0.21941526726562496,10.695053241698867,8.679516922477216,5.441998068034774,0.40628362386278294,-0.3472362537066207,0.03648551592742991
-5.267265625,9.511875,-0.2035603585000001,9.994773924628978,8.5441566975258,5.328299645385411,0.5983705743584248,-0.7365693705881781,0.30237664003979964
-3.0637499999999998,8.722109374999999,0.843291063984375,11.155061561349628,7.8138927410917995,5.7358398609009145,0.3436020376229741,-0.2604748439439602,-0.10372151534162337
-4.4488281249999995,6.486953124999999,0.267086504890625,8.920521514769133,8.794196111515978,5.2018886438784975,0.09374873958635202,0.02565739035599641,0.08809641648172127
-3.21703125,8.23265625,-0.5421536976250001,10.694076219408736,8.521205394886097,4.940390699343905,0.2362634904012362,-0.15885462755727586,-0.40224207488342634
-4.708046875,8.809921874999999,-0.03692390159374995,10.370087696907522,8.755769481470288,4.782914018573246,0.35297162881349026,-0.5146944941534904,0.12854261956203183
-5.15625,9.9153125,-0.388818365078125,10.498403077968574,7.739132596088773,5.554679228187144,0.5963585476787906,-0.489423164876692,0.02696619626840677
-4.898984375,9.411875,-0.309543672234375,10.19095637991135,8.144087651288817,5.658942618270385,0.5658940010974699,-0.7052828121805605,-0.21589265377585232
-3.515625,8.51078125,0.118220361796875,10.741543021576323,8.303990250304274,5.193389421853014,0.37725494801264436,-0.3195653914983372,0.21636041967899358
-3.896796875,9.536328125,0.8007274816406249,11.673864635211437,8.603659820017524,5.932784023726679,0.43355082481180895,-0.6296947922613243,-0.03234644890137154
-4.50046875,9.06625,-0.2826222060625,9.990553886936071,7.812000484030963,5.181851569990155,0.5712135767160234,-0.29460050296893986,-0.21135128745635093
-3.9712500000000004,8.622578125,-0.02096255159374999,10.390099930342345,8.204475174227873,5.1707721625630025,0.44970375477351016,-0.1495882898699759,-0.47345025076598934
-3.518515625,8.992890625000001,-0.019472828390624974,10.360334219530799,8.103531266555162,5.350823457004368,0.4927489987397008,-0.37824390851801415,0.13603976845244212
-3.208515625,9.093828125,0.17514915289062516,10.776858169957553,8.27132755754534,5.746587051012391,0.47263103979347704,-0.43415381393033825,0.2235472906529092
-4.299609375,9.049609375,0.16429547421875002,10.874974238643608,8.057812048171769,5.310402493095709,0.4638844685999296,-0.25252543393515425,-0.32425282833305585
-6.055312499999999,10.4375,-0.35806617745312497,10.126358005958695,7.744060022042701,5.825172310764855,0.6048684793617045,-0.4771236082775781,-0.19299412117221718
-3.8979687500000004,8.999765624999998,-0.4331908939375,10.53047878180396,8.342549301701391,5.942062757148552,0.473483120098111,-0.3644553090680759,-0.022219538265905513
-4.24390625,10.126249999999999,-0.696021036640625,10.094179343374623,7.642133925645375,5.191912642026516,0.5547635594800667,-0.5891369289546394,-0.08964142379162657
-3.1515625000000003,9.134218749999999,0.3751980557812501,10.694091128216261,8.143632348476228,5.4379480733500705,0.41872094066976223,-0.31862712496875406,0.018252705371645278
-3.467578125,9.64015625,-0.463517457140625,10.737972104441857,7.761161215506732,4.751461145099672,0.5117137776340126,-0.43151327648074284,0.1999962301851034
-3.9218749999999996,8.906640625,-0.05426855896875002,9.910540218468164,8.127970541337463,4.656473812877905,0.44326813032071494,-0.24390375826925498,-0.5093394310772095
-2.6985156249999998,8.084609375,0.158442914234375,9.939452488209843,7.603104105226504,4.871855353130356,0.28808055057782417,-0.3160862935585556,0.3131185067229891
-3.9396875000000002,9.2909375,0.38041206278125,10.993444562094437,7.904944303003895,5.286160048024323,0.38998483559037195,-0.32545999413515997,-0.1569204568631262
-4.172578125,8.847109374999999,-0.09363990973437508,10.374578398519214,8.116735619264503,5.522550572713241,0.5361886565327252,-0.22758783896146065,-0.0692644808118046
-3.5010937500000003,8.7271875,-0.16961586832812503,10.37221688833737,8.20933966375151,5.112454515448192,0.29048682433521156,-0.29344541340882613,0.10721186385617228
-5.3636718750000005,9.961562499999998,-0.890004632890625,9.85585270847145,7.90613403447562,5.760158299476758,0.6136884402619242,-0.783775812764637,-0.7060642936457627
-4.081093750000001,8.561484375,-0.01989845732812509,10.015163989731318,8.105560021699972,4.3369038670029605,0.3292450022878033,-0.19796500261182282,0.41562538071917826
-2.9421874999999997,7.698046875,0.324334498203125,11.315392305498902,8.76987911997952,5.41879487962133,0.3143398663116686,-0.24892935454858908,-0.2336835532047456
-5.3628125,9.109375,0.04554306467187501,10.64147531018814,8.31557487771441,4.898388974084574,0.6698114161416383,-0.41133796194515393,-0.07273614619167519
-4.459765624999999,9.3675,0.27698253009375007,10.323010739426671,7.9233846934249,5.371920283498924,0.5280289192752793,-0.3286342363712665,-0.4595861550922545
-3.6540625,8.7190625,-0.02787915187500007,10.616028965488638,8.664088458031449,5.697795590775568,0.37366903829426734,-0.35043786893191203,-0.07383873097603225
-4.77625,9.296484374999999,-0.054907002578125086,10.982731544907216,8.755588625080033,5.220516333193349,0.3992488829792549,-0.4029003388461593,0.04410482857007357
-3.603359375,8.531875,-0.12332799096874997,10.642958666806406,8.183286200963217,5.473346605339472,0.2705716001220307,-0.18943482583729696,-0.18977167779034698
-0.6881249999999995,8.946718749999999,0.41786799815625,7.125589860451905,5.697019383712718,4.156126884366161,-0.5972257222988873,-0.05441902606670395,0.3637978644268678
-0.7033593749999998,11.096875,-0.976302274171875,5.373475260094682,5.137153539108501,3.12054940969898,0.563818728779398,-0.012454017919393608,0.42365225692624925
-0.5853125,10.574609375000001,-1.128679910859375,5.957782716946276,5.092672110239586,4.359231253090508,0.5720341138769656,0.07463151636730592,0.66507071205548
-0.17070312499999998,10.59296875,-1.20242133021875,5.8218768697787855,4.725733468100316,4.04065896513147,0.7275270905971694,0.2434800218543153,0.6140573743716607
0.00726562499999997,10.532656249999999,-1.2895702813281247,5.672308518534879,4.545583276031354,3.668410322987362,0.7404404283067415,0.38616272167723426,0.5424945666302182
0.06242187499999999,10.803906249999999,-0.9943917895000001,5.839531999935567,4.716302715444688,3.9417236420741255,0.5563487862593361,0.2798559441075875,0.33096180127347363
-0.18195312500000005,11.024453125,-1.05408720878125,5.839481068900963,4.769609000057314,3.5343232937304263,0.7324528356249121,0.12322773273983319,0.13429071625473663
-0.43179687499999997,10.73296875,-0.9311848570781249,5.829018119717096,5.104361853995408,3.0415375036587666,0.47485444602241617,0.07981325787200548,-0.07345189383450564
0.10125,10.987187500000001,-0.8207323530468751,5.709256464286747,5.019079369251272,3.3322265274549943,0.5948581097122091,0.024069727549340513,0.37095050065725965
-0.08281250000000001,10.72703125,-1.102290485328125,5.668333355347385,4.692039861459346,3.6862878106683454,0.6364404244127972,0.13087311119755574,0.2083772574166882
0.18039062499999997,10.971562500000001,-0.926077241203125,5.823109994123596,4.9708992894740645,3.4026575859568093,0.539027779152826,-0.04761293756634543,0.3323961649643693
-0.070859375,10.90671875,-0.88340722684375,5.788487635403967,4.980648663417089,3.2344049992299935,0.588715266473289,0.013873994522468158,0.3053136950291225
-0.33296875000000004,10.911015625,-1.13165935796875,5.7613411740690585,4.8716783298731725,3.546491608674752,0.6252428757725793,0.11592184018728711,0.225683667150771
-0.13453125000000002,10.948984375,-1.182629276296875,5.770894625642842,5.047794666956636,3.764009495926734,0.4189507670682962,-0.04423673572281029,-0.00046983047742326305
-0.2206250000000001,10.751093749999999,-1.071857511015625,5.845859345243863,5.271819128982987,3.5443457020338363,0.529860748171062,-0.010888177369357491,0.05720911536244138
-0.17648437499999997,10.834531250000001,-1.2405157413281251,5.9776986047417,5.065836841556727,3.58058075941252,0.39386139413596716,-0.10014053997413493,0.17421437318168623
-0.19703125000000005,10.8184375,-1.0703677962812501,6.0892889259767795,5.203933824146282,3.858784447307729,0.4760337580279825,-0.0790050449720902,-0.26073656542166895
0.04953125,10.902890625000001,-1.045574498984375,5.968102171567896,5.176819902269839,3.677492502848656,0.7005710396727359,-0.19004173267619154,0.15415557356898538
0.03843750000000001,10.58625,-1.207528946640625,5.820922988117413,5.160409685771082,3.7780254480342275,0.4342123257950177,-0.006989687206665442,-0.6176963814151539
0.43203125,10.89140625,-1.1187838685156248,5.670861288113423,4.832266020974108,3.602438251036851,0.5017443770792517,0.04214653652071653,0.22492392516475662
0.34710937499999994,11.087031249999999,-1.03791306046875,5.794803188032973,5.198395389350779,3.482985066283089,0.6036218711644232,0.002725266585476991,0.282496885920996
0.2114062499999999,10.73796875,-1.02450552425,5.837980806534134,5.156944098642473,3.8900424545345853,0.5825399697353847,-0.04646893471097634,0.13895796191907406
0.35906250000000006,10.711484375000001,-1.1512386060625,5.821959163038998,5.177972137128671,3.6295543725746615,0.7474339227380628,0.003518895150489264,0.013674425451897239
0.49242187499999984,10.919453125,-0.7709329645312499,5.841896196079787,5.050863525891166,3.2460237201812503,0.6525268112536852,-0.18897475402923053,0.38052429306864255
0.13992187500000003,11.004062499999998,-0.9849213834375,5.8527384744362605,5.288575162186291,2.512169501612036,0.5138463159741741,-0.09088521126811674,0.05952725129760871
0.16289062500000007,10.865234375,-0.8997942161875,6.136413237839928,5.40153710253557,3.0146563550931953,0.4452775636912127,-0.2144727829675175,-0.016826595405285385
0.055000000000000104,10.854609374999999,-1.0379130643124999,5.974659509126859,5.093923908433666,3.2100983118886135,0.5844969675408132,-0.20437198819397154,0.08478783840988724
-0.195078125,10.912656250000001,-0.963958811875,5.928363232705675,5.359378824251551,3.0882351401261867,0.6733632233410463,-0.13111991383995075,0.0030291238390215327
0.03898437500000003,10.930859375,-1.204123866640625,6.18097810825729,5.268043106099703,3.0812073771622597,0.6881658581247859,-0.18660477007137094,0.09844098181755012
0.04953125000000003,10.857109375,-1.1567718864531251,6.04928609674509,5.120847426260337,3.1764990898414216,0.5096588915210861,-0.15121212372451093,0.2641511177340265
0.011406250000000062,10.84671875,-0.8923455824218751,5.990371406261963,5.396023001563136,3.186817086609698,0.6257219702055561,-0.06963193634679352,0.20429012707372576
0.3217968749999999,10.85609375,-0.9205439646875,6.064732119186323,5.345425648740326,3.2533772597826567,0.7564879894618045,-0.14420178125909275,0.0169628874117702
-0.11796874999999998,10.84125,-0.9020288075,5.895621569141242,5.224032207021699,3.1161993208987737,0.7768380227120745,-0.1100304275461607,-0.1817926571437108
0.428984375,10.611093749999998,-1.237323458046875,5.94229343875375,5.353722454163171,3.36800644994078,0.9245436642674273,-0.22451000423980422,-0.37926745518355737
0.18921875,10.8115625,-1.1464501992187501,5.6665085989653665,5.238788540406431,3.5137131612200165,0.6606113479413754,-0.0907832574282466,-0.513782291514319
0.3867187499999999,10.838203125,-1.0821791908125,6.085482354209766,5.3681816395303015,3.514200158778989,0.5651051899502976,-0.014823293199155587,-0.11485960475104663
0.12015624999999999,10.62671875,-0.910222303359375,5.696693391835823,5.308533388177796,3.0834534260916246,0.3055296691379671,-0.12268809032834932,0.29205350790243767
-0.252890625,10.888281249999999,-0.72985908153125,5.651501480848882,5.497018099242392,3.4372423233716782,0.5518153754443236,-0.17963966362641937,-0.2892116417809107
-0.07835937500000004,10.750859375000001,-0.9356540357812501,5.61868892866473,5.3343935672412295,3.3825873320630673,0.6998183183766097,-0.1606993156338928,-0.46116576844526885
-0.25398437500000004,10.841562499999998,-0.9039441590625,5.663434020627932,5.0814490178583664,2.7265131097325446,0.5401701416753577,-0.12440024449478279,0.005821072564089427
0.2364062499999999,10.82578125,-1.0139710482968751,5.802034763551571,4.978653276956374,3.171678452475842,0.5112075387516596,-0.12680801505331582,-0.3732952229976747
-0.23726562500000012,10.712421874999999,-0.957467876015625,5.925388003493388,5.429153471377604,2.990490019471697,0.5797591871326082,-0.1420244551683747,-0.3647519647223317
0.05429687499999997,10.896328125,-0.807750460546875,5.74608258995772,5.344719922370487,2.9056175565629143,0.6062307370584407,-0.1159856940179014,0.22998948102297384
-0.07546875,10.71734375,-0.849782034734375,5.86545192996869,5.214577596204312,3.061282189644089,0.4853725527020866,0.016363093565862744,-0.12534361118331752
0.21218749999999997,11.019140624999999,-0.777423916390625,5.79000417442369,5.284292914404406,2.9122371198966004,0.41713620278698604,-0.18570879419111874,-0.2246922264538464
-0.13656250000000003,10.565468749999999,-1.0787740917968751,5.856619443722953,5.132158393919018,3.2078830330503285,0.43365072846460595,0.07259768089709322,0.08169675183062859
0.15867187500000005,10.90671875,-0.90160317734375,6.121044943866528,5.015317180488033,3.184620184994987,0.6481421732673747,-0.027964598686421257,0.2654350152565914
-0.056875,10.895,-1.0150351217656248,5.749840045329522,4.921394143177317,3.4577723058717424,0.7111168413874216,-0.0028358303868048673,0.15482509396804284
0.179140625,10.780625,-1.0150351476875001,5.764280775189964,4.483128746687408,2.9143580751728484,0.4427415853574445,0.14673568244812282,0.33661762933859046
-0.6708593749999999,8.094140625,0.37487879789062495,8.93013053055355,7.734434623744298,4.275256486838729,0.36299506451077107,-0.25952717144459714,1.161743830438599
-3.9715625000000006,9.940703124999999,0.23537665340625008,9.779982700449615,8.260489655544957,4.963515722018975,0.2589269912019996,-0.41177867834350196,0.9698378457312473
-3.802265625,10.035625,0.20675264557812503,9.573875767456634,7.171586377634658,5.156215912676799,0.28388330397665856,-0.5182682737893912,0.5552704929154821
-4.51203125,8.602812499999999,-0.019579249109374988,9.385251924510253,8.7254623747022,4.938483983236161,0.3656493111614091,-0.4534223379198328,-0.13685597265631358
-4.4903125,9.302890625,-0.06299413414062509,10.62856579411558,8.708680399494353,6.2101078285529905,0.4115793472193838,-0.5683445883124476,0.04420415688980505
-3.6959375,9.539375,-0.11651785995312505,10.19990436823276,8.66293430999999,5.48060063634403,0.4413634407866265,-0.5625827979988192,-0.47552296488651763
-4.5690625,10.469453124999998,-0.210264134609375,11.06104534486202,8.225681232103378,5.827507585352109,0.4576654160980979,-0.6031729959385957,0.07078196286770702
-3.8494531249999993,8.57125,-0.06554790707812494,10.51653878337249,8.455676440267805,5.619326900018153,0.40707531231714894,-0.3718706638706561,-0.07771303912088065
-4.12234375,9.282187500000001,-0.17961836203125003,10.617484362801575,8.341555885435508,5.874717159017945,0.5383186300499796,-0.4119678077711474,0.22424855407643748
-3.7214843749999997,8.646796875,-0.4145693401249999,9.712571918157458,8.821030439877205,5.659354540314381,0.4053996068432798,-0.3712424978676814,0.11281234526968366
-3.36328125,8.643828124999999,0.01734465953125,10.439669842523681,8.789822072386277,5.285924973431001,0.41911124843741965,-0.46095011542381525,0.13733691632696918
-2.0521874999999996,9.149296875000001,0.487565882921875,12.062288595135824,7.742001738043284,5.62669382066689,0.37826608272910794,-0.3445643637504528,0.3728174876359685
-3.4672656249999996,8.38875,0.45883546328125,10.126401038470842,8.353149948522413,5.3980755745557225,0.4108598131514415,-0.20442622342829053,0.2372614240302386
-3.0746875,8.158359375,-0.8409500691406251,10.154770887486519,8.125660240226612,4.671849752677489,0.3625288638517123,-0.07529452502241624,0.023728304948570866
-3.9432031249999993,8.34734375,0.14503541046875001,10.360006103219256,8.482569488771427,5.29133848321463,0.5167201971415982,-0.5542934607274849,0.15178982483399164
-3.5771875,7.91203125,-0.6930416129843749,9.199468389659467,8.287835999917194,4.73185364904119,0.27653869661665886,-0.30365120798331563,-0.3356212801789764
-2.908984375,9.203828125,-0.7450755826874998,11.165781281431043,8.557558439134903,6.49836697002817,0.3272921920340762,-0.5102070638710532,0.006321990322689508
-3.470078125,9.149687499999999,-0.5227872396875,9.942243953838917,8.577617306242086,5.529999318310234,0.41878406612705743,-0.6630363530641358,0.2613179335221554
-4.745859375,8.969296875000001,-0.27932354823437494,10.39819729924253,8.43007221050717,4.732823072167637,0.5452996365828138,-0.4887537610047236,0.3309192484691501
-3.775156250000001,8.138125,-0.11566654535937498,9.166506966974167,8.524310158122766,5.3621624231000755,0.3278406381077378,-0.3834241715798014,0.024433578505632443
-4.1088281250000005,8.155000000000001,-0.572586641453125,8.944540026348978,8.245463335980581,4.808857863327714,0.35917195221935166,-0.4309328980915984,0.2344015759950644
-4.753671875,8.45765625,-0.4847992598750001,9.710002242460297,9.29639584768398,5.485045866683436,0.38386805020084186,-0.7642069811625171,0.5365240424737105
-3.977421875,7.597265625,-0.033625213406250104,9.823541339406146,8.897351757935805,6.046204099432478,0.23607003697146312,-0.4641209536198853,0.35384530838740513
-1.879296875,7.916640624999999,0.490438896640625,10.93858153106998,8.433692499928464,6.280662610635846,0.44308843872968023,-0.5947952901658722,0.3372886279301126
-2.44546875,9.287890625,0.33146394007812496,11.121334709367103,8.139926064270309,6.152963900638367,0.42359847729049493,-0.5991510032674919,0.5300109663381586
-4.023125,8.548984375,-0.24718804804687505,9.513959049568955,8.198789434255271,5.71683910740872,0.3200717657354467,-0.4154850417560949,-0.0727069271127903
-4.473515625,8.78203125,-0.41318603093750006,10.401730969969895,8.593727941733054,6.031171122059828,0.5572802210426016,-0.46657328271601295,0.27900182229164705
-4.03265625,9.515625,0.13450091140624995,10.64638271054239,7.7224415008710166,5.514826854928323,0.4990168826661853,-0.49075051095499506,0.4693381742410618
-3.0221093750000003,7.612109375,0.12556259992187502,9.919817968051989,8.170715491576434,4.828077087713623,0.2242718220726676,-0.03083540785575324,0.25114723294404706
-4.60125,8.5171875,-0.379241567484375,9.128005498190719,8.632596286885176,5.4348273888506515,0.23845679491821126,-0.3355930573085339,0.6355272009055764
-3.539921875,8.41296875,-0.482883906640625,10.276407787994135,8.826763134724043,5.999375198921926,0.43371675060629034,-0.3365434443112558,-0.12842892666914538
-4.27671875,7.9389843749999995,-0.013620347734374705,9.031147413723156,8.53224937734803,5.551757516333924,0.07704099644127772,-0.029207404295780334,0.1585836115624361
-4.977578125,9.5640625,-0.39392601015625006,9.854802901543566,8.250940328750037,5.930946144890497,0.5405774802498622,-0.6822481328136474,0.2554604956142852
-4.006171875,8.6575,0.34221124098437516,10.135592847816499,8.246387845596397,5.626422404599276,0.29686651715295437,-0.271426865137236,0.6176131813601229
-5.161015625,8.432890625,-0.1457802635625,9.893994930626144,8.438962109645777,5.66820099561659,0.24791009867543545,-0.20295122757398584,0.47351546707439807
-5.1228125,9.416484375,-0.06235561162500014,10.353920825699014,8.071268738347824,6.827762175458026,0.47444002598914525,-0.29957271940633445,0.22380791064250377
-4.736484375,9.7,-0.46075079403124997,9.99197354363145,8.148488836127838,6.004208764419117,0.4498888209710598,-0.601731097291847,0.2705430214507787
-4.855546875,9.982656250000002,-0.9220336764843751,10.532559770821514,8.340304015402312,5.181905090444889,0.6000324148282958,-0.46210792390431826,-0.03250407216118614
-4.5703125,9.05296875,-0.09108604546875,10.356955236812784,8.324661625947535,5.998174130732896,0.486542528184856,-0.28764588543602243,0.04266529902218086
-4.631875,9.801953125,-0.8224348971875002,10.338612678177618,8.453304462844855,6.211293685330792,0.5520205649493725,-0.5042886232397986,0.22676386208586743
-5.330937499999999,10.299453125,-0.5176796109375,10.374699727394221,7.9665296228770615,5.502141251311036,0.5669121549700721,-0.5334192722802262,-0.00908272095847709
-4.2503125,10.509062499999999,-0.342530459609375,10.553202264116033,7.813208211649921,5.546861787527681,0.5041648139364793,-0.7145819316858225,0.17799627889098113
-1.4837500000000001,8.07625,0.5151258111093753,10.880618519872847,7.671642689965429,5.377775744264185,0.3424209996932857,0.1477372351038875,-0.22290147777281163
-4.255234375000001,9.678359375,-0.3897760396875001,10.428400072401727,8.168910076601382,5.5417494304049475,0.4849854417270604,-0.5736130609493022,0.040167362857180644
-3.93578125,9.348749999999999,-0.46160211820312513,10.198702859415429,8.262543305484092,6.319059766262652,0.5516913367464489,-0.7116455215068018,0.40379985917118383
-4.545703124999999,8.915312499999999,-1.034295181328125,10.166564276741441,8.075300201221237,5.526316238260809,0.5139808956770503,-0.3849887344688502,-0.30704364939010065
-2.325234375,8.79875,-0.363705835859375,7.961151471839256,6.31969973080209,4.3500999358201184,-0.19846309905785878,-0.18990923341512658,0.5013164254463187
0.6573437499999999,10.673515625,-0.398501567703125,4.324839318614732,3.707502652949942,2.7150776257944416,0.7179416637406574,0.6880804675247939,-0.3550000922704611
0.5686718750000002,10.7303125,-0.53491789684375,5.000068495014242,4.114815635583659,2.7020463098143424,0.5836695007651161,0.3406295011952164,-0.31107683852599566
0.559296875,10.97484375,-0.42638073621875006,5.348751925623887,4.356705317735632,3.2892075541914125,0.4632018615286278,0.3239077459624822,0.21714748970131564
0.25203125000000004,10.7475,-0.39637339640624997,5.5172801495867,5.113164229466916,3.620058197229357,0.38349620120917033,0.030288088392616517,0.14910095593109265
0.31828125,10.95546875,-0.4669225363281249,5.560743417781334,4.8205246180030485,3.4976222331433418,0.25193222968927237,0.10524105403847861,-0.5600163999740857
-0.04156249999999996,10.911406249999999,-0.5757789114531251,5.581216326536157,4.720314928313676,3.238746815243987,0.4823486782580764,0.1187064215665808,-0.4585777542765719
-0.18539062499999992,10.69921875,-0.60972337953125,5.570299013285742,5.091716405314463,3.0775527535963367,0.5929173772559252,0.027571247872896422,-0.826814303955273
0.21640624999999997,11.093828124999998,-0.512678397859375,5.604892217738084,4.829163378806829,3.1790657022020636,0.45711759933680385,-0.041231554790321936,-0.4787338156857761
0.17945312500000005,10.973906249999999,-0.56141373465625,5.569618802681,5.06412215282283,3.3095715207963363,0.42364669098314045,0.03609688539358916,-0.5847180316499893
0.15296875000000004,10.80796875,-0.40775916721875005,5.22880832494589,4.885085938243404,3.1564691015478012,0.3407415464927266,0.1496984883824846,-0.6516808676447305
0.09796874999999995,11.018203125,-0.57982245028125,5.411554674862247,5.015452439958955,3.3256595070115127,0.32320602544608745,0.03603748474602235,-0.7417967668031118
0.0430468749999999,10.85984375,-0.699213326203125,5.279948738889681,4.694911138731588,3.014307066026129,0.46499850214984617,0.20338979341627114,-0.2891432590319249
0.27085937500000007,11.071406249999999,-0.42808326487500004,5.062694444929953,4.6155062585225615,3.2892217112612467,0.5811164306395997,0.1577587451301349,0.4071997602950762
0.34453124999999996,11.1346875,-0.5675854467499999,5.400931322954722,4.4229269398039746,3.10191605052758,0.40955907258918606,0.22600791519178173,0.30065418025215285
0.14593749999999997,10.85171875,-0.49299275003125004,5.075242056650476,4.731479206696194,3.0536449983862513,0.44634913967715517,0.1620891528489114,-0.0015519255230142775
0.19109375,10.656953125000001,-0.6147246029218749,5.1276691577373565,4.646816208201346,3.430072611140685,0.6977690161059346,0.16972058899029274,-0.747019524395481
0.21960937500000005,10.884921875,-0.39169141706250005,5.343344341670496,4.922048607429277,2.8983754673712077,0.49365184340661983,0.007271075515986554,-0.28382689941710304
-0.09195312500000004,11.0271875,-0.5461972362812499,5.751335994058488,4.711624742574874,3.034794069292028,0.43005464534116744,0.10111450091589652,-0.13043198345639895
-0.48968749999999994,10.623750000000001,-0.539919097578125,5.527353562270442,5.2326188471930575,3.1488714112283454,0.4537093283537689,0.009010975019886382,-0.3876711711545887
-0.5909374999999999,10.828828125000001,-0.7426281882031249,5.59788596222661,4.8265814476147595,2.9967874776044003,0.3969221498690362,-0.003890149774995973,-0.059703653733052614
-0.10492187500000005,11.443281250000002,-0.525021841609375,5.856666740253921,5.11295965375226,2.6891208442310797,-0.055739265867242045,-0.1704392458182072,-0.2332468823116177
0.010546875000000032,11.155546874999999,-0.600146590140625,5.274110012094717,5.129940729523854,3.687095929226505,0.07942878984602289,-0.06317404200827732,-0.8415300061252892
-0.27179687500000005,10.778046875,-0.59035695865625,5.180945924972604,5.106989551492419,3.4008264206814847,0.06276317502953274,0.06731246133632056,-0.6669840831127029
-0.13695312500000012,10.79390625,-0.576843011359375,5.69679495398972,5.077495881703001,3.4889704714645893,0.2788604910262773,0.06839890378035965,-0.5229410030100103
-0.29109375,10.993281249999999,-0.478946759453125,5.625921207118967,4.898013007424382,3.1931264176025813,0.20698093150149574,0.10374937009104764,-0.5546435273095268
0.06539062499999997,10.85609375,-0.47266863171874995,5.798702832092028,4.6223501250674355,3.0979973346261733,0.5188075619616249,0.11176348451339108,-0.10337470040944943
-0.17453124999999997,10.925390624999999,-0.41765519531249995,5.575319617992625,4.840698377807907,3.223941821592293,0.3328858142143798,0.11214702008102315,-0.8566078983108845
0.012578124999999996,11.00046875,-0.597699160109375,5.286221660791523,4.860198661605659,2.6846932985630976,0.04345678811234553,0.1347685350587374,0.14534715987454683
-0.2659375,11.007265624999999,-0.42403974375,5.441899432513775,4.8013754075726425,2.883915838259274,-0.03482103924538632,0.04816819284238878,-0.5528942798721698
-0.299765625,10.973437500000001,-0.627706507875,5.30203092940039,5.0253159784827215,3.187675696652692,0.09092055913662524,-0.09652501642738881,-1.3800111155603831
-0.12640625000000005,11.140390625000002,-0.20270907632812496,4.993847735960813,4.737474670503485,2.986501233031603,0.39375734307302307,0.22061674328534397,-0.9528949927670818
-0.10398437499999996,11.154140625,-0.28932597593750004,5.0879504315103015,4.653385616835833,3.099937411246187,0.08155886713964453,0.13695308036766504,-0.9733467298202172
0.00429687499999995,10.532499999999999,-0.507570779453125,4.684160591089426,4.469309580349073,3.0622204890988485,0.2702253121654245,0.2626834896951016,-0.359680432783323
-0.27710937500000005,10.90921875,-0.5474741284687501,4.7862064427934055,4.599920958793579,3.2857960217527946,-0.1552538614101653,0.0737206586422527,-0.9242872457039562
-0.17882812499999998,11.0153125,-0.4917158346875,4.949905084489902,4.646486733527144,3.295401553681193,0.0749584246353224,0.059004370994763404,-0.9745320801594535
0.19804687499999996,10.67390625,-0.5262987412968749,4.506702830679291,4.88067477954749,2.3633815983796014,0.22290560695533562,0.20957421161670997,-0.5835313259351775
0.15796875000000005,10.872421875,-0.39318113539062494,4.8010557692057105,4.37433901187042,2.9027873600087135,-0.030299663826555422,0.31430811008834814,-0.5772222862850597
0.19992187499999997,10.669609374999999,-0.319652531484375,4.773187400746642,4.545744645122745,2.894614282090945,0.11841732363352912,-0.118047892818283,-0.2678547119856836
-0.257890625,10.621562500000001,-0.5174667992499999,5.0564868072395,4.48033907015906,2.4952907261303388,0.7242288260067069,0.2691241959150943,1.2620416124908143
-0.123828125,11.12546875,-0.3728570239062499,5.1820459462657205,4.692977110030843,2.8161875565176215,-0.102106637537579,0.30473238762624627,-1.015585706139617
-0.53734375,10.967500000000001,-0.388605540109375,5.124621706217537,4.225560428807047,2.9082153381678757,-0.07730666371946503,0.28436995079948446,-0.12724439964703263
-0.198359375,10.88328125,-0.14758924284374997,5.299123568062893,4.452181191101553,2.709968821746631,-0.17243377368468246,0.36874375653907016,-0.7423423886042264
-0.09875,10.88390625,-0.53236405778125,4.5126258638956545,4.429954541664163,3.246851680081534,0.3001705344337427,0.19491130836404558,-0.672026177291441
0.11179687499999996,10.655625,-0.467986641390625,4.554615178858718,4.1502821346114525,2.007977866099109,0.9161836303594336,0.29611651950229606,-0.4722302243559264
-0.012343749999999931,10.665468749999999,-0.445427935921875,5.100994003068023,4.422025635133003,2.249170990579471,0.8695606183009351,0.26722300944402255,-0.5358051924880699
0.14429687499999994,10.733671874999999,-0.558115026359375,4.910026362517337,4.230260200163104,1.9000426748624188,1.2325515076707854,0.38855884203220714,-0.4093205967659651
0.071484375,10.817890625,-0.4989516454531251,4.933821428708264,4.109954123136547,1.7443892447038978,0.7100831252378738,0.5129464718291178,0.2986261134540293
0.183828125,10.782656249999999,-0.8101978790156249,4.653307647707057,3.905683855848542,2.750986246908603,0.5038504629865257,0.2937764851171843,-0.585430869060567
0.5748437500000001,9.741171875,-2.0757197207656253,3.8544949378077975,3.9987155400777117,4.44484551744172,0.1438779133065993,0.37987246574235783,-0.40280792218904043
3.1847656250000003,10.313359375,-0.089596327390625,3.7673672763706434,4.528501800634467,4.455382424643591,0.13166956706217037,0.28469781634039815,0.37382755643041204
2.968515625,10.407421874999999,-0.09417193996875009,3.773083969431486,3.853318019515322,4.010251007432382,-0.07765802380414046,0.6095110999863053,0.8182872231777423
2.5910937499999998,10.493671875,0.11598578073437497,3.577999448534186,3.9557220957220927,3.545036486924139,-0.030382465250862644,0.39852207447186366,0.5916985448707516
2.606875,10.072343750000002,0.19919758659374998,3.1550905667468565,4.465172078916549,3.6740000696283373,-0.02738509670700476,0.39227451346174413,0.009083027475839441
1.9815625000000001,10.48453125,0.1367355347656251,2.8816755210456555,4.06055489191729,4.580779309280442,0.10980376018796023,0.17105991179154995,0.8250684456997504
2.21109375,10.707109375,0.34721245403125,3.4075720449039575,3.840252911663125,4.468462787809944,0.36081510680503265,0.4915376786059811,0.513796048048597
2.8833593749999995,10.462812499999998,0.3160346278125001,3.455559668251962,3.9795665470430004,4.3527009233794045,-0.2608459438488602,0.5195353405288479,0.47698840856803265
2.27265625,10.675625,0.13779960945312505,3.4465348278141534,4.212026447789116,4.173234319890826,-0.08500652329436187,0.31291876115286976,0.22095790671177967
2.5160937499999996,10.542031249999999,0.5005477877343749,3.2464163497941754,4.070159387115379,4.472398261660701,-0.14058806209201527,0.6839076540544781,0.6525860464068789
4.193515625,8.591406249999999,1.1783729104999998,3.1588913674944346,4.115217706569234,4.554248089318846,0.16955916592496123,-0.06625735111737406,0.7393724023462689
3.6691406250000003,9.80875,-0.26325579143749994,2.8853877629747804,3.339096996195229,3.512496980458926,0.19163354899350113,-0.1889874108226048,0.8708250644047424
2.84484375,9.774609375,-0.144184151078125,2.740078404550851,4.04842560107162,2.589807864956032,0.23833521329759197,-0.6425716645059131,2.1155089422397615
3.070234375,9.951015625,-0.12428567634374996,3.012791081591679,4.053501541846982,2.882531294104929,0.2898413551408316,-0.49916193343946524,1.0654062348705893
3.01109375,9.786562499999999,-0.26400064721875,3.1702006626096932,5.1814747293694055,3.3583666817703652,0.623883850106341,-0.4231140099534005,0.7830937721141742
2.8277343750000004,9.7128125,0.07544394492187496,3.4988565576046926,4.54945840483719,3.392541122189282,0.6251266095728915,-0.7559334396966126,1.7194352977058374
2.92578125,10.212968749999998,-0.15418658890624992,2.881545432081271,3.4245851389655124,3.2363819294659315,0.20372262042942998,-0.23460461642613206,1.5537200937045088
2.583984375,10.33796875,-0.4309563095312499,3.383091074521326,3.1584416547600553,3.31603408967857,0.43261275762692647,0.26573143026767565,1.3225506790187291
2.7771875,10.159062500000001,-0.31422567306249993,2.9051949529840075,3.2575739720831747,2.925454364336727,1.2742243584723667,-0.34609945136474346,1.2231748463858307
2.669921875,10.340234375,-0.171212017234375,3.1570252751041576,2.733907592863804,3.2499038196426024,0.5174253964187742,0.07667047327350128,0.9585978487562573
-2.598515625,9.851015624999999,-0.42957299159374995,5.159944447654534,4.36445870065875,3.3213581276159228,-0.6024573733289561,0.4288834744843981,0.6250653351466399
-2.54078125,10.23125,-0.23346127967187497,5.059146823047186,4.438360831996425,3.663811332523796,-0.2235982046678918,0.09475623355334035,1.256497689915962
-2.63,10.201093750000002,-0.300924559328125,5.255278299005677,4.525039404934606,2.8725835995948694,-0.681721210211383,0.4968754071120678,0.3483853787629001
-2.648359375,10.146875,-0.62845134153125,4.561380989031678,3.9582145102779616,3.6344058496790277,-0.22601977282736643,0.5046822041497835,0.3127048371002339
-2.0253124999999996,9.34734375,-0.647924199609375,5.015058408417967,4.892824862166634,3.598850183454228,-0.5617641953990219,0.35023903186464805,0.2960078556372559
-2.503515625,10.22453125,-0.48352233271875,5.1530938203792545,4.205400705375581,3.2101054029565295,-0.46400470471285205,0.3750272915562072,0.5545945804793617
-2.674296875,10.30265625,-0.5170411694375,5.243670840223977,4.418126986556174,3.4772295820542443,-0.29561350303752987,0.3680677366143393,0.34358105051391585
-2.8889843749999997,10.337968750000002,-0.16897745773437503,5.121902850724119,4.730274397328704,3.6710040048054,-0.23903676175018387,0.34639302072941835,0.8890063334609953
-2.625546875,9.981484374999999,-0.28357989909375014,4.435242349740061,4.824249794308008,3.4959011604348427,-0.29484639182354283,0.07665116786692547,1.053430176138782
0.4929687500000001,8.653671874999999,0.8061543564375,4.818888026456253,4.742162921450927,4.2173417241576185,0.2343632153682987,-0.09011434112281407,1.093389565803469
3.2889062499999997,10.09375,-1.12038000625,2.9653844697966125,3.015806017883113,3.014392638513077,0.39566650027853234,-0.011611600162347758,1.1153149892352467
2.9561718750000003,10.057109375,-0.861274164078125,3.3380395446592575,3.560725907457229,3.461415513840078,0.2040143754562221,-0.23508722993058517,1.3061997039835378
2.9244531249999994,10.11,-0.90053907971875,3.6264647490259345,2.812295548124343,3.1484869509734463,0.37718876585910777,0.032774015446507744,0.531785020086377
2.9967968750000002,10.063671875,-0.9848149780781249,2.7924767606446137,2.6588463402543563,2.743129132679838,1.032524746503153,-0.09563127508918062,1.1157006610654538
2.92296875,9.962734375,-0.8524422328124999,2.996101988254645,2.2964244336453485,3.0158069067556106,0.2252744866630744,0.3605189704923608,1.7148308564322126
3.15375,10.092031250000002,-1.011736456828125,3.5156480554799563,2.9247773311011964,3.3899743717317556,0.6524188543283033,0.13080997652135024,1.0558191716157779
3.084140625,10.1828125,-0.588228775875,3.0867854758590867,3.3233026535878056,3.5007128481572467,0.10897131467896957,0.03995557073737263,1.2772279491172887
2.923046875,9.97875,-1.0171633243437501,3.2591291394792465,3.0209114932417336,2.888531413804676,0.9825126290630061,-0.2697674743515542,1.2062163998755044
4.092812500000001,6.9809375,2.65721564828125,2.4630754205553167,4.607904966857904,5.17178995803357,-0.7246905757013976,0.1919800447160005,-0.01927029693147058
5.569375000000001,1.8893749999999998,8.34796875,0.10249809449448317,0.08420352946878175,0.06951123307378114,-0.3103331942677786,-1.2107514836661808,0.10522929968281124
5.568124999999999,1.83984375,8.37109375,0.21251746251778936,0.14629798558400417,0.12309951750895494,-0.20515952377696262,-0.518166434020333,-0.13274149860679593
5.4334375,1.6386718750000004,8.511875,0.3192678085772977,0.19544568896239276,0.22713139781853142,-0.6967078117091794,-0.7240224997641416,1.4138748901837401
5.560546874999999,1.7491406250000003,8.420703125,0.06701572336201685,0.04321145941309292,0.059544935680831614,0.21710306661466536,0.9155183095111468,-0.014000918751881522
5.563203124999999,1.7450781250000003,8.413046875000001,0.058509262003843224,0.02537210863299257,0.04742689429779663,0.6314885933617974,0.539039041656628,-0.23715641419258096
5.576718749999999,1.7601562500000005,8.4025,0.11585355367202814,0.033934320177918725,0.04911720676097124,-0.11345368022690215,0.06575760489970621,0.46243937853560674
5.59875,1.7710156250000004,8.385,0.025769410160110466,0.021608731009926885,0.035355339059327424,-0.06985026001048028,0.23132642046314747,0.042426406871210354
5.567343749999999,1.7605468750000004,8.386796875,0.04349001995788796,0.033291060027196145,0.042682212222826296,-0.8990951928749602,-0.3832029290499032,0.3142779860268918
5.573437500000001,1.7452343750000006,8.380468749999999,0.03308222474003222,0.021064070555317078,0.0388679530389434,0.2844266109796283,-0.027739238450892528,0.08116819277925297
5.579296875,1.7647656250000003,8.386953125,0.026403822928401443,0.02499890134304658,0.03496781095142191,-0.023224693113622595,0.06975754840045778,0.07733333772702408
5.5892968750000005,1.7600781250000006,8.403828125,0.06215132231283884,0.04372313628371569,0.037648063814549305,-1.1364829610592255,-1.5199855276188734,0.2764569126104286
0.21804687499999997,9.32921875,1.029296875,1.5291588060279202,2.262025367817177,2.187432921683596,3.1306093970937616,-3.144499459529242,3.127478225654057
-0.24375,9.977734375,0.5507031250000001,0.20458418193985572,0.11410805490130554,0.16614274544870858,-0.521645986523719,0.17126353960124477,-0.8231825294825692
-0.18265624999999996,9.976015625,0.59453125,0.12575698523715292,0.0591652854794038,0.1314513893933324,-0.6202176717089627,-0.8106010948249024,-0.6908091314953697
-0.23875000000000002,9.962421875,0.70921875,0.41271585261533145,0.13929928489222176,0.3296271790196274,-0.08098749700071685,-0.19483188021303247,1.4933856879700025
-0.11226562500000001,9.947265625000002,0.846640625,0.1314535020201416,0.039739677192440474,0.12877595214017784,0.1394582308593286,0.9933680115559711,-0.8503908144016978
-0.07429687500000001,9.92046875,1.085390625,0.1542506259800406,0.0691901746885893,0.11929416336145442,-0.8764603160703508,0.35455327451638297,-0.05073733755893535
-0.47851562500000006,9.92984375,0.8700000000000001,0.185000379407339,0.07580798497478668,0.19422120121140227,0.4835644484646666,-0.4423129042644932,0.329297675927689
-0.474765625,9.9471875,0.7153125,0.20453057856555185,0.0764131195787084,0.12212914207407666,-0.5016054019454054,0.575254922931375,0.02722135237102694
-0.42304687500000004,9.93265625,0.841796875,0.339939237662754,0.16890032367031588,0.36700952302390516,0.25513352687662244,-1.993955719576264,0.6815975577934491
-0.46367187499999996,9.905703125,1.1246093750000001,0.2151557251945306,0.058009745864245746,0.22690134951583996,-0.6957566391478469,0.0861898779503307,-0.24884017597673683
-0.5050000000000001,9.9290625,0.8701562500000001,0.23868127283052604,0.06200349662519034,0.1811248894711533,-0.3641718861915292,0.6661861143671848,-0.15983923150435436
-0.36953125000000003,9.911953125,1.039140625,0.1586311532248237,0.05144867882399287,0.1179977975413498,-0.26238267476903965,1.155547100721882,0.5776697836009744
-0.4346875,9.91796875,1.0182812500000002,0.3469711296977747,0.1727324492486502,0.31057182486252277,-0.4430792667404181,-1.4490842219692754,-0.0041036903033742885
-0.32453125,9.937109375,0.876328125,0.2685576619153464,0.07369862981839873,0.18807773946957246,-0.9248166199254582,-0.24624442156790025,1.0928070872780304
-0.34726562499999997,9.92625,0.8732031250000001,0.13719690937976475,0.029020466915609864,0.07329236822640113,-0.9982797067286905,0.6122925847217272,-0.6680539624895201
-0.2922727272727273,9.873636363636363,1.2670454545454546,0.2760917472373305,0.12482880839357043,0.5351659876127411,-1.0628585677515856,-0.6606257219193368,0.9142444035223408
