1621394957965 0.47440127485980815 0
1621394958140 0.4746333478636634 1
1621394958305 0.4916239486891983 2
1621394958537 0.49951221991162237 3
1621394958701 0.5062658659604162 4
1621394958905 0.521931817357265 5
1621394959156 0.5138506962288918 6
1621394959421 0.5247741957156533 7
1621394959613 0.5333454643413875 8
1621394959832 0.5140272702565855 9
1621394960016 0.5258872187993259 10
1621394960214 0.5294569637600407 11
1621394960485 0.513416650161154 12
1621394960701 0.5275390736581892 13
1621394960928 0.5211830227707308 14
1621394961172 0.5294654429263989 15
1621394961444 0.5141176102798226 16
1621394961659 0.5301320161852464 17
1621394961816 0.5133546463566194 18
1621394961967 0.5185967420958929 19
1621394962116 0.5258740329219608 20
1621394962272 0.5306415187308487 21
1621394962433 0.5116318566520972 22
1621394962592 0.5333560406606993 23
1621394962738 0.5289400174499612 24
1621394962895 0.5233325075796728 25
1621394963053 0.5380866536848931 26
1621394963203 0.5158895274486415 27
1621394963350 0.534978694229167 28
1621394963496 0.5392549136326777 29
1621394963642 0.518865171058919 30
1621394963789 0.517539989551648 31
1621394963943 0.5229478418695311 32
1621394964092 0.5366089702165643 33
1621394964245 0.5438870102922936 34
1621394964389 0.5229941082380716 35
1621394964545 0.5199669690195102 36
1621394964694 0.5520890571450898 37
1621394964851 0.5253898303049174 38
1621394964997 0.5335611765948547 39
1621394965142 0.5447542171954776 40
1621394965301 0.5282322629703761 41
1621394965460 0.5595130771155854 42
1621394965612 0.542539011168724 43
1621394965757 0.5402470039331175 44
1621394965905 0.5629667530625906 45
1621394966052 0.5265167156913049 46
1621394966208 0.5565947078865259 47
1621394966351 0.5698712835753169 48
1621394966509 0.5329913864264992 49
1621394966668 0.5660419064210342 50
1621394966812 0.5673213685013738 51
1621394966961 0.5487874650529453 52
1621394967109 0.5642341513614868 53
1621394967255 0.562091790496776 54
1621394967399 0.5635554564708524 55
1621394967545 0.5578688386465406 56
1621394967701 0.5721970955581652 57
1621394967850 0.5573310899999375 58
1621394967998 0.5454825031106946 59
1621394968146 0.6010607679731184 60
1621394968304 0.5557049654472729 61
1621394968449 0.5691725029265564 62
1621394968611 0.5698530615215082 63
1621394968764 0.5896059101150168 64
1621394968922 0.5560202036051208 65
1621394969068 0.5844088132198937 66
1621394969218 0.5690764678618752 67
1621394969366 0.583018803330231 68
1621394969524 0.5684713078667086 69
1621394969668 0.5924216102810448 70
1621394969815 0.5813654598980629 71
1621394969959 0.5798669536899222 72
1621394970106 0.5834674761080642 73
1621394970262 0.5798063430330153 74
1621394970412 0.5845796623067447 75
1621394970560 0.5856409106436525 76
1621394970716 0.5824272910929548 77
1621394970860 0.5951943936362939 78
1621394971006 0.58431895843782 79
1621394971152 0.5929115781843968 80
1621394971299 0.5797375268599719 81
1621394971444 0.6015692934906999 82
1621394971589 0.5913998477157464 83
1621394971745 0.602238084550595 84
1621394971888 0.5912856795396456 85
1621394972034 0.6007535247441612 86
1621394972179 0.5878935957950678 87
1621394972325 0.579967361742699 88
1621394972469 0.5985446461325138 89
1621394972620 0.5920037513571931 90
1621394972768 0.5933622404475332 91
1621394972922 0.5850405868727032 92
1621394973070 0.5804921579068347 93
1621394973227 0.6086086914040366 94
1621394973371 0.5940846988230097 95
1621394973522 0.602466977453193 96
1621394973669 0.6116070969644787 97
1621394973814 0.59741241295929 98
1621394973959 0.5980798663990117 99
