3.50703125,9.668046875,-0.7582703028125,3.5387838569942978,5.6509372920828564,3.236595172848712,0.8331923787769643,0.021913497339943456,1.1365536019649756
3.364296875,9.934999999999999,-0.797748031484375,4.1192408060363785,6.069141851407001,3.276093009993297,1.0533179124315484,-0.16755591088824934,1.2063304596120517
3.260859375,9.76484375,-0.36306739590625003,3.618684159017558,5.270617104579495,3.079071563329401,0.742503984832299,-0.028039052924162436,1.1946836137658086
3.430859375,9.879609375,-0.4654328083125,3.6443923163162073,5.3283993554502,2.8264575676596775,0.9143568622991303,0.004501123629525619,1.3842462594874125
3.268671875,9.888437499999998,-0.2848567951093749,3.315282173863031,5.125337403146621,3.4492576934286845,0.5084134233284858,-0.01374282664699788,1.4744485818720567
3.3000781249999998,9.939765625,-0.5848236747968749,3.1214979116838255,5.221361093031046,3.1488355010864058,0.7964327033883469,-0.05380364396863753,1.598385244288082
3.109765625,9.951875,-0.339551014609375,3.222156077662651,5.203724139678717,3.345538694629729,0.5793016570246077,0.011994379703693762,1.6105354575305235
3.055234375,9.729296875,-0.27219412071875004,3.4614953336771035,5.063865739172518,3.5810872090304766,0.8024062162638224,-0.08606661952485434,1.9859103833856055
3.3742968749999998,9.841093749999999,-0.24442140260937495,3.1613794169816494,5.2040749109434365,3.685729123059732,0.2857821127419181,-0.061708448815797304,1.3586536707665984
3.133359375,9.663671874999999,-0.516402693625,3.2730519677129495,5.353827321279982,3.2955362219911475,0.6477713084508024,0.06478346908717074,1.0885550128559593
3.5280468750000002,9.665078125,-0.594719712453125,3.270353110377033,5.4270942092796295,2.9914964317910746,0.7592324632319636,0.10302047916951072,1.0990700477465334
3.336015625,9.64484375,-0.6998517782031249,3.5904618304621843,5.68819253810786,3.204460900702157,1.073620337692622,0.043706313676813435,1.4958771069806673
2.95484375,9.9471875,-0.31709871403125,3.413328650391863,4.989935172659436,3.112522762104671,0.8700085980879501,-0.024287678346012028,1.347014694237241
2.85484375,9.980703125,-0.1127934994375,3.7323183111286125,4.925245105511525,3.382574678451558,0.5737721769804288,0.11492749296397475,1.9397930621540265
2.970390625,9.933281249999999,-0.31241673009374993,3.348486925637027,5.2407281384268005,3.4144366769260883,0.714820366426262,-0.09803697740723179,1.6674787638717734
3.2146874999999997,9.70375,-0.491290203484375,3.4476669959327206,5.361248397062012,3.3925775677949725,0.7122018085214107,0.055515862968827656,1.522803832084304
3.114609375,9.646484375,-0.63164363778125,3.4367017032922873,5.576389763693967,3.2304563312910823,0.6202756264899719,0.03670886585897641,1.2478426557659175
2.988203125,9.9375,-0.44106515500000004,3.5638866673184535,5.646079807043113,3.2441415935958227,0.5498045465259781,-0.02336076529356315,1.0313024715409107
2.6860937500000004,9.71796875,-0.47969161385937503,3.4510069260595433,5.563104090705426,3.3147323025358264,0.5683952383420611,0.05064907534131285,1.3338642149999982
2.9808593749999996,10.23140625,-0.4754352596875,3.3459859410530415,5.624219909015022,3.4697390739254805,0.528559036440943,-0.026788086879980504,1.264295750908322
2.9550781250000004,9.640390624999998,-0.69740436253125,3.2670303784777524,5.543036792107925,3.1193037226995246,0.6854501991941637,-0.03234231641739104,1.5105266588282453
3.046796875,9.875390625000001,-0.413186014484375,3.221190320943523,5.376371322501089,3.4248646890335164,0.686864898281608,-0.10988745222596753,1.4748874955270064
3.043984375,10.004609375,-0.41393088915625,3.62012179090785,5.62811273629199,3.409007852823144,0.7458253353970679,-0.04415246775164434,1.434970056635376
3.0197656250000002,9.728828125,-0.33742284126562505,3.4725302520378944,5.363154770791067,3.3400067618467286,0.7606102252978826,0.040152824195330394,1.2720634698846052
2.926875,9.6565625,-0.3081603722187499,3.5843343502490113,5.326128905790185,3.2535404990787757,0.5309025002979785,0.019803594329793728,1.4750798189990917
2.7834375,9.885390625,-0.09938597757812496,3.394227046927437,4.916244263654128,3.139661577711675,0.42695421433377884,-0.019313847677166457,1.5290066680328214
2.9616406250000002,9.7015625,-0.20409240374999996,3.4919576747291208,4.990009931963438,3.3997230930734905,0.6009906067213473,-0.02432601561459304,1.3378806523469084
2.8092187500000003,9.894609375,-0.06554792320312505,3.326213972318744,4.738398975119351,3.1160228270431167,-0.2637962108246964,0.291290608413817,0.9992417513279653
3.1175781249999996,9.799296875,-0.5847172759375001,3.2289785890079052,4.9535716570839305,3.075525955360724,0.4448389833980577,-0.07389643634960087,1.0805794990687094
2.8997656249999997,9.7821875,-0.522574410453125,3.0426154109282955,5.07669952108097,3.036860246657763,0.5838615750148742,0.006971684772324877,1.1136522597120653
3.0053125,9.669296875,-0.40690789834375,3.1772518927280142,4.990518851969726,3.1894960544673068,0.5602417804062255,0.054663842312558324,1.2777365671466816
2.9360156249999996,9.851484375,-0.1598262789375,3.1266081711666174,5.0687868509517005,3.1101128205563398,0.5584081936156391,0.13977636182941688,0.9798151830160987
2.92109375,9.919843749999998,-0.15961345651562497,3.4698016951565025,4.867393903629122,3.329523426652362,0.6172443296386053,0.014674508341804119,1.5729697069110127
2.7063281249999998,9.736015625,-0.04639431699999998,3.1575516798754037,5.042655293196815,3.66641949905745,0.639444763300243,0.026672078182173875,1.7276851553751513
2.96765625,9.74875,-0.36221611951562505,3.332354058220095,5.182138192869812,3.1175711208936217,0.683002811086017,0.0961875234302994,1.1619939954667808
2.501875,9.721406250000001,-0.12109340590625003,3.5439423999798585,5.1307541986983685,3.113965132591747,0.6966195812519431,0.14644669230006715,1.093566214807536
2.8755468750000004,10.054921875000002,-0.20834875226562488,3.222754501343181,4.899155060456495,3.3887597268123226,0.728406224859067,-0.002525468114426178,1.546909897423902
2.99703125,10.091484375,-0.12247673359375003,3.594352853647432,5.402296544330092,3.5656692819690017,0.6967650039993818,-0.14091697634808464,1.2277280211029076
2.8525,9.879687500000001,-0.29773227218750004,3.005433620960543,5.002401132440675,3.1621433593149146,0.43887211424646916,-0.0027381692776219193,1.3231979533278562
2.7628125,9.962109375,-0.30347837081249995,3.2079712576399038,4.967110681199595,3.284486987252527,0.5775076315067561,-0.002982031641451719,1.3925699457775864
2.755390625,10.007265625,-0.24548549968750005,3.4533477648380724,4.774126673219235,3.145085104749322,0.8446453039548079,-0.10942182068661568,1.751007525224949
2.662265625,9.870000000000001,-0.21100898050000005,3.0867195913612497,5.093949996073774,3.2104214226489245,0.1508560139084726,0.018492914115898224,1.337150532997011
2.985390625,9.710859375000002,-0.5782262993749999,3.259457370086639,5.396108410718284,3.077372084328913,0.8775117327681914,0.07034242385875607,1.2444312825361228
3.1577343749999995,9.952578124999999,-0.2398458085156251,3.7766451743833915,5.297796158264442,3.3004178140333247,1.013601402382527,-0.04122668434198404,1.359941722308256
2.990703125,9.861562500000002,-0.316566691328125,3.274832100561071,5.443857553113761,3.145852892467285,0.46173946819989375,0.005815921141483498,1.0859395700161867
3.1214062499999997,9.892890625,-0.407014286015625,3.5575471567445085,5.398270144271877,3.1194966946165894,0.6923446082583498,-0.08243280916203218,1.2619863046512338
2.933125,9.771875000000001,-0.43053067679687507,3.1774960046198326,5.172818947090165,2.95518153969832,0.4634637978295231,0.09949027667684349,1.0833055740835313
2.900859375,9.890859375,-0.49129019160937504,3.3482546823269894,4.976361470012464,3.387682573926596,0.33109732471285686,-0.16538840182514197,1.2078657404597377
2.947109375,9.927499999999998,-0.23558944973437504,3.5574646766394054,5.205165703414253,3.4401492178529303,0.7001333938520491,-0.022868448869141807,1.5139779498810964
3.0990624999999996,9.839765625,-0.4018002574999999,3.1890825575067434,5.159556434551168,3.1503491151200134,0.6176748410661472,0.13687958569026745,1.2994474998505778
1.1912500000000001,8.452578125,0.07704008242187496,6.25995007967316,5.51112046883585,4.830847709176345,-1.749744842375962,0.14496940682022488,0.31474408148191707
-4.95296875,0.35148437499999985,-1.2959547974687502,8.84175475366872,6.398321690324804,5.312571298310896,-0.4100013432888157,0.10486337996016652,0.38370043047320346
-0.2653906250000002,-6.873828125000001,-0.251763602421875,7.452171128933642,8.139236577481268,5.240409610213875,-0.5594951100772916,-0.06895860250673967,0.2592102164520643
3.7415624999999997,-5.9077343749999995,-1.453546445859375,5.203516304730268,9.124116927719271,5.710593414657388,0.4526638089903904,-0.40621626630930474,-0.14100105712038977
3.9078125000000004,-4.290390625,-1.3413914793906248,6.234414434399093,8.49760172070109,6.140337920853172,0.7348377483404928,-0.7337550037922586,-0.23169063897866407
3.6092187500000006,-5.09796875,-0.18430032000000007,7.090971329066875,9.013564895424198,6.422125294630618,0.6087478666180363,-0.22827807184914783,0.1585596072841941
5.03140625,-4.163203124999999,-0.8252015309375,6.575482721630475,7.801569046271412,5.802836509124997,0.6700405590574651,-0.7828929147052011,0.1998453570148102
7.165390625000001,3.06515625,-0.9444860060937498,8.355866193723552,6.989765284012471,5.49331719852149,0.3076957144199683,0.5983115429493358,0.13726612819983008
3.008984375,6.907109375,-0.1377996146093749,6.895901731264437,8.153987152800592,5.206194662390642,0.014365755664129856,0.31658067973340104,-0.06416087850650258
0.56171875,5.4222656250000005,-0.10672818296874986,6.620228601294554,8.101076048784714,5.649533799025216,-0.7473472275033085,0.6190185889057099,-0.0854018008908905
-1.9353125,5.766484374999999,-0.6041900395781248,7.911196272678598,7.362826137709002,6.226131086982485,-0.8598772267652502,0.6913773660943988,0.39986382947719773
-5.342109375,0.580390625,-1.089415007140625,8.528900652005925,6.476897092062071,5.6097805013368385,-0.5033218386355935,0.22710584631148142,0.5413973755910457
-4.974062499999999,-3.8382812499999996,-1.40278941978125,8.358600121796337,8.133869880530327,5.387634604026881,-0.3599573390659817,-0.6019855048253159,-0.041564338592042144
-4.14046875,-2.039140625,-0.4309563297656251,8.572932864852813,6.921278786663965,5.378881499925888,-0.725552686224384,-0.8697127615497234,-0.5478565724744366
-3.584921874999999,-1.6245312499999998,-0.37583648731249997,8.349349525196347,6.4473007747640745,5.81972551799465,-0.6785683479954818,-1.1844736369834656,0.10864942553871314
-5.679765625,-3.6720312500000003,-1.0880316849218752,8.324450757486547,7.777554881614365,5.175182047843439,-0.3504328090069421,-0.61483238631774,-0.2927024571272314
-4.858437499999999,-2.208515625,-0.7547588059843751,8.223451453531768,7.158860123328354,5.673585900276598,-0.5164564533467378,-0.8952235964553305,-0.12854835174515333
-4.335859375,-1.8634374999999999,-1.018865828671875,8.46665006504784,6.799867006684304,5.963401720564969,-0.6530966562917095,-0.8960830719854925,0.10102604651680654
-4.284140624999999,-2.58046875,-0.984176546796875,8.640503957320696,6.868767272427669,5.695862462762831,-0.7481785613996524,-0.8505664481765622,0.30211871594274403
-4.05421875,-1.621171875,-1.0240798896093748,8.332167204704215,6.983355168395703,5.98401665409495,-0.6437862009026069,-1.151761922816265,-0.011569164557097987
-4.132812499999999,-1.8224999999999998,-1.150068097109375,8.826271946005502,6.746193139467621,5.756546647521609,-0.6124137942212683,-1.107764312982393,-0.23383417252942107
-3.813359375,-4.539843749999999,-0.1952604473906251,7.775759838006161,8.446688051425003,5.288588238197785,-0.3584294446907538,-0.37645229038643063,-0.04309436456841658
-4.13671875,-1.9746093749999996,-0.3374227885937501,8.666369636179756,7.373524948076876,5.899701071625453,-0.6436349374373785,-0.8324665053129959,-0.1540081090520326
-2.6064062499999996,-2.271484375,-0.702724854734375,8.149048231846523,7.421013670003638,6.5722545384663915,-0.8745394594510761,-0.7537677815591676,-0.24937165557716245
-3.5848437499999997,-2.51609375,-1.0670691592968748,8.57877941350551,7.282576621032623,5.652549270393066,-0.8211581191244504,-1.0171121772025564,0.18087970391245714
-2.808515625,-2.3809375,-1.4365210666875,8.435891892110808,7.126182077107892,6.4920328722381475,-0.8296393127615909,-0.7114010407695593,0.120981593963826
-4.0421875,-2.172890625,-1.9874002848437504,8.92980419871252,7.222084852245722,6.465516782533687,-0.535854436742975,-0.4826399628807941,-0.18376037472262036
-3.841796875,-1.3290625,-0.5003349634375001,9.150781424418913,6.900035488756108,6.182804684922993,-0.5333653283325401,-0.2253097227161575,-0.08810839541721854
-3.5257031250000006,-2.360703125,-0.7184733750781251,8.825765696562268,6.811653294125094,6.764213990306318,-0.6051444026237256,-0.5362213671130226,0.008705827493599284
-4.038359375,-2.5132812500000004,-1.9851657105468754,8.429455310967585,6.598753801544534,6.4725714499013325,-0.6808708445993509,-0.6850075631427531,0.01999035157783371
-3.49015625,-1.7559375000000002,-0.6786764142968751,8.620151896897521,7.2556134989464365,6.188563768376238,-0.7675973878979103,-0.9066391714632611,0.20467712331594293
-3.8257031250000004,-1.2173437499999997,-1.4082162914843748,9.069104462713792,6.8796822106356,6.266054208568685,-0.534884796913772,-0.7165235530312309,0.13278696377581725
-4.982499999999999,-2.8125,-1.557082397109375,9.236290600803983,7.09828951667231,5.8970300629129975,-0.5344193382969745,-0.5565576204271174,0.20862104942643614
-3.2390624999999993,-2.111796875,-0.6884659874218749,8.437101419983865,7.546355332376699,6.159693506853199,-0.8200267901723135,-0.48624446702772073,0.11572689535356297
-3.07109375,-1.1974218749999999,-0.7126208009375,8.441142938975204,6.576691114042188,6.74220366373607,-0.7355763065021033,-0.6849274725684774,-0.1595884983228326
-3.9737500000000003,-1.70296875,-0.9705562207812501,8.726715984549973,6.598720917649377,6.956795985465192,-0.5074077056308862,-0.44329621349408077,-0.03248123913453153
-4.1484375,-2.060703125,-0.9105415388281249,8.71810064226112,6.242277251681892,6.046643015394595,-0.7300676247657377,-0.7612035442143881,0.18887957934600216
-4.70625,-1.237265625,-0.7607176990625,8.858331177484843,7.184071216374694,5.451462584956654,-0.603445988016258,-0.4443852067094343,-0.08157541284267195
-3.691015625,-1.0349218749999998,-0.3257178578906251,8.416534678818584,5.98374973836611,5.047703428416315,-0.7399939131588613,-0.7025967246922528,0.5185087795051575
-4.415078125,-2.04265625,-0.41584623957812483,7.847133532787401,6.988262870294443,5.1878960743567415,-0.6122486888359424,-0.8122582338858712,0.3436045938061069
-3.4351562500000004,-1.4169531249999998,-0.892877629296875,7.455638699205182,6.166177599234612,5.494391194957175,-0.921519228741963,-0.7527223304972723,0.6039343464014472
-4.171328125,-2.41390625,-1.4630168612499999,8.796876520523293,7.413634318180991,6.454128818787298,-0.6098283949227957,-0.5160225063425473,0.18794733601972302
-3.17625,-2.61796875,-1.0851586618750002,8.378135700291564,7.030257636568053,5.732722243956326,-0.8331709978122654,-0.5968791540301268,-0.06220433670169833
-3.4742968750000003,-2.5289062499999995,-1.2521143260937502,8.19524420811334,7.090743882253182,5.437370774020733,-0.8963546655715698,-0.6855069894408451,0.018936950973552778
-4.0854687499999995,-1.6306249999999998,-1.038551526953125,8.621289950191526,6.690884978601486,5.972208438464597,-0.6409887170161851,-0.4589340134737478,-0.10958345799208226
-5.216875,-1.692734375,-1.264564175,8.316435698926254,6.307545792893093,5.663735336754478,-0.38990808009266475,-0.48270012217835695,-0.005680356490080185
-4.2426562500000005,-0.8569531250000002,-0.396692654515625,8.559790582679925,7.449758339053874,5.214621310247302,-0.524386461446621,0.009646405436631889,0.41621598712667507
-4.273515625,-3.576015625,-1.2698846217187496,8.530159782889816,8.088957494232854,5.819678746287086,-0.6024694338984171,-0.5948207443258229,-0.03847743769861445
-3.580703125,5.500937500000001,-0.401693841484375,4.523851405259156,8.645320486170178,4.488068307219677,-0.8907480593838726,-0.47078961075986425,0.6292454704971601
-1.910390625,10.077031250000001,-0.23409972109375002,3.2922701614785668,5.235097354541121,3.445999593610744,0.07152623724805117,0.03544176219944681,1.1606732021628956
-1.4514843750000002,9.91359375,-0.3837107343281251,2.957997657264262,5.015178482363408,3.233465816495557,0.418127978658385,0.17376317984505057,1.473332155359313
-1.1018750000000002,9.858984375000002,-0.3150769339062499,3.0454134956315864,5.15620436947139,3.9330524242272307,0.25146866801466916,0.061137094498399144,1.5147202167562894
-1.0096093750000001,9.932734374999999,-0.26527755518750007,2.8374896482035155,5.037913400351713,3.448893755628557,0.23722589205148198,0.252895805778371,1.3771895239386571
-1.079296875,10.001953125,-0.29720024268750006,3.292071722238936,5.213632679481048,4.093736448695375,0.10116165090561872,0.05872566660970859,1.2552739395586188
-0.28070312500000005,10.045156249999998,-0.240271449421875,3.18597517047218,5.269038690841617,3.452108995600118,-0.0030287839799413925,0.05877803590719058,1.6260026913439056
0.557421875,10.368515625,-0.11641140539062489,3.0713932725265716,4.975280942105768,3.660495722745534,0.20479199341610463,0.14440569909061504,1.3298402908224258
0.6774218750000001,10.018437500000001,-0.5422601009375,3.1106895452650822,4.777801115167285,3.383989939141398,0.22530942603453272,0.20977692639017223,1.923537223440543
0.7217187500000001,10.138203125,-0.28411193554687497,2.9572942419377948,4.710524193493781,3.4960413948797364,0.49515650700438507,0.23446350507467414,1.5282830340721831
0.71390625,9.955625000000001,-0.5339602125,3.2055377460281043,4.991336517845196,3.3689606653151287,0.43764666928586005,0.29505953509868815,1.4509433255543993
0.598125,9.810156249999999,-0.33433697607812496,3.073249438196483,4.858727486501578,3.355319200125601,0.543720998516447,0.2116795241784641,1.0606073151091502
0.929453125,9.995000000000001,-0.5550291715625001,3.320780524918462,5.170054248990043,3.6874269122998626,0.45529659799591593,0.17047103023358445,1.5046897437397417
1.347421875,10.013984375,-0.4455343457031251,3.493345290981337,4.905609247943201,3.8631206910037945,0.4801613085508076,0.23778179334715624,1.5890289928847117
1.7770312499999998,9.824609375000001,-0.398288770546875,3.293263332019387,5.020579352516212,3.6122507316394867,0.48286912563028633,0.22850999936801053,1.5424376893259204
2.418359375,9.762578125000001,-0.4786275274687499,3.479490528741185,4.997724520671531,3.5636942265070504,0.3739429625597041,0.2910816040793975,1.4932246547069747
2.439609375,9.8571875,-0.48937484950000004,3.7653741933786753,4.928273648281287,3.5414337102639517,0.4763739299876104,0.2514953970603707,1.468259086057885
2.9678125,9.81265625,-0.30518092718749995,3.594434269094895,4.697119876247139,3.6376045371272254,0.30594766867250994,0.26688487076266565,1.4023773915537574
5.386640625,7.617812499999999,-0.4290409358125,4.618654477588642,4.8390170323985995,3.5309351892341923,0.6029694321871838,0.5156433155962388,1.4750528553464937
8.471015625,4.7840625,-0.25814814153125004,5.2323448435912425,4.577225455567351,3.877814681903347,-0.0071156688667158565,0.9303741665065077,0.7424367423263981
8.176015625,5.32625,-0.5973799549531249,4.9943682877322795,4.064899868077934,3.449358380706956,0.044642847083987004,1.2940189633301886,1.0233731585474208
8.797734375000001,5.746953124999999,-0.93671815296875,5.513637101378124,4.441564082370391,4.2666066086003225,-0.033136881887372995,0.8944747620116267,1.3076855150459374
8.191015625,4.3446875,-0.7831699668749998,5.679740013834776,4.768121835675316,3.9546006045512705,0.14848776437735395,0.9454630554191604,1.016737260729558
8.717734375,5.800859375,-0.44532152559374993,5.423924751569969,4.7206492911700835,3.905031087481594,0.18375032035414557,0.6247056209897238,0.8365745961380701
9.008203125,4.997421875,-0.648349840703125,5.559934722187863,4.562516651697995,4.338885280914228,0.004977453679705677,0.9679292742703122,1.0134640606364096
8.401171875,4.683671875,-0.40403483276562496,5.353125054158457,4.39407997891299,4.080576298664416,0.1762455059853741,1.0274020690551133,0.6929608717856489
8.819218750000001,4.7371875,-0.38094412273437495,5.330318442846397,4.057739313933776,3.886593067793796,0.002478198447202327,1.1696459718575478,0.862552747026549
9.280000000000001,4.824609375,-0.6244078245468749,5.307528409014878,3.991133121985799,4.243472136028001,0.07169726968040938,1.0470189586066267,0.8322241421758374
9.02734375,4.542343750000001,-0.4331908921875001,5.5347865084694945,3.7509160306964935,3.89924307663436,-0.07836833004180652,1.009067266580902,0.8498676627271344
8.127187500000002,4.373046875,-0.27815303335937497,5.51047297446814,4.3633689246730825,4.116890809351575,0.05715238057147151,1.1686592062424184,0.7378340078469882
8.9028125,4.37359375,-0.07789137903124997,5.571378158933725,4.239789524252464,3.935610292716788,-0.1515944272837125,1.1242979653944687,0.9687763379678245
9.405234375,4.6020312500000005,-0.42414612034375004,5.667502476406019,4.20784114766984,4.406025210400306,-0.06821477064861821,0.8684575290263632,1.1497937423203157
8.825625,4.694609375000001,-0.20973208678125,5.4841022724211665,4.789205293930519,4.400731148015833,-0.019154824627085388,0.9454123696508017,1.0656138307953253
9.405000000000001,4.42578125,-0.39828879096875,5.366414218311889,4.606597105201239,4.670683917064425,0.027736965420013946,0.9668428719879066,1.105605977704192
9.437734375000002,4.3871875,-0.41478215059374984,5.573297415865527,4.2413150115670195,4.711785857809929,-0.08010625487454551,0.9917590939080297,0.8830925531777374
9.62703125,4.440781250000001,0.08448873179687508,5.465441193217931,4.4847560568718166,4.496956323906084,-0.08970322891748482,0.9674298484308769,0.6448356809211494
9.51734375,4.032187499999999,-0.09598089473437496,5.625330613113858,4.037374985970928,3.9204518251265608,0.059183821406219875,0.8400686564928793,0.8356023798954305
9.40046875,4.204921875,-0.6645239822968749,5.200049257485302,3.773452496573461,3.786150308163931,0.0447660669193877,1.022721776088858,1.2248956860227045
9.229375000000001,4.0453125,-0.26091479725,5.51769281352043,4.120661532429441,4.301625363101127,-0.031444347628666824,1.1347930109582145,0.9014072346842298
9.79609375,4.11171875,0.07735929328124999,5.571040947723409,4.464093047125972,4.5954180090574805,-0.023913031684496617,0.8125571203924876,0.9950865755736439
9.52109375,4.12125,-0.3418920258593749,5.755039671123991,4.318334459024683,4.370083749051696,-0.13067363369177767,1.0273188966670697,0.9802671506103293
9.531953125,4.116875,-0.5994016837031251,5.466774937433654,4.1133351640578715,4.434157550789423,0.05183034774196376,0.9705623051034041,0.870840115507965
9.603515625,4.17234375,-0.3074155097187501,5.566973845513454,4.152471305660756,4.1804996435058985,0.04096119443220027,0.8372424227377101,0.9308637623240283
9.044921875,3.981953125,-0.245379083875,5.327248497714039,4.213192646800373,4.156743406975388,0.058663885472484766,1.18925041863875,0.9656965092337847
9.432421875,4.20390625,-0.38062487114062515,5.527162860887264,4.354236664297307,3.5258599555516144,-0.15054272936772595,1.066433454932987,1.1175570812101476
9.316328125,3.5523437500000004,0.08672331982812502,4.885494133000671,3.782121074124404,3.7380744369846015,-0.22041256165722176,1.063342233335012,1.4423623195271718
8.74,4.20453125,0.26048914635937503,4.666120243307066,3.0716203122738714,3.6180270531989387,-0.2629182342893965,0.19438011198473226,1.2907113133018469
-3.446953125,0.8340624999999999,-0.4405331371875001,8.590512531875076,6.602299012169453,5.976933790894251,-0.8364339726486232,0.3312961396366824,0.45131162353932835
-3.617578125,-2.70828125,-1.0616422704687503,9.107968673270209,8.027156944298426,6.553445508408778,-0.6817722239658992,-0.450235477800296,-0.24328809692621178
-3.505859375,-2.6386718749999996,-0.8215836317968751,8.421117384971819,7.0697101880016255,5.786669772386638,-0.5205906714071493,-0.4444441865435562,0.06634690089069738
-1.68046875,-1.0029687500000002,0.13620351643749998,7.03921092206175,6.062956085856423,5.967986080395007,-1.3146633538831,-0.1384720988148686,0.05650039743260809
-3.2192187499999996,-2.56828125,-0.491183817265625,8.14303350736987,7.1073250186619745,6.516321321254072,-0.8398754778496836,-0.18310844480165336,-0.09382506749913803
-2.8724218749999997,-2.6267187499999998,-0.411483476875,8.593260053860321,8.208936642214901,5.987103319940513,-0.662916475877611,-0.5298990637006192,0.11990305651383526
-2.9002343749999997,-2.041328125,-0.648988318515625,8.098448391594426,7.614611916725237,6.400474635940297,-0.8554258195097755,-0.42205867116470686,-0.028190834650347787
-2.746171875,-1.8782812500000001,-0.4009489721875,8.223233484415298,7.734721442682887,6.492730866987963,-0.8898585582591554,-0.4467002375073074,0.07864562513207023
-4.35421875,-2.8259374999999998,-0.8850033741406251,9.382050066597834,8.455146402256661,7.45749453668036,-0.4196823997979447,-0.037605558893350724,-0.05980166371854403
-3.4567968749999998,-3.0627343750000002,-0.6184489097656249,8.655455733740439,7.44690924927539,7.119953976570905,-0.6923521857881068,-0.5114776332730648,0.023778498791256555
-2.285390625,-1.938046875,-0.021601010468750043,8.269405388080337,7.7850165641476154,6.594291640675913,-0.7981329708600542,-0.5035863338604757,-0.10148704053265975
-2.2803124999999995,-1.597578125,-0.28198373273437505,8.382781267416187,7.296059161682523,6.627931656258358,-0.738666117280004,-0.3052166649359296,-0.030040020561647906
-3.48421875,-2.353359375,-0.4628790139375,9.19026783217706,8.025591516103322,6.9162248783296185,-0.6485716614750094,-0.5809855674875647,-0.31623662615861636
-3.6659375,-2.379921875,-0.6942121429375001,8.678592595207691,7.40418098695909,7.415548204581625,-0.5267251628122103,-0.3214808586033884,0.08908471212725762
-2.671796875,-2.8464062500000002,-1.1266581271875,9.061282541808872,8.7038048194431,7.4544171200721685,-0.4885651307867148,-0.3241048163539494,0.12537040967988522
-2.733828125,-1.50359375,0.3214614953124999,8.59797270082948,7.470873519707113,7.350312254784074,-0.49761558697691466,-0.27867724918032066,0.08938016867017695
-1.5032812500000001,-1.9625000000000001,-0.9325681394531251,8.640856720163715,7.031319444101512,6.443365846480182,-0.7852848848843665,-0.23691685821467148,0.0036024085746464885
-3.28578125,-2.039140625,-1.08334968653125,9.026867674595016,8.050612362902875,6.96309694034097,-0.48043039558223594,-0.3892895909794961,0.2312437667393134
-2.1893749999999996,-1.0789062499999997,0.3973311044531251,8.979135080667568,7.408142820822972,7.1046796492234,-0.4848553713239292,-0.28658468712905555,-0.09554251439840691
-2.7115625,-1.066015625,-0.1915361477343751,8.299426320300324,7.0651625887877385,7.225691544655031,-0.4377368879072125,-0.44964668058322393,-0.2913578175307041
-3.06453125,-1.9417968750000003,-0.932781008640625,8.8010441372188,7.615404354989315,7.246132182107394,-0.4937777817099418,-0.42633463002794403,0.26102849554010055
-3.7239062499999998,-2.919296875,-1.3938510487499998,8.998482097204558,7.9340542898549185,7.13003860978517,-0.4051113786098821,-0.2143805037349739,0.08908984961099958
-2.6364062500000003,-2.7790625,-0.8627638674218748,8.895489880268594,7.4192374984626115,7.5180603197677724,-0.5523853360986378,-0.02506486225112748,0.15102324596848482
-3.53265625,-2.36703125,-0.70080945171875,9.935318587963646,8.909577304733567,7.652031270878724,-0.29648224401924433,-0.13783809347158152,0.0930899655361099
-1.0223437499999999,-1.8432031249999998,-0.8995813961250001,9.551642895692654,7.971137184946715,7.80353318110068,-0.4032554156982989,0.0968858080058107,-0.23839075978680863
-2.4775781250000004,-2.7306250000000003,-0.60770157078125,9.618156312582547,7.78733915865201,7.859381838624072,-0.20907750606583533,-0.22016290525914398,0.03290779119861958
-3.263359375,-2.38984375,-0.25623277729687505,9.644986657370222,8.036321840592619,7.899910413807157,-0.2565551360745887,-0.2126120706291246,-0.11818350026449403
-3.2385937500000006,-2.7365625000000002,-1.7785194151562502,9.412666809143992,8.209178022712976,7.842074223777446,-0.17571652348699693,-0.06024086424856214,0.10882713746683575
-4.199140625,-3.1693750000000005,-1.44514016753125,9.155873202771247,8.72121181642064,8.280867670907222,-0.0946221704457619,-0.08322264245277868,0.2078771867430734
-2.6486718750000002,-3.26921875,-0.5205526556718747,10.999527644055174,8.598837095191909,7.711655676662492,0.12571251221570634,-0.1364109755916097,0.0638970082509071
-2.5492968750000005,-1.698359375,-0.4024386998437499,9.055285419955863,6.531747681677516,6.457316161798133,-0.6182355454019552,-0.6667887087824258,-0.14716797893810904
-3.9533593749999993,-2.20828125,-0.86659464984375,9.047208502259114,7.0168776564721735,7.047735962848378,-0.3460264589655988,-0.21913657782627627,-0.10979574799773191
-4.825078125,-1.2328906250000002,-1.1999738843749999,9.243077730463835,6.754713418275946,6.949080525049876,-0.28715768758848426,-0.6862487973115388,0.19807722053810345
-4.329140625,-1.1809375000000002,-0.76827270121875,8.980029233957126,6.897307381949404,6.57012201511925,-0.38657582816419844,-0.5393506070501003,0.1981272539369816
-4.295625,-1.28671875,-1.3206416785937503,8.947026893576156,6.3361575389504345,6.8932615790123375,-0.3417160769005601,-0.41364210670237406,0.4016810113684853
-3.8296875000000012,-2.0953906250000003,-0.411164228484375,8.171536435386171,6.67105945277151,5.672196622801739,-0.7300159112313422,-1.0865072426003417,0.12296680613761166
-4.5739062499999985,-2.8175781250000003,-0.45340860773437497,8.515086816422421,7.376728372271239,6.382017538720518,-0.6461267527751967,-0.8700731913757208,-0.22447799762777423
-4.932500000000001,-2.2867968749999994,-0.2686826989531249,8.503928320194143,7.226351618122401,5.703416355621428,-0.509826746960133,-0.8992214048667063,-0.07713885285312609
-4.362734375,-1.7237499999999994,-0.958106339421875,8.667665101077876,6.85527819001534,6.379512003593802,-0.4366248734199317,-0.7871981649760827,-0.16661299379272085
-4.489531249999999,-1.9414843749999995,-0.51161434421875,9.166114725186098,6.17848157036831,6.222812105420044,-0.3886358553260707,-0.8810173619415028,-0.044133027900057444
-5.214453125,-2.0113281249999995,-0.7927468077031251,8.70346481011601,7.049551334470442,5.964166591652963,-0.32953771423651945,-0.9050129170903772,0.09624065465239406
-4.474296874999999,-1.6096875000000002,-0.17546838671874998,8.132274693658301,5.988527174092453,5.705369120793006,-0.6845883585862711,-1.0646559034678118,-0.3907301852505459
-4.7153125,-1.9778125000000002,-0.8240310409375002,8.538763901458088,6.986216221234764,5.898373007042478,-0.5988448061279161,-0.931956678294034,0.1685806949501966
-4.4603125,-3.6646875,-0.9710882386874999,8.396673628726065,7.113788870204383,5.641620055386268,-0.5684049636778988,-1.1078255450377208,-0.40297867242989377
-4.491328125,-1.7440624999999998,-0.7472037502812499,8.602568599978381,5.915349529706064,6.186196884694238,-0.4743627454786668,-1.2108568671586952,-0.6961223338850893
-5.19296875,-2.2388281249999995,-0.4487265946875001,8.609172103723067,6.677157378552566,5.136718733120278,-0.5062810898829126,-0.9932556241675434,-0.03130593704677374
-4.392734375,2.5500781249999998,0.9243747190625,6.818331416442248,7.863628346707802,4.7578939072419,0.19042026553284813,0.007607740443404205,0.4670361240523319
-5.171171875000001,0.19210937500000008,0.1900463910625,7.369856640936714,5.948526426291397,4.992857203407943,-0.7721190854656746,0.11463439857912934,0.9224519295946633
4.125703125,-1.31921875,0.11747551043749999,7.518268966698067,7.389360024870113,4.494329088072837,0.22792873704196814,-0.18491287887449717,1.3904965946225643
1.4480468750000002,5.661796875,0.10215263312500003,7.723420556434354,7.114165713735535,5.887046699665638,0.5641424140432044,0.6569917926964954,0.6736445566987362
-5.3188281250000005,2.776484375,0.8346719724687501,7.8612176638202165,6.654185547204922,4.891025466052076,-0.5707487997065976,0.8779467239333069,0.8376605021717285
2.2116406250000002,-3.8189843750000003,-0.46192129456249986,8.05339085973105,7.56546923526597,4.120591406755719,-0.07387798848782734,-0.7731686367062508,0.14476842020260164
5.932890625000001,3.1847656250000003,1.1919932324531248,6.404143330730279,5.9584422729492275,3.640701981269487,0.913926517162775,0.8724665955167494,0.7923542656844302
-2.4270312499999998,8.501953125,1.19699446309375,6.08319012722958,4.6347911661748835,4.007691713902573,1.03590801324384,0.5021971524094485,0.2538506598485074
-3.7664062499999997,8.982500000000002,1.123040246375,3.77692991528317,5.0182892067416764,4.476305064942538,-0.5005637090363182,0.3876959484824938,0.7711386160938932
-2.4886718750000005,8.728515625,0.8506332873437501,4.330209357506169,5.965460099848197,4.270859324115639,-0.9476573091055521,0.12752298856532635,0.6401594302752824
-1.991640625,9.284453125,0.7628459045625001,3.4345732489058385,5.232917865629819,4.750249911652806,-0.05248890902463503,0.32661426115882264,0.5843943712551768
-2.679765625,9.334765625,0.41233474779687507,4.431587516208876,5.4824923000464265,4.491511256823763,-0.18912613120925506,0.2138154894071468,1.1501274039255818
-1.11078125,9.017578125,1.268820546734375,4.329837000644301,5.756724837376847,5.763438936669236,0.05677752456037964,0.16988081773772407,0.3338137870448109
-4.912109375,1.8416406250000004,0.5185308986250001,7.846754469638203,7.02442399521837,5.138069404465519,-0.7330826225435931,0.3832973152704619,1.1456573876408227
-4.91125,-2.20109375,0.00042566445312497425,7.911820665940299,6.267590525170813,5.551018102625558,-0.6856493008180177,-1.2241784906993998,0.6147689775264171
3.99984375,-1.722421875,-0.1699351225312501,7.247007678213535,6.833497885656473,5.006368609743646,0.6925833907063317,-0.8439176789369182,0.5333927055947426
7.009921875,2.99046875,0.38775425503125,7.1078216705363735,6.051597394925858,3.875926060672346,0.6273229048366112,0.7202943460494979,0.9279022020443262
6.975390624999999,3.7975,0.6460088569531249,6.826001861259058,6.288106581078282,3.7569852515774484,0.6133920510695062,0.749218412379904,1.4344266535283214
-5.1415625,0.350078125,0.352426495,7.063695411828978,6.559220668276566,3.437391426308084,-0.5678018256793503,0.7554488983437125,1.1159374148985532
-1.333984375,7.45109375,1.658277335390625,5.413963765671678,5.066240012692938,4.199578065583549,0.7093870483369612,0.5274910581171347,0.21466449450527167
-1.568359375,8.76328125,1.51430600515625,4.018968068994777,5.268734446800146,3.9091712474561944,-0.33385541615421294,0.2775860719619249,0.6043853286342922
-0.8241406250000001,9.319062500000001,1.01790816084375,3.38742931829944,4.616574155539338,3.6157844351248847,0.9035865890091461,0.503839115045727,0.9030351712023765
-1.505625,9.371328125,0.7581638588906251,3.23939465554523,4.980980446140497,3.983363832811023,-0.11989987621014114,0.47724046367855877,1.4649597954775802
-1.5356249999999996,9.4890625,0.8719150721093749,2.607662911377734,5.016946817646541,3.8874097090713806,-0.17322888598121047,0.47584853846710656,1.068264810042868
-0.9483593750000001,9.573515624999999,0.8782996122187501,2.415191108297563,4.736345932956213,3.618207688627645,0.01187013703786114,0.3630866202053376,0.48153379557545095
-0.81046875,9.309140624999998,0.546410035125,3.887638031989789,5.25687288630081,4.5932580020583815,-0.12562211577858565,0.30682998890259283,1.0598397548628262
0.10234375000000001,6.8909375,2.66224592296875,3.78290634887198,6.204453218946352,5.750385852847744,-0.4734658745190084,0.4595197861177311,-0.07318556246986369
3.2780468750000002,4.3753125,2.8458014082031253,7.699859582586733,6.071932602338711,5.756770477925722,0.23238778051348988,1.0499470776996143,-0.5831561702411086
-5.9221875,-0.39648437499999983,0.3614712508593749,8.095388245158087,5.581012675503511,4.698940333822232,-0.4281036106149114,-0.20918085195598315,0.09149267905178841
-5.2453125,-1.9584374999999998,-0.12481770926562491,8.397500273286315,6.532205365234145,5.455577440979672,-0.5402508142483713,-0.770959466114115,-0.42044400876457677
0.9153125000000001,-4.47140625,0.134500920984375,7.164639398800455,7.026466676784352,4.4946421903784906,-0.09964090859571943,-0.7717718166442729,0.6619291589004781
5.863359375,2.175078125,0.40765275993750005,6.658885660968328,6.530869486055933,3.8143449515594687,0.8774724035131971,0.6255619781809212,1.1892442135177683
6.735859375,4.53203125,0.4574521485625,7.208737810738757,6.761600258927131,4.228490652741406,0.6290182923355333,0.6564214165572569,0.4889741949842279
-4.57828125,3.6875,0.28145173828125003,6.416339020103164,6.268929209801304,3.874925444919662,-0.6519057866249651,1.1803953430794856,0.5873149735178408
-2.021640625,9.73421875,1.346499062328125,2.681623160904531,4.754448346248851,3.7478959354902655,-0.6281368784039066,0.491662332185318,0.6085190392849814
-1.5357812499999999,9.572109374999998,0.7673150721093751,2.868892863919536,4.738757031837263,3.636746959215367,-1.1312682411400545,0.3757245234368674,0.7816816483821386
-3.365390625,9.018671875,0.94363470328125,3.8502591029581517,4.90080308646797,3.4403403062609095,-0.7916746773076054,0.4109713846553702,0.532963301997189
-3.2130468750000003,9.385546875,1.020036359484375,4.026135429640033,4.772271112995126,3.9391867995860554,-0.6608235229773041,0.4001441096356697,1.038912933271834
-4.7574218749999995,8.446796875,1.329048010109375,4.670529153321012,4.865075464084831,4.711039514184786,-0.03040534169711244,0.32873632646535506,0.7991798221727934
-5.623046875,8.06390625,0.91117999453125,4.9389525645933,5.246705846644248,4.140295151145891,-0.5085648441311196,0.4961710058980429,0.9803993836773732
-6.485390625000001,6.1678125,1.3077662089375002,6.07402678705915,5.383425073997385,4.451857519613047,-0.5186592333127583,0.5053940993486133,0.21731112286438115
-5.482734375,-1.317734375,0.518743715421875,7.1556234130537755,5.169284315617913,4.059478106300613,-0.6720349913665259,-1.4673444319571722,-0.02254230276304063
-5.152421875,-2.2978125,0.48309670539062494,7.3318599219960205,6.413408310122142,4.152255016018597,-0.7830296635507726,-1.005767457362864,-0.12801160354738264
-5.31421875,-2.768046875,0.9487423455781249,6.797887724480924,6.04494107428292,2.5256625402828363,-0.8566228645302552,-1.0522330994049645,0.9173094208375865
-6.33046875,-3.629375,0.937143764421875,7.291182052162286,7.211121591637116,3.2486117772573144,-0.48876086604788754,-0.5820114532921844,-0.008926475588311484
-7.546171874999999,-2.762890625,0.912456902890625,7.586606323100533,5.156196083406556,2.3743679378532505,-0.2318664526906552,-0.7450580917132914,0.8573053726175682
-7.229218749999999,-2.620859375,1.4407773996406248,6.154202147894432,5.78030438581954,2.6211235295458146,-0.24651899042548475,-0.36790937407374313,0.9021499412484089
-0.08601562499999993,6.930781249999999,1.188268931515625,6.873644677753271,5.925628475288375,3.7812776653385223,-0.8417478214312776,0.0006709801564991577,0.1524270118542207
-0.88171875,9.6540625,1.09154316925,3.6533679045366396,4.488558969323424,4.123891234143419,0.31226682915111525,0.37055414579639073,0.7916697087220477
-1.8717187499999999,9.007265624999999,1.17326527653125,3.294038438360797,5.271824831540153,4.416643758858979,-0.8658907138782211,0.38021266978338963,1.171962062499763
-1.7755468749999999,9.084218750000002,1.24349519184375,2.8601537351037156,5.171397237657192,3.804988237511352,-0.916519153751764,0.4681647354603612,0.3014016434046053
-1.423203125,8.905859375,1.0860099173125,3.1800164439417973,5.335154421286662,4.441883522921785,-0.8782150688699877,0.5995807870088264,1.1224552645142194
-1.31921875,9.251640625,0.843397476609375,3.5003065958067783,5.062527743341226,4.681582700384196,-0.2146845996648306,0.3686448950451682,0.35492111132620424
3.1235156249999996,9.32328125,1.24370799734375,0.26220396951773894,0.16185018813222776,0.19718473712785425,-1.738873768068566,0.24580119765971792,-0.47304457286512863
3.1439843749999996,9.297578125000001,1.2232774828124997,0.06892409597419012,0.05738774495904487,0.058428497009558246,-0.21048189448541796,-0.1689981762042088,0.025514452534216157
3.155078125,9.304921875000002,1.2163609023437498,0.1255612157335392,0.07348465075432002,0.0754047615373634,0.44979945534546883,-0.3383223683151228,0.612797156569991
3.14796875,9.3065625,1.2003995596875,0.11137183900536748,0.07280579368257736,0.07688582301029002,0.6488671628750942,0.325603462987618,-0.1412616594563415
3.1657031250000003,9.3059375,1.1785857206249999,0.13314514867329702,0.08560846099393453,0.07201048938129494,-0.2365324359089072,0.0765989196325494,-0.037503778446063514
3.206640625,9.29609375,1.1455989445312498,0.1339675645430989,0.08105008458316082,0.05564568311481727,0.21988036703421404,-0.23496007905306027,-0.2134608083811691
3.263359375,9.302734375000002,1.12091206203125,0.17089048642218024,0.07668640324959432,0.13273680832295567,0.9835745284209135,-0.3128352422393664,-0.05807613346999062
3.1771875,9.302656250000002,1.1437899980468749,0.13385473411034066,0.09412827330795735,0.10677900091680627,-0.8682651093037065,0.6052825777033393,0.31575873336758886
3.2964062499999995,9.292890625,1.0873932477343748,0.20031902046719752,0.10488201960826928,0.10591101914477306,0.7834618842726179,-0.6621092206261395,1.465294989423928
3.2511718749999994,9.293281250000001,1.12378510703125,0.24579469676741275,0.12148887150038686,0.08654542223249018,-0.43809190361948924,-0.5407975605974519,0.17665859101907838
3.2735156249999995,9.287578125,1.0945226484374997,0.056258191677829215,0.038643929296648664,0.04081610243316965,-0.20311741040995318,0.01754989945824157,-0.1530531710755001
3.28109375,9.295390625000001,1.0769651694531248,0.11058957324692732,0.06259870136120549,0.06530276875207262,0.1927033556375331,0.3419120638749674,-0.14628755804096477
3.2795312500000002,9.296015625,1.0809023145312497,0.10695252579269693,0.04605261671023028,0.07062444566856559,-0.24153096193635307,0.09630500769418364,0.9973641569446806
3.188671875,9.291875000000001,1.1166557040625,0.1476449028378033,0.07792975603067165,0.08347645510513355,-1.3529808432705626,-0.6630951184418548,0.33540361444896294
3.20015625,9.28921875,1.112718573125,0.10668282704323832,0.06123225986714452,0.056532597631328174,0.1484611841864851,-0.23626748978603074,0.31665912785479583
3.2199999999999998,9.295390625,1.1052699492187499,0.04763139720814408,0.03450322321333736,0.048427990199964036,0.15008504368115727,-0.49933807048131035,-0.02502969514308492
1.64234375,9.678671875,-0.5515176696874999,1.3729311050944752,0.38034805420033935,1.340390533296412,-0.11790659335535271,0.5219578533405167,0.32596567102603663
0.8065625000000001,9.90390625,-1.377889708171875,0.9840100017752614,0.26540427410073386,0.5636158859131133,-2.4282574217206823,0.018507373359951028,1.1301157687328554
0.791640625,9.903749999999999,-1.35980018359375,0.7588877318810796,0.23646815324690124,0.42715786205666156,-0.7678320141743202,-0.12118159181666678,0.9130255130290844
0.71421875,9.928046875,-1.24285673596875,0.5334902901163595,0.2667485314912424,0.49092627574711,0.6126734504888289,0.3456874368200732,1.5516032592867768
0.7731250000000001,9.916640625,-1.33617739625,0.40711398511350605,0.19474854517969922,0.3166403114145478,-0.41313027704806304,0.19033067275744428,0.4285688444199634
0.7367187500000001,9.933671875000002,-1.2582860337499997,0.3840778513510477,0.1851640788165576,0.31246250944058485,-0.30922119740731013,0.17936825596134617,0.11963158254838172
0.732734375,9.908046875,-1.292230494453125,0.478756062043458,0.18827364805711494,0.2798393157918403,-2.3242002733160927,0.1696942538445969,0.7096375613320723
0.54015625,9.931015625,-1.17741521859375,0.2570049378629475,0.11766504262464428,0.2758950965828781,-1.0580834406170203,0.301729435608338,1.8237298424032695
0.22015625,9.94203125,-1.164646151171875,0.25497850514491904,0.1180198564794817,0.2686891743973939,0.17511040917586337,-0.2740472152006006,0.11189547633070593
0.47914062500000004,9.943828125,-1.1948662917187498,0.27108009466688876,0.11562412900854366,0.26427683475582137,0.3918261986900781,-0.126921421309039,-0.19079506175229483
0.420859375,9.948671875,-1.1081429845312498,0.47770778748583254,0.15342634172131053,0.26394768984825673,0.2841014517477082,-0.18718213011455087,0.20183365022960706
0.425,9.9434375,-1.071006258046875,0.40848041568721505,0.18743097687882335,0.33883982514625544,0.8593286758221242,-0.12419908347020031,-0.0547839308677486
0.6246875000000001,9.915859375,-1.2555193990625,0.3876591155174221,0.18082505073857819,0.3257354678655647,-0.2701684052396709,0.2602660237573356,0.7005578216289575
0.6446666666666668,9.942666666666668,-0.8154048206666666,0.34786715216524194,0.1536865496898008,0.23679393545242,0.18159001350580248,-0.4166130601775882,-1.0353356929495956
