1616551787872 0.5866666436195374 0
1616551787878 0.6091954112052917 0
1616551787884 0.5862069129943848 0
1616551787888 0.5584415793418884 0
1616551787895 0.5301204919815063 0
1616551787900 0.49425286054611206 0
1616551787905 0.5657894611358643 0
1616551787911 0.529411792755127 0
1616551787917 0.6470588445663452 0
1616551787922 0.54666668176651 0
1616551795531 0.9466666579246521 100
1616551795536 0.9425287246704102 100
1616551795548 0.954023003578186 100
1616551795553 0.948051929473877 100
1616551795564 0.9518072009086609 100
1616551795569 0.9425287246704102 100
1616551795576 0.9736841917037964 100
1616551795582 0.9764705896377563 100
1616551795587 1.0 100
1616551795594 0.9466666579246521 100
1616551802796 0.9466666579246521 200
1616551802803 0.954023003578186 200
1616551802809 0.9425287246704102 200
1616551802813 0.9740259647369385 200
1616551802818 0.9638554453849792 200
1616551802824 0.9425287246704102 200
1616551802829 0.9868420958518982 200
1616551802834 0.9764705896377563 200
1616551802839 1.0 200
1616551802844 0.9466666579246521 200
1616551810086 0.9466666579246521 300
1616551810091 0.954023003578186 300
1616551810097 0.9425287246704102 300
1616551810101 0.9610389471054077 300
1616551810108 0.9518072009086609 300
1616551810114 0.931034505367279 300
1616551810119 1.0 300
1616551810125 0.9647058844566345 300
1616551810131 0.9852941036224365 300
1616551810136 0.9333333373069763 300
1616551817100 0.9466666579246521 400
1616551817105 0.931034505367279 400
1616551817111 0.954023003578186 400
1616551817116 0.948051929473877 400
1616551817122 0.9638554453849792 400
1616551817128 0.931034505367279 400
1616551817133 1.0 400
1616551817139 0.9529411792755127 400
1616551817144 0.9852941036224365 400
1616551817150 0.9466666579246521 400
1616551824096 0.9466666579246521 500
1616551824101 0.9425287246704102 500
1616551824108 0.9425287246704102 500
1616551824112 0.948051929473877 500
1616551824117 0.9397590160369873 500
1616551824138 0.9425287246704102 500
1616551824144 1.0 500
1616551824151 0.9411764740943909 500
1616551824158 0.9852941036224365 500
1616551824163 0.9466666579246521 500
1616551831063 0.9466666579246521 600
1616551831069 0.931034505367279 600
1616551831074 0.9080459475517273 600
1616551831079 0.9740259647369385 600
1616551831084 0.9518072009086609 600
1616551831090 0.931034505367279 600
1616551831095 0.9736841917037964 600
1616551831100 0.9529411792755127 600
1616551831105 1.0 600
1616551831110 0.9599999785423279 600
1616551837829 0.9333333373069763 700
1616551837834 0.9655172228813171 700
1616551837840 0.9195402264595032 700
1616551837844 0.9870129823684692 700
1616551837849 0.9277108311653137 700
1616551837855 0.9425287246704102 700
1616551837860 0.9736841917037964 700
1616551837864 0.9647058844566345 700
1616551837870 0.970588207244873 700
1616551837875 0.9599999785423279 700
1616551844719 0.9466666579246521 800
1616551844724 0.954023003578186 800
1616551844730 0.8965517282485962 800
1616551844734 0.9740259647369385 800
1616551844739 0.9156626462936401 800
1616551844744 0.9425287246704102 800
1616551844750 0.9868420958518982 800
1616551844755 0.9647058844566345 800
1616551844760 0.970588207244873 800
1616551844765 0.9466666579246521 800
1616551851705 0.9333333373069763 900
1616551851710 0.9425287246704102 900
1616551851715 0.8850574493408203 900
1616551851720 0.9740259647369385 900
1616551851725 0.9518072009086609 900
1616551851730 0.9425287246704102 900
1616551851735 0.9736841917037964 900
1616551851740 0.9529411792755127 900
1616551851745 0.970588207244873 900
1616551851750 0.9466666579246521 900
1616551858422 0.9466666579246521 999
1616551858427 0.954023003578186 999
1616551858433 0.9080459475517273 999
1616551858438 0.9740259647369385 999
1616551858443 0.9518072009086609 999
1616551858448 0.954023003578186 999
1616551858453 0.9868420958518982 999
1616551858459 0.9647058844566345 999
1616551858464 1.0 999
1616551858469 0.9466666579246521 999
