4.8440625,8.56890625,0.8478125000000001,2.3354808918280088,3.1836688334704255,2.354139617746524,0.006398006356994254,0.6141863665009475,0.9586565655971322
3.8137499999999998,9.5634375,1.1740625,2.732659247418163,3.8123763171536136,2.771549498221843,0.683270159619518,0.44681385765286025,1.4292599871172975
4.031874999999999,9.06953125,1.3184375,2.670769361883388,3.425227834432833,2.7758789254205145,0.3114642195671205,0.542325246930117,1.5164942952016214
3.8884375,8.92921875,1.2890625,2.819416616712356,3.7278455174736567,2.809678428413784,0.29419363738946963,0.7208516540467999,1.4330250413263972
3.98515625,9.095937499999998,1.3292187500000001,2.6481561935780786,3.2944099048378526,2.638146428299316,0.4373440670122722,0.686302605377262,1.4591664719657134
4.10578125,9.16015625,1.38140625,2.511276944036328,3.1037424447086353,2.6323099807889148,0.2825011980146313,0.71451352146205,1.5016081082906951
4.059375,9.034531249999999,1.413125,2.5866555838331085,3.495375931895371,2.682627487068415,0.19861423469954914,0.6057224469923865,1.3493922496726267
3.999375,8.98453125,1.4856249999999998,2.6379572322869453,3.293327501217186,2.7028976783028615,0.0660346449820597,0.5205000837556171,1.2189504933679833
3.9617187499999997,9.11859375,1.3153124999999999,2.584377678165178,3.441989280918948,2.771483114208663,0.20495343177855105,0.5938907195348764,1.446916030730487
4.08140625,8.84296875,1.42140625,2.69883647799583,3.3505954133591596,2.6338641213929272,0.13850511971747412,0.4644742087482093,1.4340803282572305
3.8171875,8.99515625,1.52625,2.3185383789887433,3.100948943563234,2.5854052511163506,-0.20802647340205585,0.4430040474349248,1.2519441157369853
3.9050000000000002,8.99265625,1.3934375,2.643779846167226,3.231585931371149,2.521502663808577,0.24773119725115983,0.6647275933320683,1.4940239041614132
3.99515625,9.04203125,1.3509375000000001,2.587733076572222,3.5556421623278456,2.71967180852649,0.10421984307679776,0.6433324501688884,1.3452532035419456
3.83828125,9.020781250000002,1.3528125,2.508456668630821,3.404936354346207,2.647640145458546,0.12088265074753238,0.7340133125566067,1.4701931249491051
3.84953125,9.13703125,1.4664062500000001,2.9056499002415,3.5147895917143375,2.777163214948113,0.23428107477218987,0.5995917039891204,1.3852390020392755
3.8635937500000006,9.1125,1.42296875,2.5181512111985924,3.1282742846496054,2.6600144969573827,-0.01871688098504744,0.3244786741249489,1.1749799108308006
4.0678125,8.925625,1.453125,2.648486872696134,3.817621918076094,2.7333375174637693,0.1146258128974199,0.6522358020589795,1.189087393367113
3.8676562499999996,9.06640625,1.3970312500000002,2.5745289266846347,3.3564496529012526,2.552256158582723,0.23694692623115968,0.8811606293936509,1.3747770322809336
3.7865624999999996,9.092656250000001,1.4876562500000001,2.586047429687582,3.0055954288353477,2.614709437841218,0.06254880454793309,0.7792279471527885,1.2551314296449414
4.02203125,9.036249999999999,1.44296875,2.7255212687710655,3.3744608365633764,2.586953251224969,0.31701046285030093,0.7612069263208666,1.4442067825615612
3.8912500000000003,8.988125,1.1534375,2.72052700547155,3.152287797675682,2.3171326696142693,0.3558893378105689,0.9795364997270348,1.1114307254001938
4.20796875,9.1196875,1.33796875,2.5731505370893943,3.361979034340302,2.579000642016872,0.2675815626180896,0.891767601931464,1.271146840577561
3.9320312499999996,8.985,1.435,2.8318242682983414,3.698089456057006,2.744673250133793,0.10620523239521634,0.6077188845641318,1.0801226288553094
3.7915625,9.1103125,1.3104687499999998,2.9737882084294016,3.5458752307919337,2.744478792553048,0.33540693833698665,0.7883551160534884,1.1531990078418275
3.7889062499999997,9.0625,1.26265625,3.3574805086866752,3.768674750492539,2.8062259142549335,0.7360614431986027,0.21443804457892338,1.577122677701897
3.713125,9.166875,1.26359375,2.724280796719567,3.4834352992950794,2.703489855253934,0.21416624716460594,0.7773826355826168,1.4328271345062695
3.6926562500000006,9.04125,1.3290625,3.1364551259082183,3.847258967433827,2.830625879747048,0.03526356357216712,0.7661146383800691,1.257590235660884
3.6823437500000002,9.235,1.3864062500000003,2.930736224796755,3.6203401083323645,2.579215219298486,0.12931874674601654,0.732056342454178,1.3724565587142667
3.7784375000000003,9.09359375,1.18078125,3.0329756524894407,3.865897925768467,2.816017414212568,-0.09069361869189893,0.6838675198045738,1.0809002550598785
3.81703125,8.86484375,1.2684374999999999,2.8986773275105038,3.773750617831806,2.6205785494034997,0.3253224969498353,0.4929048753039955,1.4003757162400507
3.9084375,8.975,1.3575,2.98639687727431,3.610584699878954,2.9624889240299277,0.15352596563550228,0.6021301634845586,0.9612378296685007
3.803125,9.0353125,1.2574999999999998,3.1353637523220494,3.9889703279598043,2.775422265169752,0.14832089325193684,0.9545210709255206,1.2457169574948137
3.59859375,8.981718749999999,1.23046875,3.2812344605286796,3.882017659465041,2.6750458113410764,0.08808049167965545,0.482113214565021,1.2028273295681127
3.63484375,9.154375,1.30953125,2.935767037860112,3.730662589859206,2.79656062740886,0.07551182213092647,0.850964737780599,1.1787499543897615
3.70109375,9.0253125,1.39015625,2.7436985286672693,3.189549815780238,2.58227340014297,0.4922151348962948,0.6310655682609165,1.383073687707417
3.7334375,9.16625,1.25484375,2.9519036330127295,3.539787467136975,2.645999334010864,-0.08727483445563287,0.7611674908979916,1.3695821883105437
3.5026562500000002,9.39421875,0.9901562500000001,3.4005437259114815,3.38531885716079,2.4682607060612414,0.313321874601347,0.8482142778486228,1.3073299117001065
3.771875,9.13625,1.28734375,3.0554111195344893,3.4995122427989878,2.727971569103303,0.21216603849473467,0.7955815310216665,1.271010212499343
3.69203125,9.0828125,1.40328125,3.0964617810532458,3.5359057665389995,2.6833602154571863,0.5194276688360145,0.30223185786021917,1.2196391719204347
3.88765625,9.1640625,1.5056250000000002,3.1039318523988144,3.2855097201338106,2.861988969121824,0.14905820971126277,0.6957731962928966,1.1474651310710318
3.8167187499999997,9.118593749999999,1.5521875,2.735119429914979,3.353054981648964,2.7200272682169473,0.3918249732329952,0.8291717180604499,1.3588180508028176
3.8059375,9.123750000000001,1.60671875,2.7621287752553734,3.2764378999913912,2.640332042735996,0.18194995852241033,0.877115134224469,1.3651336528940023
3.79828125,8.966875000000002,1.4224999999999999,2.896292109473497,3.508782674856766,2.7891049191452084,0.22574549626943183,0.8193825212833228,1.3843786894601087
3.8299999999999996,9.0971875,1.4100000000000001,2.883748645426643,3.4537450093838356,2.7440372856431816,0.3988364090403772,0.6863585945044689,1.460518944102932
3.78953125,9.0196875,1.075,2.9047269824844877,3.5799803459437807,2.5455825708469955,0.2642599124395497,0.8039065152261433,1.2056043756773662
3.94359375,9.26375,1.3090625,2.678581345126733,3.1310943075065625,2.7544025660919194,0.021974369259325412,0.7853655902023756,1.661705487323354
3.83703125,9.01578125,1.6534375000000003,2.8179728306041985,3.113774741314541,2.7757747897828002,0.0056073075237592284,0.7575149111494344,1.3132554869063326
3.54328125,9.065000000000001,1.3009375,2.866085121014105,3.5790108619561356,2.689694289523207,0.4795843942444808,1.0604478171875495,1.4106671317956323
3.7515625000000004,9.15359375,1.4293749999999998,2.98382630754435,3.237498246711639,2.6358299659452618,0.36299033306846207,0.8082212173744753,1.441596059378292
3.7184375000000003,9.05671875,1.4192187500000002,2.8983838269963056,3.6530052074830714,2.837318443909396,0.1680045271692308,1.0289400078731497,1.0584828059694549
3.8345312499999995,9.159375,1.47734375,2.873827983765458,3.4031294765810776,2.6677654754186952,0.47665945159197454,0.9016722125444457,1.3283991061346652
3.82015625,8.980625,1.40546875,2.7431519804935958,3.0525941196587207,2.655938469783033,0.1674221829612475,0.3972864814052046,1.477130361606332
3.79046875,9.229999999999999,1.368125,2.9115354785359284,3.69552474284776,2.740750852298508,0.2743330025871725,0.8671848928503496,1.4639948826845235
3.8378125,9.025625,1.20140625,2.9984467170259586,3.6529076068763358,2.6252338391009924,0.05474008201710537,0.6265522159668008,1.3671793247657107
3.8639062499999994,8.993281249999999,1.219375,2.819338141073351,3.550493387671415,2.649348902914639,0.29470134668403264,0.8965797582577516,1.3637563728213653
4.03828125,9.013906250000002,1.31609375,2.6758080290630786,3.456977372461518,2.7871180327913883,0.23895552673757153,0.9112476403821597,1.4314295841017726
3.8775,9.16703125,1.428125,2.81205607607672,3.306399892484791,2.6590223032864917,-0.02450246421827853,0.695601574892171,1.322045005769335
3.8376562499999998,9.189374999999998,1.4771875,2.4624129059392006,3.1155762283043242,2.5335279680405645,0.11753135811023888,0.6760178952259001,1.1194742765831258
3.9573437500000006,8.92734375,1.505,2.6650880861307265,2.988659420515482,2.671005779664282,0.31940807317232395,0.8823565890870221,1.2430500763767225
3.851875,9.113125,1.5799999999999998,2.5017942779883002,3.2867208558645498,2.7507124077227703,0.0012006556908061205,0.2872788945092392,1.337749616726237
3.8257812499999995,9.014531250000001,1.36171875,2.848772654960104,3.441639748037763,2.6524343504408243,0.28930803169451763,0.4918573958478379,1.3846956163797939
3.868125,9.0971875,1.509375,2.657905586994203,3.2992667124444104,2.6106990652648956,0.14519486318221975,0.6091037677874653,1.4507828755169692
3.753125,9.02875,1.42984375,2.4162120890714456,3.086018116035614,2.687708998959139,0.2279963305200194,0.8143170219895738,1.1316816283391935
3.9809375000000005,9.074375,1.50640625,2.631773237019814,2.905677564592293,2.5149697855960294,0.21578906685200086,0.8838043753055954,1.6535306122566158
3.8581250000000002,9.05296875,1.1365625000000001,2.8770540895810424,3.201639072260244,2.331506499796591,0.38048305127013643,0.790869173801892,1.655696296435071
3.8959375,9.178749999999999,1.3201562500000001,3.009835812979464,3.59426778878536,2.7389918835377984,0.25942000080376754,0.8893774719701285,1.4777588568234419
3.94125,9.2575,1.38109375,2.9750974248753606,3.273028032266146,2.666139599910503,0.3045875711352826,0.5761778006793645,1.5997971669801276
3.8034375000000002,9.1115625,1.40625,2.8729961596900457,3.303398921352635,2.775908353584462,0.22377359094598545,0.7328663598501423,1.2535739866886533
3.819375,8.86484375,1.3646875,3.147206536656754,3.743135797775167,2.727841963410591,0.22879476085174336,0.7647419717559389,1.277529053694558
3.62359375,9.147187500000001,1.3759375,2.9928223339284505,3.613352610781814,2.741050048994682,0.23890383574680604,0.6472962998361321,1.4684462621963008
3.7065625000000004,9.13859375,1.49734375,2.8345101091006453,3.384420125362827,2.77025057654284,0.2165414571224303,0.794848947521565,1.3091203502190374
3.70375,9.068124999999998,1.3439062499999999,2.9864116741500997,3.312484846663453,2.6096046259368366,0.04144931804310292,0.9981607336891432,1.5074363638397914
3.6734375000000004,9.134687500000002,1.4393749999999998,2.9464184926099266,3.111440064880529,2.567555911635616,0.050859379595799545,0.7412474552295972,1.5993766273231285
3.83671875,9.083125,1.4375,3.021082719142003,3.667354664383444,2.7018367595026906,0.3656496179679448,0.8501058216637484,1.526798133756936
3.87390625,8.892187499999999,1.46734375,3.3433682572685495,3.807825194890615,2.88390319390855,-0.07068710197281515,0.6603633955412909,0.8107519887369291
2.8575,9.069062499999998,1.70671875,3.939276186687092,3.6362247415545905,2.873544226368969,0.21999770675308888,0.3970030105614828,0.6679774355541879
3.8156250000000007,8.610156250000001,1.22859375,3.6589653912513302,3.6499578303161173,2.8750852526422475,0.21716547400490524,0.4932597209464954,1.340657030622797
3.7534375000000004,9.05375,1.353125,3.1304398746172635,3.813858159724874,2.853993296133507,0.36513264839495735,0.4129369856510839,1.2558153849472613
3.72484375,9.048593750000002,1.16203125,3.2401200750259145,3.7674858440292693,2.933710949722798,0.04789230564723363,0.8124827843754917,1.1979987718116007
3.93359375,8.84765625,1.16359375,3.215918107237953,3.593502270673547,2.9219917047214454,0.19250409857349718,0.4785946925896578,1.439088137797834
3.7275,8.9575,1.33921875,3.0872808626686368,3.6616120937368555,2.7628536564842587,0.2871893444623732,0.6377606649244754,1.4396426545744534
3.71953125,8.9109375,1.3284375000000002,2.797328206123378,3.6963781761467196,2.8994612747187625,0.2829225062001389,0.7876810641659867,1.3351177050878138
3.7778125,9.014218750000001,1.29171875,2.9966567145476892,3.8916966113314175,2.8406708905465337,0.3728664859967995,1.0316131437808687,1.2905485145804314
3.78828125,9.1478125,1.3362500000000002,2.9561770893162738,3.3258168492633127,2.8083149418289968,0.10950837977153811,0.3352980827512586,1.3151829376086965
3.67671875,9.168125,1.37359375,2.9237406769237313,3.448440261099937,2.731148091455485,0.30342094176716766,0.584544793284589,1.4252487586013367
3.86875,8.7759375,1.1029687499999998,3.159681797665708,3.576126010936101,2.6008500291295995,-0.06675408324595045,0.8642455684890188,1.335984780220173
4.02140625,9.13453125,1.24609375,2.854710398615057,3.809024206443618,2.9590843269009652,-0.1033890707585425,0.51922645330338,1.3913229642770648
4.0146875,9.145468750000001,1.6145312500000002,2.644702233209582,3.330587377666804,2.8785195466200046,-0.03460012068561918,0.6583736749997983,1.2598600147649273
3.93796875,8.751875,1.58609375,2.7204521566319517,3.316432041271915,2.8075214921191503,0.385809786594974,0.885283867895367,1.3381277292358227
3.7278124999999998,8.9496875,1.5746875,2.5990896656028917,3.280764949267739,2.8410671238715484,0.37415348330557185,0.6765197338628857,1.4085639959538188
3.94828125,8.814062499999999,1.62203125,3.054998749328457,3.2296433233553437,2.633149955191204,0.3538895694900762,0.24445299305424642,1.1329963112239927
3.88140625,9.0084375,1.59828125,2.3852488517890404,3.0534433527730216,2.5358612656055213,0.2943220071568591,0.897323486381671,1.2170120316913768
3.916875,8.904375000000002,1.64234375,2.6421285660192617,3.1146633420604224,2.6323158424353137,-0.045327650045084135,0.9852716272106352,1.3317907948384438
4.018906250000001,8.98171875,1.3768749999999998,2.6349407709113573,3.5917425065556183,2.293062141411567,0.6755767295175926,0.9133245781040197,1.2842203558280245
4.008593749999999,8.930781249999999,1.670625,2.6213581088742792,2.965916439677362,2.571821992163338,0.23744854887663727,0.4375471361393191,1.226686477630798
3.6759375,8.901406249999999,1.75671875,2.3688095103012716,3.0421886997622187,2.733111810903176,0.44374429073196925,1.0929945670971535,1.248770205811084
3.86828125,9.02828125,1.605,2.670028999542596,3.3714330941601727,2.728394674529328,0.21660829947767946,0.8182747398932231,1.4165266967040104
4.08796875,9.0784375,1.405625,2.3560415555595444,2.5028560053654205,2.1929538263207915,0.1348292559543002,0.6579305917965691,0.9612685902581539
3.65828125,8.7465625,1.86765625,2.2351353109819634,2.569879142799083,2.507223777275562,0.26451022810136776,0.750173404142658,1.104764189680016
3.8034375000000002,9.07078125,1.768125,2.2988558422819274,2.83674456060965,2.589563111680231,0.5617977927399798,0.8507119126011282,1.1180392438970361
4.1115625,8.93203125,1.40203125,2.260435673403194,2.8406783849150257,2.246252559603091,0.043748715433043615,0.754085535068149,1.273646831467718
3.8979687500000004,8.838593750000001,1.731875,2.3394698783107764,2.9145062120299103,2.5166786613262726,0.38180130660939976,0.818010043223709,1.3560255484032615
3.74078125,8.940624999999999,1.825,2.532142314750187,3.3882438643602675,2.6266090306705334,0.5557290111247208,0.7451440451738283,1.240294817999919
3.9775,8.8796875,1.181875,2.25658203927976,2.841880412217191,2.3562270390127944,0.3547596871832431,0.8635006588784776,1.2869263415749237
4.04578125,8.953125,1.4984375,2.648059315734532,3.0211400347178547,2.76499560281635,0.2970954564270624,0.5790366140211637,1.2703396880212992
3.44734375,9.06796875,1.50828125,2.853599285435139,3.598352131396181,2.7045358628419844,0.45265845326376036,0.8808528400729575,1.6264850982155483
3.81578125,9.1559375,1.4407812500000001,2.7869185518504906,3.4018651679767897,2.970792878534018,0.21136596665082263,0.30024285823862784,1.3353000385543372
3.91765625,8.86375,1.20171875,2.8427334678678435,2.822413362266413,2.4990839288424147,0.4999956350970446,0.7746898293278974,1.7216150547928013
4.10828125,9.209375000000001,1.4801562499999998,2.6080755325332197,3.1019594991513024,2.7767525390437546,0.1020074284588366,0.484971839608754,1.7081876836300212
3.9225000000000003,7.976249999999999,2.39625,2.691849967958839,3.292693378907304,3.3087429165016737,0.18420844895729216,0.34524904572767146,1.6022562343963858
4.5912500000000005,8.30125,0.42437500000000006,4.414421854841243,6.648489137578552,3.437314483630353,0.5347972182915539,-0.04157880617745187,-0.6657943994137387
4.5981250000000005,8.268125,1.38796875,5.130499450285031,6.836311796895678,3.329030066929921,-0.06625514037573224,0.026570866683960203,-0.060546055583341786
3.8020312499999998,7.699531250000001,1.568125,5.601816719736861,7.148812058151581,3.1678999722805328,0.25743900605870856,0.13533481569379158,-0.11769596329697299
4.168593749999999,8.289687500000001,1.3203125,4.950425444844204,6.845945873459982,3.0522399401658693,-0.2387146012455667,0.15689064050782908,-0.055413733341715024
3.9634375,8.411249999999999,1.6021875000000003,4.613148402511428,6.497217313011779,2.7334133130289224,-0.031475772658307095,0.1306602971609218,-0.25042368926379954
4.1896875,8.5625,1.52734375,4.9962148074661235,6.710157179604662,2.944048149544422,-0.02061200234043422,0.14611080591230874,-0.27078673806945974
3.72765625,7.620468749999999,1.3359374999999998,4.698321090489234,6.693545965538254,2.9061329109477683,0.09054826217388967,0.09706840787157954,-0.18621114277915538
4.051406249999999,8.032499999999999,1.5673437499999998,5.319964716514663,6.88683662867067,3.05540721620473,0.08731930922749062,0.11166329344883624,-0.23779913651626886
4.16,8.6140625,1.05640625,5.129131870989476,7.505575577268791,3.2397185290486172,0.18725063852035576,0.08514131804839051,-0.4772455071289753
3.744375,8.166875000000001,1.3595312499999999,5.2819453314451295,6.733207555420745,2.8649195176781905,0.14022423471743942,-0.039943902021816476,-0.3742338227459519
3.9489062500000003,8.229687499999999,1.455625,4.8239740221326795,7.0763121505727655,3.6084119927434837,0.07155142382716956,0.0945545078353831,-0.29308564541017235
3.4015625000000007,7.692343749999999,1.7178125,5.297633970329938,7.49915344017816,3.0159293078326206,0.41096746785999727,0.14571783412910355,-0.1675790942631451
4.066875,8.32078125,1.41640625,5.530183053875794,6.978535238654916,3.703620005813358,-0.17820190988945853,-0.02279210291160168,-0.10751361833514846
3.69671875,8.282656249999999,1.59984375,5.42045490903655,7.356137794851041,3.1984578765533147,-0.08592514288236212,0.12591970208697853,-0.40606631837984186
3.5164062499999993,8.107812500000001,1.66125,5.556590222201106,7.132452783919691,3.400652740651418,0.12435931593313752,-0.0014111537216408782,0.196960106492612
3.6432812500000002,8.440625,1.46015625,5.9412364702895335,7.309245830410618,3.5026536780112787,0.41995467907803585,-0.08593324916372878,-0.18304425887143186
3.9264062500000003,8.439687500000002,1.6707812499999999,4.959098761111835,7.279511910309904,3.4835301350998007,0.07623244161484746,0.06580624113279915,-0.3920158875549068
3.57140625,8.2375,1.804375,5.023244054887333,7.55242490032175,3.6485792932832086,0.03929997830178856,-0.03496904564375254,-0.27289106331511054
4.206875,8.2428125,1.75203125,5.793784081614969,6.784773731661487,3.4565468587194705,0.0046870672772281454,0.14732592065508207,-0.467413602669705
3.84625,8.288125,1.07296875,5.939704985308614,7.638047622552179,3.6498517434306064,-0.01838054296328421,0.06510640052913527,-0.20623189687603224
4.065625,8.68890625,1.44296875,5.185698746010512,7.114619217935063,3.396239501128187,-0.11261505905337389,-0.12802782847277308,0.017040001545206476
3.9340624999999996,8.62828125,1.80484375,4.847850592901327,7.180991521607475,3.3024772861574596,-0.07243956768847465,0.044720020827134555,-0.18410942865422686
3.51484375,7.913125000000001,1.8565625000000001,5.575189456474636,6.75950161693708,3.1524763176895956,0.011589135897764941,0.1593061574812169,-0.11575244760885714
4.1534375,8.793125,1.776875,4.832332582055352,6.7833308731312085,3.283389481066022,0.08880080306179165,-0.1568279920093381,-0.14980349622417574
4.15125,9.175,1.59265625,5.087687189430969,7.153716254507164,3.2298182234974058,-0.03135705529004126,-0.10801062994612716,-0.5123033271928467
3.8309375,8.17171875,1.198125,5.374866777055386,7.494308581076605,3.439952250304501,0.21291278013265086,-0.03315639541552735,0.08106276512317814
3.94625,8.113125,1.3829687499999999,5.196371179727253,7.642524712709472,3.4073742088334584,0.09423698816930991,-0.013984027266990483,-0.1792522406730415
3.73046875,8.280156250000001,1.49015625,5.0252889934583305,7.264724593065172,3.4009137063568575,-0.14594819823453653,0.060642814360535625,-0.16154390536883068
3.935625,8.519375,1.8107812499999998,5.3012901952614335,7.30580909170059,3.3932917760116705,-0.0546777679514242,-0.13624724388522835,-0.35287099260832966
3.91109375,8.2021875,1.6684375,4.91515072161688,7.291918572285606,3.5542945936702757,0.13215906292232868,0.03911729626227573,-0.09058117153676706
4.0265625,8.1371875,1.60453125,5.388802110264743,7.106211514572569,3.3741910742092593,-0.2724507531847041,-0.08792692388376422,0.22063609469222062
4.25875,8.40296875,1.3953124999999997,5.06719180735247,7.171570757095229,3.618851237249709,-0.2559443832997534,-0.11453167385947438,-0.013305308215497476
3.94234375,8.38921875,1.4454687499999999,5.390902273213264,7.361772736722347,3.385860733295662,-0.0964716893503265,0.001050493877286799,-0.27663030305481434
3.62453125,8.116093750000001,1.8615624999999998,4.859558856549989,7.062324691892248,2.73252471326313,-0.09112548729108964,0.005875292899023103,-0.029316678691385222
4.073437500000001,8.494062499999998,1.4448437500000002,4.942966979314524,7.125023403196213,3.528036366108765,-0.22590494230985544,-0.04975461052238588,-0.3528632415174155
4.118125,7.96453125,1.1362499999999998,5.013095000533602,7.602068988457908,4.3883597804304975,-0.2810168937373505,-0.032367698584347966,-0.23558888593317534
3.5239062500000005,8.059375,1.2053125,5.6513694737391695,7.262211241032238,3.302861907095686,-0.156829616090696,0.044385744498020074,-0.09132791357492519
4.1815625,8.62859375,1.6770312500000002,5.41691166012459,6.957219691440032,2.9104567294538906,-0.1248551955088663,-0.08891971048331253,-0.2249791809154564
4.02015625,8.1440625,1.6490624999999999,5.490486229659987,7.511257534267731,3.568456300852478,0.10767036097752489,0.0011028961743049905,0.23425127578695137
3.5442187499999998,7.82453125,1.9121875,5.004567852437255,7.214570094972634,3.2455462120949305,0.218080062731121,0.02921700448485067,-0.2895805793548729
3.80796875,8.30578125,1.5910937500000002,5.081557087795377,7.179480265983635,3.3021196398996415,-0.1064167797960201,-0.020472035748273172,-0.45018365967537344
3.6829687500000006,8.508906249999999,1.5646875,4.931475020115527,7.210566057266997,3.028646546288251,0.1904237006447593,0.05073016414602758,-0.24418056095078355
3.4571875,8.324375,1.81296875,4.905879275404537,7.101465710286504,2.606367611067832,0.14888995478503417,0.08840350390836373,-0.02215588015697641
4.0746875,8.9140625,1.27,5.0779314097714785,6.82629903359747,3.0532124475705915,-0.11742962665038467,-0.08990265110574636,-0.011660902718359756
3.6525,8.2759375,1.9470312500000002,4.780824981109432,6.970466877913828,2.8630898298906793,0.06531694935543629,0.01860285760164263,0.05992530013711217
3.63671875,8.0475,1.41890625,5.522047020435306,7.20915477015163,3.6902693487347147,0.0630285981553283,-0.10738594254236056,0.002477218908606397
3.364375,8.216875,1.79828125,5.27345026850306,6.999066650945324,3.1899047569478367,0.34390555105431314,0.0769641066895363,-0.23722491022864992
3.51578125,7.9609375,1.7912499999999998,5.1445331435076245,7.466732827756311,3.5332954253076547,0.3458068789296292,-0.04134127866328358,-0.26725792050320774
4.0765625000000005,8.467031249999998,1.67265625,5.311711770568293,6.958456788255815,3.4191104664570195,0.11506704885003557,-0.06946984607157275,0.05935444759796147
3.68640625,8.127343750000001,1.5412499999999998,5.5397730569456485,7.440805198823306,3.3681135762470955,-0.023348881551765916,-0.026974449594831508,-0.004028276212875769
3.6028124999999998,8.26859375,1.55828125,5.284949286875301,6.974265836628321,2.974872137319256,0.18814591763987518,0.04656944207204337,0.0787057286208968
3.7365625,8.23515625,1.373125,5.329866091994596,7.04205647169816,3.506907413858398,0.09578545292028813,-0.0846362141321874,0.12860919189020206
3.48421875,8.15234375,1.4490625000000001,5.722395096430204,7.214082742756417,3.3657399440678346,0.17621578201548777,0.025894545474435753,0.09439568512973827
3.7442187500000004,7.86390625,1.7276562500000001,5.3961840697522945,7.174434127770004,3.4831055387880423,0.10764529357070175,0.06621041769573853,0.127589477545701
3.34234375,8.2653125,1.4289062499999998,4.873534633029291,7.274741827195227,3.1222393391940564,-0.04698250684221875,-0.023972978598890544,-0.19637176777923493
3.810625,8.7378125,1.61875,5.033532517961417,6.826417542521388,3.2144485821832642,0.1701186223604318,-0.03364110666967822,-0.1883612732911904
3.87171875,8.545000000000002,1.6306249999999998,4.696248687345937,7.1496547119423886,3.246336336452987,0.019914493700889012,-0.014769022528401692,-0.01258772792905736
3.5153125000000003,7.9515625,1.64859375,5.286663340647269,7.231717512707044,3.531440422824791,0.12412012757707101,-0.030686302079814393,0.14148560153275244
4.07,7.99453125,1.7185937500000001,4.841871409899276,7.076483706988482,2.902673265278222,0.033723715684684,0.18874233312477842,-0.12841792139808822
3.5684375,8.281718750000001,0.9584375,5.189540929465125,7.311254713344245,3.550140058306679,0.09800887552512552,0.028309618359075785,0.16343911596735924
3.55515625,7.6929687499999995,1.0637500000000002,5.775512150501108,7.892660094925122,3.8653478578906713,0.043987597871465306,-0.01942572409033128,-0.27217117530119295
2.9898437500000004,7.45703125,1.5121875,5.113176144832675,7.108174581003441,3.437456576430275,0.007867893850397736,-0.023991680740644374,-0.23387997238034203
3.51078125,8.381874999999999,1.5040624999999999,6.160764285147455,7.416921294201186,3.6582568077014153,-0.053557391234116285,-0.1166997150512552,-0.23681646401829332
3.7837500000000004,8.3165625,1.43953125,5.298302351933117,7.54551589081845,3.3541221977998115,-0.03789051000181029,-0.03520394205740005,-0.0489812521885182
3.8821875,8.2665625,1.716875,5.036919466781631,7.329595874507254,3.2781906571117854,0.09635218075788213,-0.02085701045148366,-0.26333188520924633
3.7171875,8.25859375,1.43828125,6.09102040629021,7.666221744442366,3.680664238068781,0.19971120777345702,-0.02451684766947764,-0.18087518893386006
3.3003125,8.2021875,1.39203125,5.725662343986393,7.056114695060147,3.7081052185076193,0.11069599901645469,-0.07032918064664727,0.01020939201164362
3.715625,8.0203125,1.5378125,5.662493618925764,7.474969475010835,4.05979235489252,0.0550434050417617,-0.09876391889315445,0.0893126720523091
3.6207812500000003,7.975625,1.39453125,5.000937194881419,7.036636242507851,3.158936692982852,0.14922227269155344,0.06830479542975279,-0.2003013088078488
3.57140625,7.99421875,2.2281249999999995,4.8775633860526035,6.714762375888549,3.402905869896345,-0.013293225679975432,-0.09098293429470626,-0.11546346624605355
3.229375,8.09625,1.42375,5.1554694484959365,7.432552030594875,3.747520638702341,0.10957629724524325,-0.09290023101512321,-0.16584861501790144
3.8557812499999997,8.40796875,1.4896875,4.938672267386087,6.80010481989237,3.510896862248128,-0.031192098032266715,-0.024773033814202365,0.1391133070178926
3.5228125000000006,8.3421875,1.8870312500000002,4.877860528945426,7.250750924203903,3.4763094114338324,0.33863678989574336,0.05719135168738434,0.06335013499579271
3.5842187500000002,7.8246875,1.6690625,5.0214190613459495,7.345295043587,3.426682396443206,0.009230922983240516,0.019530519654811104,-0.2982334051449398
3.5228125,8.4540625,1.7709375,5.2880595060800655,7.193813470343373,3.574407607715403,0.08883736155256755,-0.06899515668349512,0.08129213195199542
3.838125,8.217656250000001,1.5675000000000001,4.473889134117541,6.846442448040875,3.3284577885260918,0.11407533315619721,0.1487488047736483,-0.07616002585709712
3.75890625,8.69125,1.461875,4.790065277865318,6.922858310517412,3.201178432917322,-0.12637398804159916,0.09207127601427742,-0.13013944804815833
3.4448437499999995,8.075312499999999,1.8843750000000004,4.969690946184273,7.029194025800095,3.5679282657271854,-0.16102487529211038,0.028093613623478515,-0.2829269075930537
3.875,8.5278125,1.6204687500000001,5.954723702658252,6.913117167012559,3.67278310246786,-0.2175616708776108,0.09265746122811615,0.1256620389569733
3.69796875,8.838750000000001,1.55703125,5.398336311913462,7.096571685504205,3.7549595036462695,-0.008785698459806536,-0.3196540268039568,-0.0871130016111019
3.5182812500000002,8.5234375,1.65171875,4.923999757148495,7.028326218495677,3.460613454779143,0.06566680950009754,0.05671040531212433,-0.5099039760184697
3.98640625,8.6834375,1.53125,5.604745022965893,7.237169728809304,3.873346623076742,-0.03664473256483442,0.020891866726949884,0.04647517560174162
3.4096875,8.3478125,1.3824999999999998,5.006625912462778,7.7155195605897955,4.175011976030728,0.27573145126254595,-0.030800984932432367,-0.12621006468400348
3.38359375,8.338125,1.6485937499999999,4.559059787660273,7.075380925036828,3.3942667043060917,-0.09706054096642897,0.11629653218180934,-0.15837112654499141
3.6834375,8.497187499999999,1.7725000000000002,5.23180006628634,6.973336376143327,3.4658891355610324,-0.010590454955316396,0.04964101284909193,-0.10704961865106903
3.7707812499999998,9.024062500000001,1.2303125000000001,5.155394112204075,7.416812345684213,3.6770406616386158,-0.07730993991090043,-0.13059343197578807,-0.08795653187611457
3.2556249999999998,8.17734375,1.5746875,5.429722275068495,7.242860545519011,3.3623164302819193,-0.24992628371840145,-0.10516610266742221,-0.3662577879046773
3.98171875,8.5153125,2.0434375,5.1941410967934285,7.4675855721473825,3.3700033469707042,0.1703406952001135,0.071958423980023,-0.38115030872631833
3.7367187499999996,8.858281250000001,1.635625,4.8868653854898065,7.5375461347442805,3.4271703319757836,0.0328808136969975,0.013346001779996392,-0.024340523820868643
3.4885937499999997,8.45703125,1.92359375,4.921650151114048,7.160358466866266,2.739347189105634,-0.206235681211402,0.0791489393522935,-0.03385364399693666
3.6857812500000002,9.328750000000001,1.4898437500000001,4.453656434846366,6.675774650742788,3.168289410405233,-0.225075712873866,-0.22171583089732633,-0.4580962013683168
3.5581249999999995,8.06921875,1.5371875,5.5262096738519615,7.734908351244275,3.547256188216993,0.33877959480617675,0.11955189764365229,-0.20709968504390147
3.66046875,8.884062499999999,1.31796875,5.244183512976394,7.661485397499217,3.760590536940101,-0.006364323376852042,0.010039224198941672,0.15453796917711282
3.5493750000000004,8.399531249999999,1.42421875,4.917625784804594,7.239213836306635,3.9829314756405787,0.14795529369322535,0.044706525258171835,-0.05213577561245875
4.007187500000001,8.73421875,1.6321875,5.240258363367569,7.243958432007216,3.6845536825840592,-0.2782726206716557,-0.04232605270069789,-0.35450151222226184
3.4779687500000005,8.569218750000001,1.4040624999999998,4.962154326653237,7.395156840943161,3.6497228999053815,0.15467528206971343,0.03843417223957746,-0.32956198582052293
3.58296875,9.170156250000002,1.0184374999999999,2.924089430749928,3.2975059193405456,2.790832211651885,-0.11651563136337156,0.23818857630462031,1.2877711309270101
-2.48484375,9.14109375,-1.47171875,2.392182575721581,2.3412303904594562,2.8133673966260497,0.24037122362937272,0.8445097780825673,-0.7281148870975416
-3.238125,8.92671875,-1.5990625,1.9064224307259399,2.320367060595896,2.5016330408542635,0.0615224701441476,1.0654404772354475,-0.7552200411036197
-2.6771874999999996,8.817343750000001,-1.7337500000000001,1.9637682754958004,2.2080691807178363,2.569796015737436,-0.03255184005509896,0.658016107217126,-0.8745000633921486
-2.4865625000000002,9.68984375,-0.56,2.154647751627572,2.306175467757373,2.520768112103928,-0.5171054201236641,0.21228244064824733,-0.6982056536057749
-1.9646875,8.715937499999999,-2.04265625,1.9829231647604881,2.436268739505917,2.6056682457358105,-0.06970220608117592,1.1661310808988212,-0.6848671938384945
-2.5753125,8.87515625,-1.83421875,1.772416225761813,2.2880306708140816,2.4287328259091074,0.4664670895617884,1.294219140133032,-1.1073969336286689
-3.2871875,9.49296875,-0.558125,1.881538157955812,1.9311660011566685,1.9794418997219898,-0.3198113396974489,1.451008644249266,-1.1079927343930716
-1.9967187499999999,8.7271875,-2.6453125,2.121233466853292,2.3869465777104755,2.648209282202551,0.04647384876159732,0.6928476730210867,-0.7191737805537766
-2.5903124999999996,8.871093749999998,-1.7664062499999997,1.849389230893202,2.39667876783914,2.4366853556544674,0.7229038781341703,0.9717617240867213,-0.9100931848331373
-2.8914062499999997,9.240156249999998,-0.9212499999999999,2.1139661089906188,2.1516291009572113,2.4198589189248203,-0.3947934932553091,0.9971072232136876,-1.2818503412037023
-2.635,9.0775,-1.81453125,2.19609525635843,2.245874690404609,2.6139809974966224,-0.297143107802929,0.5152725224211807,-0.7755089222016809
-2.885625,9.0271875,-1.5640625,2.0997379858865726,2.7327335608953445,2.3565372628273353,0.19338485407015762,0.7275389964447436,-1.0946391712681072
-2.4817187499999998,9.019375,-1.48421875,2.2673205239662164,2.477040115616822,2.767460932813404,0.7526526760084928,0.7817271258618593,-1.3778610403851315
-2.8931249999999995,9.2584375,-1.3362500000000002,2.616201250740279,2.87098372663339,2.5375033866972476,0.08986898403597228,0.9629622328167363,-0.8923318531528194
-2.7109375,8.9203125,-1.69546875,1.7589323099806171,1.9863030741414438,2.2027099287635306,0.5143654455395135,0.5234296553996842,-0.9623965970419844
-2.8645312499999998,9.19078125,-1.45890625,2.0749141019023987,2.7468978552447916,2.4675652962405956,0.7752773549017973,0.7144017242910838,-1.0893302330896455
-2.6190625,8.87875,-1.2075,2.0294647683795226,2.203862022110277,2.534347795784943,-0.01332891469897022,0.42390827702399037,-1.071706178042016
-2.64859375,8.87921875,-1.92890625,2.2201364451224475,1.979683769481489,2.424006315216802,0.05936849813043506,0.6180178250479265,-1.1947324824259509
-2.45796875,9.16375,-1.941875,2.020591017876561,2.2844785373253127,2.6304062631797014,0.19850234953387702,0.510171005496638,-1.193215639614521
-2.2300000000000004,8.813437500000001,-1.69734375,2.339720202289154,2.443402608780172,2.51873867378812,0.2599924569809677,1.0241588178062497,-0.9682273933957416
-2.2596875,9.513749999999998,-0.77390625,1.9776809088788188,2.519635080224912,3.0913223390178732,0.2534362753944675,0.6593197987040302,-0.027294138226089067
-1.6559375,8.841249999999999,-2.3881250000000005,2.1297114818899177,2.2025400819281358,2.7135567497981317,0.15525456030329982,0.8893854592126421,-0.6040188112391065
-2.475625,9.06453125,-1.5968749999999998,1.6851732802222446,2.0647305587590448,2.3088091322963447,0.11297794558978222,1.0033411661133136,-0.6747750665695563
-2.6607812500000003,9.286562499999999,-1.16015625,2.379191239087022,2.415696857760458,2.558872122261278,0.2024193975488265,0.8203937633293465,-0.9577314244422261
-2.0774999999999997,8.817499999999999,-2.5668750000000005,1.8930712479988703,2.542916018078458,2.635659236201638,-0.07215841289412876,0.9017063855032024,-0.9974429689135791
-2.498125,8.99203125,-1.60625,1.8271065539193383,2.2478379749268935,2.1961013040158233,-0.427505168692283,0.9271768528140351,-0.9097370355462973
-2.4304687499999997,9.3025,-1.4315625,2.0538534131659536,2.050719385971664,2.618025985087572,-0.4889926952834792,0.7251663943585007,-0.8522589088809529
-2.57421875,8.88859375,-1.93125,1.6913583711468239,2.323243198625778,2.4503000454026034,0.1451179663403847,0.8671987844487107,-1.4825377055081261
-2.22375,9.39890625,-1.4971875,1.934857472141036,2.5045727662040362,2.3342547450618474,0.7049627892147842,0.4750999880423225,-0.8879402840595163
-2.15921875,8.979531249999999,-1.8020312500000002,2.638559801700245,2.54650583501657,3.0657152406124477,-0.2892700519445273,0.8116704972462364,-0.7399232603643132
-2.29796875,8.8196875,-2.068125,1.9954112825488979,2.3808447612861596,2.41039148467111,0.2920045918329443,1.0744940996645975,-1.2342596840764155
-2.331875,9.186250000000001,-1.9665625,2.108909578283289,2.7940620631081194,2.4747311841074273,0.33698138953832735,0.981521221510797,-0.9995624111771276
-2.39078125,9.13703125,-1.3957812500000002,2.1175939358499396,2.0165422755358833,2.2148573632738606,-0.6651070187669185,1.4833023146366937,-1.0036322002307385
-2.7884375,9.225,-1.278125,2.0301009971412136,2.097656430400365,2.437594148822769,0.07441117513385172,0.5546169705572325,-1.144675234826079
-2.38203125,9.096250000000001,-2.23390625,2.2857207422437757,2.4758271976250685,2.339394698145428,0.34973350382354246,0.8008621691221177,-1.405528501486368
-2.0096875,8.8753125,-2.018125,2.0226212639403727,2.3640966620135795,2.511841875870175,0.36588222113693436,0.5353130902151613,-1.3366176870589326
-2.35296875,8.9509375,-1.60765625,2.4844992451243444,2.3617258776356223,2.965611099644715,0.021055374188493348,0.4871123741165278,-1.1033501023948484
-2.17375,9.25203125,-1.855625,1.9285288272411174,2.6275875221433513,2.3354348330396633,0.4563885333894044,0.6149980989205396,-1.131286641947864
-2.0609374999999996,8.9365625,-2.0778125000000003,2.0611758770405184,2.657229653905313,2.831252190258535,0.3722693537171459,0.7466781346622783,-1.1950475269089305
-2.91046875,9.26578125,-0.6621874999999999,2.179279145216013,1.966521996990737,2.1940049486826028,-0.3540768220899865,1.358504043905757,-0.7846388152018818
-2.5690625,9.089218749999999,-1.8992187500000002,1.806385132272116,2.235900479034887,2.3753462278473085,0.10320013444394686,0.9320368811386883,-0.9176081791460049
-2.2370312500000002,9.107031249999999,-1.6925,1.998918988859588,2.091354734143263,2.4249239678802303,0.540074225822182,0.2931830293932353,-1.0742389252173186
-2.5278125,9.056406250000002,-1.7665625,2.6132705016595104,3.4043273781263954,3.0906316196845185,-0.09100415109485613,0.6602155810456147,1.0659179747804048
-3.5425,8.69671875,-1.9200000000000002,2.5400565938577038,2.7225763618121785,1.648422541401324,-1.8127592993342925,1.2957426369528726,0.9470287181459294
-3.3178124999999996,8.9784375,-0.69234375,2.088051176299027,2.4486521922465325,2.100351713246126,-0.10912379875540332,1.3429370107882221,-0.9114309223254188
-3.590625,8.9328125,-2.1803125000000003,2.034158206574651,2.711143363941448,1.778308508764368,-0.6905011923571728,1.0218003862455933,-0.12478498500894059
-2.9406250000000003,8.785,-1.9609375,2.631495460641154,2.7366379921356057,1.5654758848649666,-1.4557572005139325,0.818500749323334,-0.15465275355580152
-3.25828125,9.27,-0.43890625,2.374210101991489,2.9488753152685176,2.4301441040010237,0.43110184450144656,1.2039550573592908,-0.44719038790433147
-3.655625,8.758906249999999,-1.8409375,2.2511107501353638,2.938249434818449,1.5714620170700118,-0.661983194189475,1.3606679603062737,-0.7642149143003234
-3.2771875,8.8015625,-2.29296875,2.070091686337528,3.0378437144780426,1.8763109414549173,-0.609065568989991,1.0831456356661342,0.34225603046214065
-3.52734375,9.00875,-1.0334375,2.241386458609032,3.29555832712759,2.0638194406473036,0.11544735887120465,0.924789812815639,-0.2232232394213335
-3.1815625,8.9184375,-2.305625,2.6021566889012946,3.0753059902380038,1.8262323536108431,-1.67689087399956,1.2522244794563127,-0.23279812951186152
-2.49,8.92921875,-2.5509375,2.4571801673869986,3.274159865850847,1.4183581163069325,-1.5122227246756923,0.9722607132698934,-0.25704030244074183
-3.64453125,9.227812499999999,-1.0103125,2.381251594282603,2.9413413546958043,2.324118091307701,-0.4024304098698817,1.0514937842945093,-0.036098933535403624
-2.9425,8.721250000000001,-2.04109375,2.606915083005198,3.05099958005569,1.785663494673881,-1.3456888116590238,1.0149903833248937,-0.1568928725956632
-2.95875,8.975156250000001,-1.97078125,2.9188447522093397,3.870504243711139,2.7146473669978644,-0.4645232943029959,0.8987113375369399,-0.6093067831429724
-3.12640625,9.00875,-0.96734375,2.233732419619892,2.291633219452886,1.9459318479422494,-0.2906334579826292,1.1975312186319056,-0.3788291736195181
-3.4575000000000005,8.778125,-2.10890625,2.72420515930794,3.2544853063695034,1.6295677313971757,-1.544511237173692,1.332116242690821,-0.6994614619628604
-3.064375,8.938593749999999,-1.4706249999999998,3.071471997979959,3.6638951554269314,2.476613662720732,0.01114439523842129,0.7741545447991982,-0.22578624506901782
-3.19140625,8.798281249999999,-1.92625,2.962706146407527,3.601137213908745,1.6558584442819984,-1.2205385203893642,0.8063596539558481,-0.18479258488472589
-2.8065625,9.13484375,-2.1075,2.638367285575257,3.3700709340585013,2.126526657486334,-0.7965258331273573,0.8795211352122884,-0.575634410503783
-2.1057812499999997,9.54234375,-0.6928125,1.9925367034633106,2.107316675143045,2.5670541657401293,0.48330936277585534,0.7487394573131495,-0.4506895087174857
-2.9676562500000006,9.31546875,-0.589375,2.1265867180380718,2.3480237233199834,2.0894892281069555,-0.11981039104646593,1.09392805510376,-1.092492302636821
-2.0651562500000002,9.04390625,-2.0464062500000004,2.196970209307795,2.6731451613616004,2.6951718215098897,-0.5685124110791224,0.7434734989790779,-0.49649833962894385
-1.981875,8.9896875,-2.41796875,1.8648071909382482,2.585523985064488,2.5401022246207803,0.3870524390277711,0.5693994677437102,-1.0098835839212388
-2.1887499999999998,9.6325,-1.25671875,2.0939999850764086,2.778692925639679,2.3916273582852403,-0.1442992154873596,0.8062546281234124,-1.248885739536855
-2.1223437499999998,9.01796875,-2.10359375,2.2467029608597433,2.443050206508953,2.9160318538145185,-0.2691750129584445,0.4127955781272591,-0.8435301134663737
-2.1995312499999997,9.3040625,-1.871875,1.8139678794767666,2.6232319752728217,2.426458243896853,0.13876548191588706,0.17724665562645436,-1.4733438354610253
-1.6678125000000001,9.07609375,-2.0549999999999997,1.661644957517625,2.7575343476937757,2.4188013560439394,-0.2687975968723535,0.8738618751972603,-0.999465461087989
-2.5551562499999996,9.704999999999998,-0.41546875000000005,2.308576395873859,1.937396771443578,2.0974112985471964,0.0012995233679141652,0.9054253643907711,-1.5686385008249837
-1.37015625,8.975625,-2.5056249999999998,2.1826463955679896,2.9727044058188836,2.5650943421977677,0.30587205550780483,0.7079829525471623,-0.7837908072596325
-1.9134375,9.09140625,-1.9234375,1.6279302606665158,2.70755359318351,2.160519482345334,0.45132677750582934,0.7310804447434035,-1.2221910347489553
-1.8396875000000001,9.415468749999999,-1.3926562500000002,1.9856933366821148,2.478325373165,2.475542391443931,0.44919586581530707,0.9268711275937533,-1.67099526539436
-1.7628125,9.256406250000001,-1.9840624999999998,2.222115031865756,2.6125103870532147,2.543085428390826,0.20553791800154603,0.6006350649872055,-1.196157961287455
-2.10109375,9.446562499999999,-1.66546875,1.881860048253041,2.7002530082556615,2.3505324727119676,0.16334352662074975,0.41226753744787603,-1.3206955600801245
-1.685,8.9796875,-2.01515625,2.0566561149108034,2.511862461868434,2.6646575719191268,-0.05976585516999006,0.9233464194078521,-1.0734837322249648
-2.38390625,9.276406249999999,-1.85140625,2.5095838905505703,2.593602927870984,2.6996110062305156,-0.47417299789943085,1.0600329560900552,-0.8080693408317979
-1.5403125000000002,9.001718749999998,-1.9245312499999998,2.1488579588571577,2.8964097143530014,2.4292989791858552,0.23043128425253795,0.43288670435819293,-1.673062436709343
-1.8651562499999998,9.13953125,-1.9226562500000002,2.306860686211011,3.149738793578515,2.6745328109477247,-0.17886858070087266,1.0034800936807406,-1.3010730176440974
-2.4278125,9.5634375,-1.1140625,2.4026440310299297,2.457235628423483,2.3758384827453547,-0.017772438948233583,0.9698780093782741,-0.9860148822673445
-1.6275000000000002,8.849375,-2.5475,1.8353320544250298,2.429094401083457,2.6513534279684405,0.08114600584141218,0.3818581433875947,-0.9118869003586886
-1.2479687499999998,8.3025,4.0390625,2.3409621283829942,2.5623182862400213,3.657441779590449,0.5768154232279618,0.05854209361917611,-0.3635167617265407
-1.3268749999999998,5.02734375,8.385156250000001,1.1945708892213136,1.983102243162449,1.6797628108116744,0.40166559048910283,-0.5934462892149802,0.3484819687012641
-2.30875,7.9799999999999995,-0.18640624999999994,2.1205803303577064,3.6251551690927655,4.112754690892825,-0.2616522794868824,0.425377284260575,1.5570066396326039
-2.15015625,9.376093749999999,-1.14953125,2.0980180321164874,3.0269036454289284,2.3861831641291573,0.3126096350080913,1.0965264392208791,-0.3785642960581411
-2.3165625,9.310156249999999,-2.3176562499999998,2.1892573075346236,3.26426891326158,1.759654389173038,-0.7592730013613134,1.2411880204908947,-0.19828955311113827
-2.4612499999999997,9.24078125,-1.6478125,2.720908912936999,3.464181137317799,2.444506896051584,-0.6115780083469744,1.0253021284639938,0.42122998335179024
-2.6085937500000003,9.053125,-1.6154687499999998,2.4333232594460066,2.6174068005136304,1.9637590942560743,-0.6581800124141319,0.9228698846579991,-0.39148268449271545
-2.0081249999999997,9.27765625,-2.09296875,2.542257163304885,3.199811391994212,1.541620170153283,-1.11615188619118,0.40285178122930326,0.4941951474302617
-2.26890625,9.352812499999999,-0.76828125,3.0484556116517325,3.3626270741555255,2.4383047099159767,0.3805555096480117,0.9047565349548132,-0.4247656577892271
-2.0364062499999998,8.936562499999999,-2.21265625,2.309832493377158,2.9948769897265817,1.7464922364087214,-0.5615521927089336,1.2051514189509995,0.0034841223051862258
-2.61421875,9.16828125,-2.2193750000000003,2.5547962276174663,3.3034827997733602,1.892943206854078,-1.387159905404088,1.0392525543051552,-0.42157959196320755
-2.5679687500000004,9.26640625,-0.814375,2.130256865151111,2.8624920126457885,2.505373521927419,0.30719215781418685,1.302905748304104,-0.49742459405586403
-2.0395312499999996,9.1471875,-2.3112500000000002,2.832633177411688,3.653062272237328,1.962747993885104,-1.458968868663507,0.498078341864492,-0.47846329421676587
-2.4046875,9.1609375,-1.9432812499999998,2.8145192577674343,3.4683554815061486,2.704738928417757,-1.1926233492009954,0.7057155710811732,0.7512107972959301
-2.4742187500000004,9.22703125,-1.406875,2.913133946396636,3.546167684842813,2.2718603850974204,-1.4215582238231688,0.9847257058575827,0.09263519160543848
-2.5425,9.0565625,-2.2,2.740534847433982,3.189959452499945,1.7261671775931786,-1.025503677693277,1.004198610295383,-0.6591695607325226
-2.3531249999999995,9.43515625,-1.38921875,2.6486522958619916,3.635234686452298,2.489206264484411,-0.06999824716474036,0.7951584828124769,-0.19536433688870844
-2.60734375,9.1915625,-1.884375,2.726362756831148,2.9631329591487705,1.8660636000348434,-1.6229830012287276,1.1028682482534253,-0.20977698682468673
-2.35453125,8.8509375,-2.48328125,2.7511877717221407,3.555036356508011,2.1436250362174905,-1.0002746865801195,0.46470076119132264,-0.12200161162178587
-2.74921875,9.2378125,-1.391875,2.242873648279911,3.195745447441606,2.7098627012036975,-0.24796401035757173,0.402700778557455,-0.06049276764880333
-2.46390625,9.178125000000001,-1.5471875,1.7462331040588301,2.8485280601347425,2.5064519673921044,0.5011780681246027,0.4940525062976146,-1.1482012374956936
-2.4906249999999996,9.40125,-0.6364062500000001,1.767065783827812,2.138991803981493,2.3457417318325855,-1.0616514637011987,1.1460778682851385,-1.0350029748837384
-2.42546875,9.26125,-2.00875,1.988080834692955,2.7941409122483423,2.5585625236644107,0.5658394758270182,0.5897536184914806,-1.134104760623369
-1.7449999999999999,8.82765625,-2.4582812499999998,2.0191412159628657,2.941681461228584,2.7676883148935754,-0.03254344410815792,0.49004928305336526,-1.0004347408372785
-2.018125,9.4253125,-0.8289062500000001,2.8823747126935113,2.5702072926796684,2.5991225185071474,-0.4908600824219518,-0.0032309068436086547,-1.0162275767117068
-2.28203125,9.048437499999999,-1.6932812499999998,2.254553849772375,3.053579978254008,2.7646496470436244,-0.4347243069451965,0.5277780006719944,-0.7905723344343127
-2.315,9.22625,-1.8171875,1.9305002590002418,2.6436619370675967,2.387412608839065,0.12597484010366727,0.9047359452139974,-1.3688047519380953
-2.260625,8.940312500000001,-1.77859375,2.311966070117596,2.680868544398205,2.8699133627970266,0.053221937388089884,0.8134838308462481,-0.9928419760113618
-1.96390625,9.14453125,-2.26234375,2.0800951129001137,2.767551337423289,2.5095509696628873,-0.192433440288583,0.4928920888639502,-0.8080283390042725
-2.38265625,9.078125,-1.93734375,1.8662665288848583,2.476845192856227,2.512255735755406,0.3567385210324194,0.5358101158258045,-1.3719672029249488
-2.0543750000000003,9.1390625,-1.34921875,1.7609877155661822,2.324874807617337,2.273630291438878,-0.009721812508538692,0.49101707882987156,-1.2056981682579992
-2.3809375,9.093124999999999,-1.8715625,2.668439805596849,2.6672123058307524,2.7196462423620007,-0.4958985266589262,0.6276127019222525,-1.0614569008698913
-2.34234375,9.245468749999999,-1.98140625,1.9262518187755042,2.5466049272066993,2.234345448886751,-0.16551200304548092,0.8402739301503771,-1.3250168211615272
-2.0721875,9.00046875,-1.996875,1.8697421853944864,2.4806358998799958,2.466528985107412,0.0844092132942134,0.914483009660152,-0.8964458574311223
-2.8309375,9.446718749999999,-1.1146875,2.061213021765036,2.2797197296813567,2.2729722891719883,-0.16096889076419893,1.121805307961115,-1.4457536410001603
-2.05296875,9.01609375,-2.2,1.8794486223420521,2.726580170967092,2.736407887176179,-0.13876730356466102,0.9808372914668565,-1.1494087041624292
-1.9987499999999998,8.822187499999998,-2.1198437500000002,2.2055225429589242,2.5314067659788995,2.8073778313732443,0.7878090051153682,0.8845594551469641,-1.7052572125631638
-2.6990624999999997,9.3790625,-0.82421875,2.334649812304567,2.8102995385000775,2.5868270892443577,-0.3391119251056515,0.23689067868627461,-1.0829184709992072
-1.47890625,8.8221875,-2.3890625,2.327628968760042,2.692948238426381,2.555179616209739,0.1657131302664736,0.5620775351490396,-0.9438742729361178
-1.615625,9.99359375,-0.08249999999999996,2.801490604905717,3.3825962510268557,3.0466569793792013,0.3001880800982418,0.8607830318102309,1.291179475027382
-5.1859375,7.6498437500000005,-0.8014062500000001,3.0569489071775067,2.6784583323408144,1.7868056931185712,0.11208621053211809,1.045184519887446,-0.9360494476963008
-3.6271875,8.7034375,-2.0979687499999997,2.534246355397152,4.395558560478265,2.2420590283316444,-0.9059389749310647,0.7036304056828782,0.3964526656495326
-3.82078125,8.896562499999998,-1.88078125,2.9256550039518396,3.415555051319441,2.578500233110022,-1.145068339589703,0.8232003906714698,-0.044288965161440534
-3.6015625,8.747187499999999,-0.97515625,2.362144297792527,2.420884696726333,2.3304271283577904,-0.2044449977018389,0.8375062373243518,-0.629322751445999
-3.1884375,8.80171875,-2.1525,2.2715015812439465,2.9840406512643955,1.7136428668191046,-1.0260612188813607,1.1451306226339606,-0.4191769490896075
-3.31078125,9.002343750000001,-1.6642187499999999,2.6415462473991322,3.5995250303805277,2.0983481633533643,-0.43001532262944614,0.928653417344708,-0.31393767718204363
-3.2495312500000004,8.847031249999999,-0.83921875,2.897286677699229,3.038573719530832,2.722610939364719,-0.49797637671874817,0.5276237756773113,-0.7330955367445949
-3.18703125,8.73859375,-2.3098437499999998,2.547177776289562,3.4053706971431077,1.9847949297310132,-1.1514653298699413,0.8893187521034316,0.4148805200944235
-2.7103125,8.8259375,-1.9871874999999999,2.913949193507627,4.276407560218478,2.8729794360286935,-0.14140043823644405,0.710795371731921,-0.38338615793345143
-2.9731249999999996,9.000937500000001,-1.2640625,2.437868481763321,2.754207984356619,2.1656752113587463,-0.36586603980427285,1.2447345452493574,-0.49814455498667715
-2.615625,8.810156250000002,-2.4075,2.8450427693402083,3.140993320286743,1.8266738898883947,-1.2332705002355648,0.8663784246001891,0.3372433802113029
-2.8725000000000005,9.299375000000001,-1.298125,3.4923970994146702,3.937847554105542,2.6321348719955444,-0.907599206472704,0.6600697088553307,0.18126123124020604
-2.84703125,8.92359375,-1.9167187500000002,2.5560600049731694,2.8977714320596335,1.8221673690686149,-0.2744917915894593,0.8006923932571864,-0.11328294663910408
-2.5359374999999997,8.768281250000001,-2.4943750000000002,2.879809953988935,3.490276920732571,1.9554202513462418,-1.3209356203389564,0.5757314819424778,-0.49409564310533843
-3.0543749999999994,9.1896875,-1.4059374999999998,2.6959969601939466,2.996876482663867,2.2043024114430736,-0.23019332760079028,0.8968574352987722,-0.7608548665846497
-2.8615625,8.952499999999999,-1.96265625,2.4808007897841677,2.912231210772936,1.5566492883228185,-0.7152714534828546,1.2388616798668717,0.254543116023288
-2.56296875,8.997343749999999,-2.5609374999999996,2.551973917191051,3.0265570590748716,1.9445474399185405,-0.9782682892129906,0.7937433314217308,-0.14782927446028182
-3.0324999999999998,9.240468750000002,-0.5871875,3.352521905222992,4.328125832017069,2.992784274692005,-0.6938011413790437,0.16662453714064016,-0.5480522830696257
-2.4573437499999997,8.99625,-2.41640625,2.3993457716294118,3.008702222304494,1.891625761735375,-0.8172483754538261,0.8394262744242537,-0.19850483449251463
-2.3701562500000004,9.04578125,-2.35109375,2.660872443971326,3.275215071510333,1.762392831127878,-1.4025001432182294,0.8612895616952191,-0.7706075495134748
-2.122894736842105,10.000526315789475,0.0281578947368421,2.8687443685482963,3.316879436560199,3.3178852294981334,-1.0263788281682498,0.9088881348500865,-1.2781054033345436
