1619490949585 0.4364826819296491 0
1619490949682 0.451718742137956 1
1619490949770 0.46959535251625084 2
1619490949869 0.4837982338103875 3
1619490949969 0.4979222681375091 4
1619490950061 0.5082784573031393 5
1619490950146 0.5124280269150681 6
1619490950234 0.5126752540566245 7
1619490950320 0.5249259327631487 8
1619490950407 0.5403034661213094 9
1619490950505 0.5356328896432768 10
1619490950597 0.5308651484067133 11
1619490950683 0.5390640714484461 12
1619490950772 0.5499049070555146 13
1619490950862 0.5378669768141946 14
1619490950951 0.5385839567039111 15
1619490951045 0.5447807822284614 16
1619490951139 0.55404704643813 17
1619490951225 0.553360225534844 18
1619490951322 0.5477855833790756 19
1619490951416 0.5708407945913623 20
1619490951506 0.5637111286608881 21
1619490951592 0.5491301621661013 22
1619490951682 0.5843826066121882 23
1619490951774 0.5826612410675985 24
1619490951869 0.572647601705809 25
1619490951957 0.5765111189822698 26
1619490952046 0.5784828034374757 27
1619490952133 0.5941967791377138 28
1619490952220 0.5704899707738884 29
1619490952306 0.5901866018695852 30
1619490952402 0.5866515049065141 31
1619490952496 0.5815383689508375 32
1619490952582 0.5879499431666578 33
1619490952669 0.5896266689372374 34
1619490952757 0.5775191209388645 35
1619490952845 0.5950026279233012 36
1619490952931 0.5941127082527987 37
1619490953018 0.5910650476806383 38
1619490953109 0.5986560542412057 39
1619490953198 0.5867907843890996 40
1619490953286 0.5746711550818704 41
1619490953371 0.5979473887937964 42
1619490953457 0.5871886700606723 43
1619490953543 0.595957729610081 44
1619490953630 0.6030280564124222 45
1619490953715 0.5813994655578899 46
1619490953806 0.593191016363149 47
1619490953894 0.590397900210502 48
1619490953988 0.5827736930619178 49
1619490954077 0.5900619953121902 50
1619490954163 0.5863453565974078 51
1619490954249 0.6042921852169618 52
1619490954336 0.6013434272295878 53
1619490954422 0.5955326152040604 54
1619490954510 0.6038225919472833 55
1619490954597 0.5899675116567015 56
1619490954688 0.6071198208178682 57
1619490954781 0.6037995808585792 58
1619490954872 0.5923894169844822 59
1619490954958 0.6041495418024374 60
1619490955045 0.6065857422981444 61
1619490955131 0.6046187128020531 62
1619490955218 0.6007951781389435 63
1619490955303 0.6027830521580007 64
1619490955390 0.5984296065089091 65
1619490955482 0.5953795338520176 66
1619490955574 0.6008976877512295 67
1619490955665 0.6026059964358834 68
1619490955751 0.6062672124519466 69
1619490955837 0.5998315236294142 70
1619490955924 0.6085180529242008 71
1619490956009 0.6055183121531494 72
1619490956097 0.602129702812963 73
1619490956183 0.6036837256928276 74
1619490956275 0.5987788781787197 75
1619490956363 0.5972217693959574 76
1619490956453 0.6091083465841771 77
1619490956540 0.5943186925650475 78
1619490956626 0.6110429030662362 79
1619490956712 0.6127722969043804 80
1619490956804 0.6057311250837307 81
1619490956890 0.6126389619068746 82
1619490956978 0.6036663658712397 83
1619490957064 0.6038893890095178 84
1619490957156 0.6056462986461503 85
1619490957243 0.6095559099535711 86
1619490957329 0.6110743591852275 87
1619490957416 0.6160212115853984 88
1619490957503 0.601263084758737 89
1619490957589 0.6148279302650799 90
1619490957676 0.6128721978496318 91
1619490957762 0.6164202437796333 92
1619490957849 0.6124034073912803 93
1619490957938 0.6126195079035512 94
1619490958027 0.6098458603953638 95
1619490958112 0.6098581569355108 96
1619490958199 0.6116014646202423 97
1619490958285 0.612426320551134 98
1619490958372 0.6112207487544496 99
