1621395079627 0.4789115795861321 0
1621395079818 0.4831120310608677 1
1621395079978 0.5013755719611234 2
1621395080138 0.5141662446398023 3
1621395080345 0.5107784135853928 4
1621395080573 0.5249430540344114 5
1621395080773 0.5265009234212564 6
1621395081018 0.5223101429769526 7
1621395081232 0.5345281131250074 8
1621395081434 0.5314860592308905 9
1621395081635 0.5312253077080661 10
1621395081839 0.5380739828128768 11
1621395082155 0.530201770965029 12
1621395082381 0.5316909287989888 13
1621395082604 0.5307779286547337 14
1621395082855 0.5319340836452628 15
1621395083051 0.5294463805587362 16
1621395083315 0.5414636297807576 17
1621395083564 0.5293938709711573 18
1621395083747 0.5425543943953104 19
1621395083908 0.5293260614343054 20
1621395084065 0.5366269067699491 21
1621395084225 0.5268353370420041 22
1621395084376 0.5408694122685228 23
1621395084525 0.5357759971121346 24
1621395084681 0.5426270741329686 25
1621395084843 0.5388290392709033 26
1621395084988 0.5433304389793965 27
1621395085134 0.5362270962483332 28
1621395085291 0.5462567125359986 29
1621395085444 0.5408904310532535 30
1621395085588 0.5361768369371805 31
1621395085732 0.5368533965500081 32
1621395085882 0.5468266633824173 33
1621395086040 0.5436234105432128 34
1621395086216 0.5418994141878667 35
1621395086372 0.537139108228567 36
1621395086538 0.5589718524038986 37
1621395086699 0.5437781339179311 38
1621395086846 0.5531379673829352 39
1621395086998 0.5491125820860745 40
1621395087154 0.5515492956074741 41
1621395087310 0.5635413354381454 42
1621395087471 0.5507822656191854 43
1621395087651 0.5582133260555132 44
1621395087804 0.5587196431918829 45
1621395087955 0.5400487679924006 46
1621395088111 0.5563303204734362 47
1621395088268 0.5672157081255751 48
1621395088436 0.5466644086598962 49
