4.22890625,9.553593750000001,-1.177734429625,3.696690714843607,4.070176350290112,3.939505304615478,0.46849497220348774,0.4067230128609367,1.3179585710314647
4.64578125,9.428125,-1.3158532683437498,4.143857202492436,4.161863267741385,3.5471296354034347,0.3260304059775293,0.6071445043837885,1.6113554172736602
4.688125,9.341875,-1.44929011765625,4.17669122744009,4.320057824772141,3.3914330421110606,0.4018269820553858,0.5238225706556905,1.149169119844198
5.412812499999999,9.01375,-1.436095443125,4.58264847984697,4.303049608998251,4.239216898890812,0.3001897755984995,0.6268495439641203,1.2269937519642813
5.53484375,9.08875,-1.4107700870312498,4.165735976461535,3.9779362190085457,3.409738351953871,0.08938301129588684,0.7415534611589787,0.928723788090926
5.4825,9.087187499999999,-1.1507065459375,4.1303938220223015,4.273562063998106,3.5743983047609373,0.3094776767092334,0.5199936754716797,0.8629467568115533
5.3128125,9.20046875,-1.61018045740625,4.028440093863101,4.593186336060561,3.2763868266302514,-0.100904870218601,0.4304201278752907,0.5134663383352771
5.3990625,9.145781249999999,-1.1089942855625,4.6476851491999485,4.210405935257127,4.101339036103488,0.42578849477367725,0.2229586001104693,1.1579148740801986
5.548125,8.830625,-1.1426194725,4.569716510285403,4.309451050815522,4.2005057324163575,0.21897007537969582,0.6879096662110148,1.1773307229506607
5.3071874999999995,8.33015625,-0.9423578106249999,4.460313353884875,4.703728737723503,3.4189860975753565,0.272887324600344,0.5843232504680986,0.8384946158218736
5.217968750000001,8.782343749999999,-1.27392816390625,4.35142152767615,4.262877088227613,3.824391611582463,0.1835286582284257,0.5483129818079504,0.9368228142204885
5.66484375,9.0375,-1.1000559071875,3.8818600535807493,4.130439595248912,3.707223175895212,0.44176626249486045,0.5826962552662135,1.2170938175613166
5.46109375,9.04765625,-0.9017095690625,3.9967385599024285,4.028337025912298,3.3361696144086173,0.26872134744335413,0.8107088223365291,0.979341517011125
5.1390625,8.870625,-1.2066776737500002,4.169056292627116,4.081132224564036,3.739408517941236,0.5876272359902286,0.7527586062762412,1.2799743373803494
5.41125,8.90953125,-0.91171202521875,4.1970642641613205,3.915451534341019,3.4201812397164395,0.37089350664811604,0.7635931924031529,1.421079184674452
5.370156249999999,9.05203125,-1.0151415384375,4.507811793219182,3.9977252046036678,3.5194328368693455,0.26616814987325443,1.0264913003762894,1.335355524821044
5.14421875,8.822968750000001,-1.1206992059375,4.180648052592856,3.94619067887291,3.5557721478564357,0.45605310232528906,0.9733602683008118,1.8418108759874772
5.2592187500000005,9.2465625,-1.0951610853125,4.167495615132479,3.8515699797087617,3.471425389449962,0.03191533600549881,0.8205348304346639,1.3353522306630896
5.4439062499999995,9.05296875,-1.5888986686875,3.978293689348605,4.127195506518129,3.7850678762004213,0.47064509934575666,0.6889187741040238,0.8921276664256127
5.0434375,9.079218749999999,-1.6563619646875,3.5771449940691182,4.108121645247185,2.8156173685112873,0.2665310178950983,0.9617395080828814,1.337544684340319
5.487343749999999,8.294062499999999,-0.7306039956250001,4.042249235492035,4.256472541447172,3.3565585754671976,-0.024805720082110808,0.48247790427215703,0.8159451026244671
5.266875000000001,8.4303125,-0.9476782621875,4.114017149863987,4.506182894351243,3.204281625341225,0.1719213170659132,0.4852546970412711,0.48731023404006035
5.22390625,8.04703125,-1.0764330956250001,4.19689938272422,4.804535188134585,3.5605504074934373,0.34587706615563923,0.2838112949174809,1.553976137111722
5.4907812499999995,8.86640625,-1.08175354109375,4.20554481632861,4.432648533603915,3.8969288067030745,0.3713472093240569,0.348771755526202,1.1254561213414405
5.06078125,8.36609375,-1.2530719875,4.321135305350718,4.661195734863635,3.8061607037984886,0.28264132687730253,0.4227377567224315,1.5496837534620638
5.5703125,8.7803125,-0.6603740234375,3.7329792763078324,3.9729695949432777,3.7717175307885538,0.137314413046953,0.7273082799328044,0.8383487235104019
5.7173437499999995,8.685312500000002,-1.10835580009375,4.034811117863628,3.9693898967402723,3.3353539140306503,0.3433199009551972,0.7972967355268786,1.0774804260499224
5.5325,8.823125000000001,-0.9936469376562501,3.6699680686621785,4.15390587090933,3.571228062316689,0.5530860485576646,0.34241710206604875,1.3462356033517484
5.725625,8.81671875,-0.90681721640625,3.8218777596065263,4.184037394777733,3.5617639027712213,0.46861644779232736,0.4911232463087436,1.5136573598808547
5.5778125,8.17859375,-0.5505600096875001,4.365021287444512,4.735590270490146,4.050848468563106,0.42473643256860694,0.6112373054746475,1.1343361443796982
5.803125,8.9334375,-0.8674458924999999,4.189381620164843,4.598118915229765,4.019629645952817,0.1485630853573511,0.4352582314634224,1.6242697676294022
5.60703125,8.951718750000001,-0.8842585183437499,3.823605006930428,4.030073105217626,3.788514126161159,0.15374391884838967,0.5720378351758663,1.0991705706518857
5.69796875,8.868125000000001,-0.8289258454687499,4.480357191287703,4.070536234254033,4.141900081798863,0.46753873494891346,0.9314311512644993,1.7348169230347532
5.6723437500000005,8.46703125,-0.33540105640624984,4.438560697944316,4.607724723116979,4.022213100267806,0.3843870906667182,0.44871919935913035,0.8363706072812905
5.1346875,8.7675,-0.99896737234375,4.143722273191551,4.520386805904999,3.4807902529339607,0.29968365871261765,0.6439823979223618,1.1237480113093439
5.50828125,9.0190625,-1.2394516743125001,4.450560201637367,4.37558843141054,4.0053231292555225,0.35294155129418087,0.7237721879997449,1.788615732645323
5.4878124999999995,8.967343750000001,-1.2122109259374998,4.349080890239195,4.205481260430956,4.041082243962277,0.36422726442590353,0.6661052269085914,1.7735409589287707
5.506875000000001,8.95765625,-0.7257091692187501,4.271974029576374,4.111679151433869,3.9354360644424635,0.3668364717961904,0.8321417287917187,1.445517906670352
5.3032812499999995,8.96265625,-1.1907163446875,4.068081571318161,4.265901590735063,3.365735752018891,0.30497075904246795,0.7497605329845549,1.4187294363704663
5.4365625,8.939375,-0.9102222968749999,4.093530421114976,4.180392428872558,3.6473548464876524,0.33204732026079237,0.7401217462168347,1.625290685247058
5.489375000000001,9.15625,-0.7010222836562499,4.27051368214352,4.042466952555086,4.065958905709539,0.48610084407560766,0.7049918249373637,1.5859973820805364
5.131718750000001,8.7584375,-1.0317413372500002,4.344850599663749,4.490249581993606,3.4826075228140905,0.4505744309553353,0.6255749479057978,1.7969516435484574
4.72265625,8.71265625,-0.8308412247812499,4.021177238301731,4.577297320126358,3.1508049070179447,0.20269736801546862,0.5206371029117304,0.9196883323972364
5.270312500000001,8.9965625,-1.10835578165625,4.23503983480011,3.7392910502652437,3.453321018602346,0.4457091121980449,0.9351202935384026,1.5946673396958877
5.39046875,8.30609375,-0.750608845,4.45981902298439,4.318744253681959,3.6229493858989454,0.21772255850243472,0.5405735069582647,1.299392124589568
5.22234375,9.08234375,-0.74933193890625,4.204555097669186,4.612438936651188,3.2323768254410057,0.24891271741547039,0.3990515724477996,1.8039122828309921
5.575468750000001,8.86734375,-0.8138157745312501,4.048322156186861,3.9820704579195905,3.7961657208847086,0.28607886416045414,1.0190559342468528,1.2996778724876543
5.472031250000001,8.719999999999999,-1.091330355625,4.2573741832875625,3.9721636893511825,3.7781280604181817,0.7013179772950848,0.5187430867629231,1.9670191977279585
5.367968749999999,8.024531249999999,-0.6416460776562499,4.300349978376579,4.841774251787607,3.326381395434792,0.2689257481039962,0.3883248898372408,1.062127272017287
5.24953125,9.07609375,-1.09728924515625,4.462803361428042,4.155886118352011,3.344929026382193,0.36111280682027513,0.9813812279721489,1.4529289142124457
5.23609375,9.085,-1.18560869734375,3.983386050674845,3.631804819920806,3.2906791024628377,0.669734390951991,1.1009080886247558,1.7848509722946293
5.58171875,8.94640625,-1.0870740373437502,4.089803844122409,4.047465783976554,3.597926603508233,0.5645876786105556,1.0151511658263161,2.0926502666962143
5.26140625,8.4471875,-1.24221827515625,3.9468206616162504,4.109681202945522,3.021260322655696,0.5310331005615742,0.8866280636137832,1.7250375095602697
5.7209375,9.029531250000002,-1.06941010696875,4.121716389575313,4.083403310080139,3.7940065223175954,0.35809732707777575,0.8723081623791128,1.1756837332712222
5.5478125,8.82625,-0.8033877151562498,4.126434776516376,3.752798747268497,3.7378615576001724,0.5652372319237402,0.8458437809459672,1.5917058198793779
5.15015625,8.401562499999999,-1.4150264565625,4.064585807691349,4.257275103701163,3.184246182710819,0.4037537187525506,0.5822621235218223,1.2423371945486468
5.83328125,9.210625,-0.9578935039062499,4.263146232056607,4.056260545055631,3.7863396071202016,0.5955387213672564,0.9239961615227096,1.4225337141346464
5.750625,8.309843749999999,-0.7210271315625,4.075876774925243,3.840520184569525,3.9314982864623538,0.3691175514794842,0.6906706443393537,1.5845797232529548
5.684531249999999,9.02734375,-1.158155223125,3.8678663892737344,4.416780941119441,3.6444229849199057,0.514187015022226,0.7604663310106647,1.5273360740412871
5.776718750000001,8.735,-0.73890387375,4.227991195106541,3.833996772299111,4.04134830851979,0.4819739213455465,0.751602346541936,1.1353891629608444
5.64890625,8.678593750000001,-1.0898406168750001,3.9604585108559003,4.108033998759131,3.635820121372006,0.33628562142037743,0.6030006844375271,1.2125314742485087
5.59265625,8.87109375,-0.9185222094375001,4.026568499583229,3.8211496622366075,3.648133861738605,0.3667498880399123,0.7873236208173161,1.3731164763375292
4.9275,8.219062500000001,-1.1864599871875,4.215177561503192,4.540868831632747,3.14065058312766,0.380539928419202,0.5846064331395441,0.7519231146195898
6.0493749999999995,8.7853125,-0.79402368921875,4.533619165123489,4.017637664392317,3.9052938356896134,0.3736920818437795,0.9783329720006314,1.8289325426908203
5.78140625,8.892968750000001,-0.8244566765624999,4.402339174797977,4.004407602757671,3.802655084645006,0.4069117497094553,0.8297103721274925,1.5583566526583756
5.60921875,8.9134375,-0.7725290796875,4.4388981264665714,4.147994703298662,4.2033102061589425,0.6288316078072517,0.2911284544554822,1.174595732854011
5.745468750000001,8.7603125,-0.96257550640625,3.8572030547112033,4.138815866566638,3.562384964585803,0.16806349914285218,0.6123843006345697,1.1072350904509205
5.78109375,8.62890625,-0.8159439500000001,3.5691294094233874,3.5461418811450476,3.4601059488619255,0.18844421658727725,0.7806284595603032,1.474509366732824
5.710000000000001,8.83453125,-0.7557164885937498,3.9524098661449574,3.807844259587495,3.8582091295222094,0.47384260622067337,0.8753903331866889,1.732291890977465
5.47828125,8.90203125,-1.1875240823437498,3.738205850859264,3.9217148591558053,3.543016141776896,0.39597235592980695,0.7202279449821435,1.2636041604097907
5.8934375,9.016875,-0.87829963375,3.8533144088685196,3.86430454407711,3.690645332492543,0.14070274842941782,0.7376157923772145,0.9436685821045809
5.72640625,9.024687499999999,-0.9395911792812499,4.0381463751901,3.8752237712606674,3.6756359222519004,0.4338306630567694,0.8252252435039631,1.2102496499881545
5.910781250000001,8.35625,-0.58993133071875,4.255122025529754,4.296656949012802,3.5285153735770343,0.2308349144306792,0.16217829073935622,1.0551740803265404
5.75078125,8.819218750000001,-0.9962007551562501,3.7107551896006883,3.8495159211449477,3.6162591278363903,0.39989397447238884,0.904053243423163,1.2934859948131152
5.90671875,8.498125,-0.40903604625,3.987989411457663,3.9149500615429313,4.02768676368493,0.3142435747786424,0.9202574962471154,1.1732541128784224
5.7670312500000005,8.87984375,-0.88936611921875,4.119644128929517,4.060197998630847,3.7028356969642497,0.2577360265364652,0.8138675639985855,1.156493174251678
5.58390625,8.888281249999999,-0.9415065510937499,4.531736221219296,4.35853887310856,4.297942400698396,0.16297297547086018,0.6495471752710468,0.9486424201011576
5.76015625,8.5709375,-0.88638670140625,4.291827805619179,4.237037481672041,3.7157357020087742,0.3214768846096707,0.3927824055204035,1.5009248519216178
5.36671875,8.108125,-0.6469665109375,4.607954079187252,4.7284044861216135,4.189040325693346,0.39138696113553534,0.29468976000825853,0.905382152099207
5.72625,9.033125,-1.201144429375,4.040607356883369,4.103404027070086,3.922795298539576,0.49273482193894164,0.7001561605600964,1.3867520362755146
5.58515625,8.982968750000001,-0.87297918203125,4.0641842632422485,4.104898247706444,3.5626605508968634,0.4404815663001502,0.5971123105554521,1.1128566819185217
5.49796875,9.111875000000001,-0.5897185039062499,3.8277658217978066,3.960624901372888,3.861309009952412,0.17352530657124807,0.6187553395695898,1.025517552821811
5.5690625,8.936250000000001,-0.9534243287499999,4.00115909719843,4.28520802441375,3.770985030834832,0.5636516613823479,0.5696729160667194,1.5897679604982868
5.665000000000001,9.01359375,-0.73613722175,3.970119251987275,3.917656493040315,3.597933537650178,0.3422585157309581,0.7810293445108124,1.209249682311071
5.530625,8.94453125,-0.610787459375,4.397566043776375,3.909389310400467,4.202894837392411,0.5833218442435852,0.8268293900610084,1.5788285672325073
5.20484375,9.1003125,-0.683784021875,4.346516921695571,4.0372619777943255,3.8064418585997344,0.32242837425916954,0.6023551077279109,1.47614249174377
5.168125000000001,9.0146875,-1.1266581286875,3.8770679461901363,4.05629948688996,3.3051692479572403,0.5530571212767347,0.4137754083014026,1.7624666762886436
5.8396875,9.50046875,-0.7946621671875,4.059157459047844,3.893253953028679,3.6983823048587103,0.4454615761435987,0.5185371851766348,1.6366022756600223
5.61234375,8.372812500000002,-0.69804285,4.17798124928008,4.561328092216537,3.713017315524919,0.27016204001050487,0.4513598576911285,1.494358657723109
5.6498437500000005,8.7578125,-0.7984928729687499,3.886368200272066,3.592365806796929,3.5982413989951074,0.48795796746393816,0.586152810394321,1.2212359699878277
5.4282812499999995,8.998906250000001,-0.7950878075625001,3.8322286901225553,3.779110393493545,3.692361447416109,0.24801504927367027,0.9760617083547907,1.414730230449009
5.6325,8.82046875,-0.80530304984375,3.566089419798668,3.811700502108401,3.346938474834082,0.4865136810476493,0.9342430307547237,1.4891970819210267
5.776562500000001,8.63859375,-0.4681994815625,3.463651080665278,3.7376366476639937,3.4198953379126333,0.11473021957355527,0.4343023408270943,0.9502419490301258
5.42546875,8.10203125,-0.6188745297812501,3.7941702525418437,4.3778826859023345,3.105833038572189,0.15969417198152822,0.5503837312265046,1.3527204134588362
5.51765625,9.04296875,-0.80296205678125,3.137439612062029,3.615405267604648,3.2371914996802005,0.5683437688016963,0.7529924398101944,1.2269645997884113
5.814375,8.62109375,-0.7080452459375,3.229950597048661,3.205729303327238,3.478066298443491,-0.10545653536867487,0.9391066955745506,1.081035384111721
5.668125,7.5523437499999995,-1.5531453058437499,7.647844033410657,7.540465366562992,5.266134508023672,0.6266792234573928,0.07492762699337009,0.5580253334997489
6.20875,5.91,-2.4584727784375,8.286844902464388,8.824046336573716,4.64944391075667,0.3584187674735832,0.27849112057571535,0.07143501998837581
7.1475,6.11109375,-2.724282379,7.845882279896888,8.752655867861534,4.042995101112571,0.2767221700251553,0.26430243364210587,0.9621486643385182
5.25421875,4.91078125,-2.15116364484375,7.741757876260949,8.401641079405168,3.833197022389779,0.7393700301192658,0.593666753422355,0.08489588090247432
7.145156250000001,6.00296875,-1.5846422996874998,7.163395448429881,8.821995890898126,4.744463719327856,0.16982803155120776,0.37265422303298296,0.9189286075021814
7.5609375,6.43953125,-2.91390315334375,7.982451401110674,8.729540979786591,4.5436919294298335,0.07175408303195956,0.2684291041053784,0.5030061162183398
6.97265625,6.631093750000001,-1.7870322080625,7.45280447260197,8.504160400428189,3.5660407319610505,0.38222673840771754,0.41824386278204617,0.453913379556674
5.5315625,5.7584375,-1.184757414875,7.181401808393244,8.1726099753135,4.501404283791091,0.3913483952931964,0.4208601683906499,0.5291882378188407
6.9171875,6.42859375,-0.938952741,8.005447260449833,8.777200555129234,4.470694907157901,0.21441779629584415,0.40277393040114223,0.775444322453741
7.23046875,6.5740625,-1.0951611065625,7.3193633239355895,8.50066609867096,4.214018073864881,0.20777855920467445,0.25827706255402283,0.8924261768380426
6.62140625,6.549999999999999,-1.9649479876562501,7.956030312596914,8.643366495469227,3.9260439534536116,0.2626273397154289,0.4388875424420455,0.6491844907238328
7.56921875,6.855625,-1.8781182625,7.616671333472939,8.557508558825694,4.584005927049926,0.2528470746815607,0.27277907410314484,0.9729922941037801
7.14484375,7.124843750000001,-2.3714302443750004,7.668909022839294,8.757990635732943,4.889167177404417,0.262795920755213,0.1697596218086697,0.8870608295298312
7.79046875,6.754531250000001,-0.9668318588437501,7.198411810446346,8.98633544779369,3.9402332583706285,0.082392108226825,0.30136464324812007,0.7773376761529251
8.1221875,7.5170312500000005,-0.71272727759375,6.962249651861369,8.956708149427635,3.9974329087276748,-0.012452658832583478,0.02969272595361402,0.8317787119810016
6.3774999999999995,6.64828125,-1.39629842271875,7.4370058659382545,8.558161775953902,4.142560045098971,0.3421894786478559,0.10862175688601663,0.2455021503329297
8.00625,7.309687500000001,-0.5311935621874999,7.797400107567906,8.361373423507873,4.520343695517384,0.061045427264440226,0.1904179717748797,0.35782847850057664
8.147968749999999,7.6296875,-1.57102200121875,7.471045187021923,9.66764319275095,4.585121271532708,0.08845564445400933,-0.07895156093715462,0.8589062374513171
5.90421875,5.0023437500000005,-1.11069679,7.292334118075532,8.791564803511143,3.7566759154645597,0.42655805494545934,0.356743843584134,0.8906724165635429
7.00953125,6.569687500000001,-1.7863937688125002,7.191043133146501,8.76946352562936,3.981845717571323,0.07022968001954168,0.2176421460742388,1.0795810249731108
6.14078125,7.715625,-1.6482748634375,7.76568499568122,8.674617224084011,5.060374218051581,0.4163016238096119,0.09541530842840176,0.655336426949888
6.74625,6.0659375,-0.9019223687500001,7.100763273233378,8.251052720477173,3.836826317616536,0.3298812399955704,0.5934040801674993,0.8556186208567635
5.46453125,5.35,-0.66782264421875,7.1819628518444345,8.083783148996515,4.074009011472618,0.2386589698613317,0.5380484022900026,0.7085739823679768
7.2440625,7.03703125,-1.1751806351562502,6.844922552234886,8.352871265261031,3.7390447246757397,0.10529630870949613,0.13811701828611905,0.5990360294802558
7.659375,7.37765625,-1.0630255549999998,6.864888672394841,8.630084143236143,3.8633299072037186,-0.11557314901529983,0.1266574655211325,0.5703394576867481
6.4484375,7.22984375,-0.4773506113125,6.896999170551911,8.182320784049349,4.457913935895891,0.2677546499874062,0.190304750610664,0.6062113564602097
7.2075000000000005,6.522187500000001,-1.7057357372812498,8.35370632563774,8.594685943351493,3.7219918817301756,0.08903236909965069,0.47832121066430705,0.17103195635522556
7.00765625,6.82015625,-1.64146469046875,8.165650185033396,8.6372517135421,4.855659912224455,0.2522318596553273,0.2521575619711163,0.7146550094957699
5.977656250000001,5.8959375,-2.9192235956249997,8.026477812174898,8.480665458623736,3.650007052854894,0.49667525921670724,0.6165652193075998,0.7925898488202011
7.829062500000001,7.5684375,0.011279332812499931,8.48475318563208,8.925500724530458,4.431744289402911,-0.02608480052403027,0.0336656091952144,0.06047235685215749
6.49640625,5.44875,-1.505261256875,7.5481188399799946,8.565532036160976,4.204657768597455,0.30409540088833464,0.48558023763364627,0.398914500933889
5.5640625,6.3278125,-2.081997875,7.682430791819328,8.950797357768957,3.71006285440612,0.47587748642557726,0.2769022541404806,0.6566148604006804
6.539687499999999,6.22921875,-1.4086418930624998,7.550942815459785,8.301091664784122,4.5265862498291565,0.2913355205629008,0.4465389279384365,1.168872062520593
7.76,6.85515625,-1.26924614353125,7.463884712400105,8.451769968508723,3.7893492064124925,0.09544655949193417,0.20813637780398372,0.8574579789269767
6.7040625,6.4434375,-0.78444691609375,7.708946450137901,8.24321107388339,3.9353419951303863,0.20775530884056626,0.27651190654724733,0.5204166268983205
7.033906249999999,7.427499999999998,-0.34433938828124994,6.990535033437064,8.711630157438963,4.166375022163927,0.24547624273021354,0.23816572444634754,0.6528396719935586
5.955156250000001,5.8896875,-1.4395005052500003,7.246873462092872,8.378472968109627,4.33553674233586,0.4085431880072323,0.33466119687075807,0.33030929322095764
5.752656249999999,5.149375,-0.59631586921875,6.608352962867218,7.750490685071172,3.094818055727514,0.48203778845388523,0.608939270210069,-0.11314617053778832
6.165625,6.8970312499999995,-0.46436874584374993,6.750848065937715,7.9229882461747625,4.200330801003555,0.2776305549072915,0.3187561109529068,0.5862271312394408
7.280625000000001,6.9409375,-0.011705007656250044,6.28185976517902,8.099499351570673,3.9720465816394483,0.06418711288077975,0.14222713375779703,0.5928203721370896
7.199375000000001,6.479531250000001,-0.43478702203125,7.635660964145475,8.039302369781439,3.5454545167864913,0.0882064217325926,0.3867546291191612,0.8662010342180756
7.195937499999999,7.090468749999999,-0.79146987234375,7.139754398513562,8.80751249461353,4.0820092251750735,0.2809582824759744,0.1611680186457271,1.1204000393304625
6.61875,7.346406249999999,-1.44886448125,7.429100824628779,8.571963268263632,3.9356003076302235,0.21600821499799572,0.22965975438515462,0.5609467048364484
6.969374999999999,6.74125,-0.48373514312499993,8.27872874355568,8.4716727428826,4.68776723852661,0.2630900771943716,0.3254907661290192,0.17068463875222994
7.0337499999999995,6.28796875,-0.6744200528125001,7.461205394405116,8.593321749272713,4.967162883159881,0.24502735147005103,0.39012894957119426,0.983144926984828
6.8584375,6.4846875,-0.9017095801562501,6.839326816916541,8.254327079013997,4.054404247831557,0.0955000119027572,0.24405030431105224,0.9031509353446403
6.8196875,6.44671875,-1.01301338065625,7.380454120671962,8.37711560120179,3.761232912637067,0.13849697924512303,0.1011470959093157,0.5906294035411673
6.012031250000001,5.13609375,-1.2432823424375,7.900654478365919,8.850127226696287,4.313168950279776,0.4526118069659125,0.24876646765166727,0.45096152593834654
6.316875,6.4273437499999995,-1.5256917792187497,7.643934661506141,8.255822423104554,3.791780613942402,0.267229720132745,0.4162047840658457,0.33693718171393944
6.6284375,5.155625000000001,0.3311447249999999,6.239305154309553,8.155711739901982,3.8222930539383486,0.3490939348692605,0.49109848664133193,1.2125928308805503
5.7309375000000005,5.878281250000001,-1.4282211589062501,7.344747638353121,8.235232721872432,3.2210060792222954,0.4977025298095023,0.4231346454554138,0.5634690754699092
7.2525,7.08578125,-1.53420447625,8.241132165849544,8.251635028262486,4.762008522729861,0.16063549762060592,0.21688812248861658,0.8102347942574925
5.79296875,6.124375000000001,-1.1402785120937502,6.820464078713664,8.904605177062878,4.046915708033448,0.5723942462480424,0.2999052905411898,-0.1179417194138712
6.925156250000001,7.08859375,-1.12155047453125,7.595360012901688,8.577749717143822,5.262475768973967,0.17270394789370563,0.20184840366061985,1.3907426848174187
7.1625000000000005,7.721250000000001,-0.7431602479687499,7.979432153981885,8.251096233986123,3.573730699817127,0.3028415579368729,0.17105773177141037,0.5579197696906212
6.66625,7.660781249999999,-0.9434219026562499,7.556123241285838,8.412305217783555,4.217774516360692,0.15176985742478705,0.197099919656714,1.058699977348249
7.5178125,7.340781250000001,-0.94874237484375,7.897815257388827,8.42346894557987,3.8864545626233986,-0.03195501862753271,0.23948243954516193,0.5614281190112604
7.240468750000001,7.0328124999999995,-0.5290654174687501,7.085252604372934,8.397010343857138,3.505438321407439,0.014806371681346672,-0.011095459991840494,0.6117056383043599
6.626250000000001,6.594375,-0.4303178520000001,6.906425789617956,8.899522437152177,4.125449227478961,0.2119045160959285,0.32945473672443976,0.5354396658716558
6.623125000000001,5.56796875,-0.797003168125,6.991766558558359,8.036364068191748,3.8278077208002896,0.14814931029287412,0.6168530793562192,1.0690672669243295
4.1640625,4.81015625,-1.75510949828125,6.717032156845295,7.9967820661242195,4.069191430308916,0.6452481371541465,0.7344308465882436,1.1476909762370184
6.09578125,6.1773437499999995,-0.8261592286875,7.858268098929207,8.515125006823796,4.216707199394648,0.4083216300133841,0.5685706448248178,0.4217561075700734
7.1489062500000005,6.97046875,-0.5501343615625,7.215801046398864,8.3439482990832,4.249173030327035,0.1264157260024713,0.2224592891744624,1.2107342259087233
4.94328125,4.351875,-0.96151147315625,7.001582868958878,8.141843670777215,4.0227969332673705,0.5271060971020906,0.8084455127891268,0.7245305345237448
5.858750000000001,6.97296875,-1.34437087234375,6.399063285942717,8.365525924831232,3.7429911907037763,0.3953643262915899,0.2976665090439556,0.9784161768617461
7.6714062499999995,6.981875,-1.218169873375,7.97197824162616,8.706528059988953,4.247387672643252,0.004987717583568185,0.08702083090656197,0.5575394260676432
6.4853125,6.69890625,-1.0785612762499999,7.068447488829761,8.120919767256105,4.16728317741258,0.3174471375240773,0.2981473620323495,0.477813821188641
7.294062500000001,7.1303125000000005,-1.60273187234375,7.572551939147974,8.543808424955685,4.799598456171293,0.12856587157499993,0.17608951418198468,0.7345760885902705
6.72046875,5.14265625,0.3030527405000001,7.912513118015884,7.567559927535159,4.800548294513948,0.22375598466721738,0.8774045862214562,1.1056424176525679
6.60734375,7.49375,0.04809683171875012,6.977633517664563,8.523793994607097,4.400351304867901,0.11910256797782441,0.18951913237165854,0.23037465160594994
6.380625,7.200000000000001,-0.6659072967187499,8.049073486083662,8.49850299317474,4.7857501173431745,0.2833308462236611,0.29874670757616184,0.6963467388148914
6.2790625,5.62359375,-0.88766358125,7.493872438272068,8.795483103415124,4.587389342104485,0.18896436730440544,0.4546332345395524,0.9261617294306388
7.81765625,8.18671875,-0.8557408889062499,7.356353916468127,8.65548941689021,4.363358525589718,-0.0833715491231861,-0.09439451619143194,0.9060135461066325
6.12265625,7.2123437500000005,-0.015110055000000011,7.039284241443581,8.207694130773632,4.650011911563708,0.28191510183647905,0.23087442103624162,0.7649243184153794
8.049687500000001,8.07640625,0.35178807593749994,7.6466653207358135,7.88914530525715,4.88963879399102,-0.08211822055230847,0.13181154134427517,0.7493252633782319
7.249375,7.134218749999999,-0.64483836,6.55873674836664,7.994290698032468,3.8966561256764742,0.11466844747235104,0.05422540424284548,0.5517566688208427
6.42078125,6.8953125,-0.685486570625,6.779364900353752,8.691654756278794,4.347791377280146,0.04329287415698958,0.18406200872623885,0.5728793894567815
6.92,7.846874999999999,-0.28730425265625,7.117638960708811,8.749410850701606,4.394675130309028,0.0638910237894536,0.06390068572319123,0.01849239207254656
5.8428125,4.5759375,-0.06405819478125002,6.450399325998643,6.905246356654754,3.388839651627759,0.1504894093158861,0.5814821558537434,0.22693010994821136
6.808125,6.956875,-0.3336985046875,6.751952466462942,7.673712203645313,3.701038172711134,0.2939206995408224,0.3216130669791682,0.6307981709779606
6.59625,6.560625,-0.22324596593749998,6.957528858186647,7.995417999352816,3.645482806931831,0.2829030977538159,0.3283727463140714,0.542776823253592
5.925,6.3296875,0.10045007093750002,7.188352123400745,7.8389649684983125,4.748918085893618,0.3107478441458038,0.4346519216650198,0.913672429993128
8.55109375,8.57265625,0.42457176953125,6.4342006392566695,9.205607197889552,4.774741488974748,0.15327263195880014,-0.08321539196971424,-0.003584900646603496
6.2596875,5.452031249999999,-0.40839762125,7.031360547742076,8.485128751911985,3.532535568838445,0.27733298487465663,0.4182875343998296,0.4212896753886872
5.846718750000001,5.63953125,-0.316673086875,6.669935825845585,7.899518859890989,3.906444367271052,0.2227732286037018,0.5038064483464666,0.7554262142687556
7.1896875,7.110624999999999,-0.9063915815625001,6.982702952821619,7.859291252038888,3.4898195342855742,0.03754117189399592,0.32094698800953936,0.415591122541314
7.1028125,6.30890625,-0.66058683875,7.48728640529022,8.215525720622566,3.9580858675534323,0.05647402001792944,0.35959093668207687,0.6338286951865635
7.13234375,6.95,-0.796790365625,7.571159039033319,8.208495789424516,4.029711484667224,0.0896733694613376,0.38192240753865214,1.1074409804205374
4.738125,5.594375000000001,-0.96853440921875,7.25132097340719,7.922358170669577,4.156563230128808,0.6434004739137571,0.6527588208774177,0.46422789718996715
7.307343749999999,7.52953125,-0.43329731828125,6.648993871770069,8.051946470746898,4.203130423897332,0.1014339200535896,0.27746937997389387,0.047509687990117226
7.450312500000001,6.91015625,-0.62419502171875,7.020649669179039,7.984916149408579,4.429640898707519,0.05672961437387098,0.34308330203427856,0.765253929982376
6.7485937499999995,6.328906250000001,0.13258555915624998,6.808823748266725,8.657225146732118,4.530503097669169,0.282495642082212,0.13299644402371766,0.546058672496537
6.5424999999999995,6.1185937500000005,-1.09579954765625,6.80104932161207,7.955505928912437,4.0490098577289375,0.1883861913712654,0.2580114170737848,0.6061895908707176
6.600312499999999,5.63640625,-0.084488715625,5.95991478775861,7.982788392689671,4.357222339731017,0.24022009427011318,0.4255841024079862,0.6850256945410668
5.92234375,6.436718750000001,-0.9376758265624999,6.681518760307116,8.08717291739817,3.8784173883094586,0.28904209933343433,0.4649824148727873,0.6211346042948703
7.175625,7.69328125,-0.5890800523437499,7.309104526846979,8.460299945681502,3.8931075125739016,-0.0018824031060661614,0.09106618179990456,0.4243972695401901
7.545,7.342187500000001,-0.34838296546875,7.103172046698573,8.295480785635258,3.9188591993641597,-0.21435687374840642,-0.010813414304541061,0.6783838091155187
3.725625,7.7796875,-0.18642849665625008,5.082723456413402,4.748479351576012,3.5550256085197565,0.4607792222644947,0.07152763481385896,1.2618826845780748
2.2878125000000002,10.01171875,-0.9278861803125001,4.459214290639523,4.7485315344218195,3.3382666539149004,0.0468484477439931,0.3831525824863356,0.7919463781411824
2.83921875,9.985781249999999,-0.9361860776562501,4.477482308971018,4.689114990021937,3.3784634219580076,0.6895046632722147,0.3381865845631036,1.5539486218609488
2.7160937499999998,10.002656250000001,-0.9981161138125001,4.564158129240368,4.673582085171495,3.722159101110325,0.41166513384974224,0.3738390282280877,1.3800607760257635
2.76484375,10.01296875,-0.57056488078125,4.006896395664098,4.36921963845072,3.903105375899753,0.2688197873349249,0.09080530652992018,1.1005380596225156
2.88921875,9.90234375,-0.37988001156249995,4.162798902439132,4.4070269677341365,4.174037409873791,0.40888030047834806,0.3485710933855251,1.006023808228485
2.6095312500000003,10.01515625,-0.7214527845312501,4.196492370751249,4.4810134150196355,3.180342055282788,0.27701013973055133,0.27679147837295054,0.9487460670070103
2.76265625,9.81171875,-0.6627150206249999,4.112454879003043,4.546282325526918,3.3623317524072025,0.720248944618424,0.31293890473442404,1.2987909026484599
2.8571875,9.959375,-0.8250951178124999,4.466654742628284,4.52688768464328,3.4898360462732394,0.4978366722907484,0.3778075674484686,1.886622724055316
2.7715625,9.7503125,-0.98470858615625,4.586758870225657,4.692567916646892,3.2521545225559203,0.6319772821386668,0.345614461734431,1.0510563404914723
2.563125,9.769375,-0.9206503584375,4.817001749986708,4.889850417893681,3.517803118700885,0.5571091198626699,0.30683769589937554,1.2810950304996038
2.9115624999999996,10.08015625,-0.5771622295312501,4.658556716794779,4.457658260015671,3.251007052775638,0.43739948065752476,0.04364676080173319,1.1242695279786228
2.60640625,10.02578125,-0.94150654609375,4.475271418859524,4.40022648731272,3.138467478082841,0.3846596793075865,0.30619916186386054,1.176883219495258
2.72078125,9.90015625,-1.0719639426562502,4.6619963885816595,4.6052702459341015,2.9356615560537125,0.6462322935754887,0.450865947218214,1.6460949956462465
2.5473437499999996,10.22640625,-0.7231553509375,4.444759288402009,4.42209274806182,2.96810871982093,0.36289189413577794,0.4074019328968974,1.3961390230309139
2.6381249999999996,9.837343749999999,-0.76976246890625,4.20298661482225,4.400106263698178,3.24874287592012,0.5504511356327968,0.3692388546637466,1.1515185013765445
2.8796874999999997,10.01796875,-0.8525486368749999,4.465591355279136,4.332660549422656,3.245264618880719,0.5661923419054922,0.39304312474733044,1.6552409676726407
2.8785937500000003,9.94140625,-0.6333461590625,4.277934616723465,4.2622338139713705,3.0866216635079633,0.8623028760579086,0.30657023239561465,1.217123180973383
2.74125,9.750625,-0.7916827367187501,4.536029203775037,4.397890074726175,3.2765071736895477,0.5585083568136083,0.4785178061916083,1.102733154428034
2.7403125,9.932187500000001,-0.8410564849375001,4.238340613063531,4.3092790394500735,2.9129956278575326,-0.13798204720164525,0.3361362548804398,1.0958119833973752
2.83484375,9.952031250000001,-0.84871790021875,4.661268266318292,4.221126989504513,2.745120890868367,0.5775411758847423,0.4159222417980857,0.9884176351075493
2.4381250000000003,9.94765625,-0.82913866875,4.348493228622416,4.56198378661476,3.4157532487025484,0.32937579731668415,0.24983706250867682,1.179529314052739
2.9275,9.920781250000001,-0.84999483734375,4.625016216187787,4.379194169838606,3.3065346382925593,0.4030260493029925,0.44096000300458876,1.2111147701832512
2.7854687499999997,9.818750000000001,-0.7872135264062499,4.551644252934695,4.371221761418654,3.4406311678629633,0.7148112397128359,0.2512938764389226,1.1860894704814242
2.8346875,9.91359375,-0.9087325556250001,4.44240748663872,4.697457213478472,3.314278449515495,0.3864656920322947,0.21119841719450483,1.638516288128951
2.64609375,8.78921875,-0.7476293943750001,4.079125449003859,5.2471576545924785,2.9029220705385756,0.3428753825404104,0.27094127434305804,0.5073121892666719
2.88125,9.90328125,-0.7008094446875001,4.437575527526264,3.8936988578854477,3.208997707562688,0.4495803900875281,0.31446592133206286,1.3532567294440976
2.9740625,10.02453125,-0.8385026542812499,4.086601093340742,3.93484193205692,3.1874877390556375,0.6659105075818674,0.1381884175441248,1.4605716887331288
2.865625,10.0709375,-0.83680010553125,3.773976630740445,4.035658139770235,2.7798086429246904,0.21911969157939637,0.4202185997265608,1.0075102341281614
3.0562500000000004,10.03078125,-0.6395178826562501,4.672887390308053,4.308791269271284,3.46144162710125,0.4055109759263547,0.403629540058887,1.245371993719026
3.0632812499999997,9.94921875,-0.7784880053125,4.144664135475689,4.087133127529422,3.3981592529573317,0.746996996196466,0.30261067692512855,1.7588380335586733
3.00109375,9.99421875,-0.7327321403125001,4.3251192603454225,4.148717348729416,3.3901699599626522,0.29061959413327243,0.5820992768585487,1.365692333124215
2.8528124999999998,10.08546875,-0.5807801640624999,4.2022287497045845,4.521784745017551,3.6066520928828116,0.3558738211257767,0.30205531211625747,1.3145441745728013
2.67796875,10.03734375,-0.74933191234375,4.11933026249698,4.126262777239949,3.3212311884515766,0.4430254210672323,0.45133814450103027,1.4448123630360084
2.7359375,10.04015625,-0.7142169878125,4.287378175656277,4.420036585039307,3.640698759489442,0.14817936706828608,0.3338396329087747,1.3767030601356034
2.85234375,9.999062499999999,-0.7031504629687501,4.183774739315674,4.2196211021955214,3.4579109904721603,0.13584173349219217,0.5655541249239079,1.1175130015781773
2.5790625,10.03078125,-0.81211323,4.203841516529107,4.239375066227148,3.088978317675136,0.5076239327545092,0.46242585184856266,1.291542401498713
3.189375,10.325624999999999,-0.6231309,4.5458242772213495,4.107862839649712,3.1093254242060406,0.3162617416954536,0.4596030812944255,1.193680021199694
2.7881249999999995,9.89875,-0.8248823154687501,3.613671901179602,3.739759559450313,3.026675898131571,0.4472078135935319,0.691216082037253,1.0910139203809444
2.65140625,10.356874999999999,-0.8440359379687499,3.1313385053297793,3.7074611743584045,3.0993090461872823,1.0527111025634364,0.8096436848943178,1.3849198721270757
3.04703125,10.09046875,-0.7870007150625,3.13129300354078,3.707877774788894,3.1065465642137777,0.7840224178344223,0.48191744028400574,1.541379682025581
3.05390625,9.495000000000001,-0.72123998459375,3.407617210560913,3.259638591930093,2.7520849374939487,0.866369319494723,0.8005067865737614,1.1435697715407447
2.67171875,9.97890625,-0.8370129337500001,3.91354361268639,4.126756488601058,3.2738445160588565,0.19457821700480363,0.8103728549307869,1.0823030543058656
2.4665625,10.0475,-0.84126930953125,3.8328523234783973,3.902798675309809,3.2632821345394585,0.9000714541258545,0.6175948984091905,1.5097203638708132
2.890625,9.9875,-0.86212543734375,4.231422586952879,4.235859195606011,3.3736058357078265,0.6325204928561785,0.4784490310462875,1.9197165466336874
2.90359375,10.0346875,-0.510550208125,3.960249900253889,4.208132739392111,3.3792541684836914,0.42879250048771483,0.4137650952643516,0.7812499711251083
2.88515625,9.984375,-0.9519346217187501,4.413015193785983,4.098521789544981,3.1003415501988076,0.4194528767903878,0.5191174449811393,1.8390774719605418
3.0462499999999997,10.162812500000001,-0.74316021634375,4.315517241594569,4.2419425343636785,3.0316461311513105,0.513376054250918,0.3256598877814102,1.2756884767617724
2.6959375000000003,10.014375000000001,-0.75422676375,4.055654894230247,4.2618298135161385,3.1641837893918634,0.6718317924467914,0.5685736678440888,1.7482706418752358
2.6535937499999998,10.209843750000001,-0.8740432635937501,4.3473290532763835,4.027942050611694,3.02214032299933,0.5462882883675081,0.5192883844945191,1.5294793079023594
2.73359375,10.1271875,-0.70676836496875,4.4899294841301165,3.8924757018950995,3.45358509558391,0.6130675396712636,0.4915096967645405,1.6401803706581746
3.04875,10.03765625,-0.9072428661562499,4.117027712743746,4.186539345848303,3.407988186634463,0.41119532906517037,0.6266634513851025,1.2760293125166005
2.68171875,9.993125,-0.773806005375,3.856817241379015,3.850268202914571,3.131697019796209,0.6154440437889545,0.6171987288292874,1.2085063645909404
3.20640625,10.209374999999998,-0.75529086421875,3.988780894265933,3.889672574186033,3.369761403590761,1.0337560342975074,0.42651021511080456,1.7664510842719194
3.22765625,9.964375,-0.6637791181249999,3.6861025920795987,3.6452207044807317,2.870798525059763,0.7367187062607993,0.5580075256170309,1.4794947320654472
3.306875,9.83984375,-0.9038377428125,4.352693086972134,4.047695135887328,3.2996779986142353,0.7181355971930089,0.5266353125207395,1.3741138875820593
2.94046875,9.91390625,-0.8966019384374999,4.219345857804671,4.655263693252073,4.094496025682324,0.8287867236669302,0.40946203893811384,1.1417517233916585
3.14375,9.941093749999999,-0.9223529428125,4.545139402427608,4.368934050911153,3.840963990564058,0.7366000021975178,0.3899217151634233,1.561420302979454
2.7576562499999993,10.05796875,-0.7259219784375001,4.372523850059133,4.215023049939755,3.7340505756914295,0.5799458198436289,0.4023057563612063,1.437743237311718
3.0250000000000004,10.03828125,-0.85935879703125,4.176110630718492,4.140142869925921,3.440854885265257,0.4035289761354321,0.38646963767614956,1.4500981300041205
2.9360937500000004,10.214375,-0.6782507751562499,4.146763654189968,4.194196837223427,3.6274989817088885,0.4678663655183132,0.2754462880405667,1.494242910491896
2.91703125,10.060312500000002,-0.6720790178125,4.116753377848063,4.294160995158862,3.517876067247465,0.36334686818440076,0.4531019736842234,1.8712003600872873
3.05015625,10.005468749999999,-0.65782024234375,4.287311035262771,4.022559015138676,3.4353485813176574,0.7865379553607279,0.5195117833240197,1.1472660083816533
3.0403124999999998,10.129999999999999,-0.82232849046875,3.8942702175560124,3.9679237328860038,3.2236324039856306,0.6918958973962291,0.4070880493715791,1.2753937964043651
3.13953125,9.920000000000002,-0.62483344703125,3.9379057051653024,4.060679592137258,3.705435181385271,0.36629357241295213,0.3197986433717623,1.0276739982772392
3.1517187499999997,9.93546875,-0.7391166950624999,4.137221121525708,3.9415304489846883,3.487509892254782,0.8476466716031344,0.6195323360688295,1.803045881397631
2.7776562499999997,9.97953125,-0.62525910396875,3.5838896215335563,3.932276467616874,3.5641304329786356,0.525755035999785,0.46681466574095176,0.7310877856548906
3.1750000000000003,10.1259375,-0.47500962078125,4.104747251658742,3.79090965285296,3.336161247273668,0.7280162568114145,0.4924521892108457,1.2370750277810656
2.9809375,10.24046875,-0.6544151216249999,3.808534297612895,4.040413588702701,3.3445463991164934,0.42298262272465015,0.5667147161619364,1.114865163565766
3.0346875,10.02046875,-0.7723162625,4.275036538129674,4.13850872510539,3.477704735401171,0.6521550811829275,0.4858877595469055,1.3310713678318324
2.91734375,10.09921875,-0.9002198739062501,4.362597865015287,4.30571034524484,3.8583058570119935,0.9685557788202883,0.37866572928880227,1.6821148691173406
3.0285937499999998,9.986406250000002,-0.87021250125,4.333261570106394,4.306443706524089,3.4292921071483207,0.7543594281121022,0.2204267946031092,1.472059393955809
2.91796875,9.775625,-0.4684122579687501,4.194580275370044,3.892982016960135,3.68073248187361,0.718702167025922,0.16753626228972845,1.491688470544033
2.90296875,9.90890625,-0.5639675278125,3.9955696870438184,4.015329655359687,3.550974886982111,0.4860353470259993,0.3981290633771713,1.002642684802434
2.74671875,9.83109375,-0.8580819028125002,4.236985977189261,4.115583614897277,3.9297114816617373,0.819129813353651,0.3163872032581684,1.561215466422913
3.0756249999999996,10.106875,-0.7163451546874999,4.094502364070022,3.907141248326582,3.3517842250351606,0.6050150285307763,0.3721771231357565,1.3437396553820358
3.0492187499999996,10.080156249999998,-0.8653177173437498,3.9005165141489195,4.246332421995002,3.609043513036921,0.9576511604356301,0.315846816897477,2.053302948497855
3.0253125,9.8759375,-0.74975757109375,4.203917432270019,4.477817101679539,3.5887212791038734,0.25439600607971197,0.339331012109393,1.0999333887739395
3.2229687499999997,10.014062500000001,-0.43010506359375,4.241378269386431,3.947490784801625,3.931157543128965,0.7080401147662744,0.352178064869211,1.173648341330426
3.1009374999999997,9.97546875,-0.6424973443750001,4.378696909023705,4.049273441652643,3.747715091260567,0.6247053028301663,0.37495164860648755,1.2873790439173167
3.1235937500000004,10.038125,-0.7163451495312501,3.945888432591694,3.9960605112253993,3.450496384928646,0.25889431649469113,0.5216208955836341,0.8236373545861836
3.2045312499999996,10.142500000000002,-0.6631406796875,4.569832440065329,4.192551803496291,4.166033645734389,0.5191627261451713,0.49436903857684694,1.5840696788542754
2.8246875,9.97859375,-0.89319689375,3.959393486046032,4.243038367132796,3.5281423306407063,0.6186963331518878,0.557550198149556,1.726190016708922
3.0746875,9.91609375,-0.68442245975,3.863073973837901,3.704963148090806,3.1849760677539782,0.6932300469407493,0.3759153832627681,1.2836640408067195
2.9739062499999998,10.00328125,-0.60610546165625,4.315230156516676,4.127199812935937,3.4030850351384183,0.7298060553897651,0.5561518156410433,1.1924816378010634
3.0035937500000003,10.170312500000001,-0.67229184290625,4.272854859161605,4.186061681621969,3.5179627333251426,0.88724339523464,0.2950336427770092,1.5737949711315922
3.0715624999999998,10.03859375,-0.6403691560937499,4.458433798274204,4.09964856237226,3.037568000926774,0.4434262936062093,0.39582836591579323,1.210370433053273
2.8723437499999998,9.96484375,-0.9195862857812499,3.79833834647941,3.8141287472483065,3.1116943407427455,0.6651840126139722,0.5903301750155798,1.7509540164761068
3.1350000000000002,10.02765625,-0.7569933909375001,3.988946054410864,3.6575084339391397,3.0178367538502218,0.6174967893133453,0.7036654738387116,1.2400539327969016
2.82125,10.06984375,-0.58865440984375,3.87172825589555,3.9598735349864316,3.237876451152174,0.18342693554196357,0.6625907864800347,0.8295022547326307
2.878125,9.87859375,-0.6465409018750001,3.6200413822738264,3.4589313139987237,3.3203665194689544,0.6314896196589918,0.48577578709204666,1.43395684036221
2.945,9.97265625,-0.7970031559374999,3.5747259510345684,3.5817136445891284,2.7378593061991876,0.6326653124173579,0.6954493700058868,1.5112076108603907
2.93,10.10359375,-0.6963402779687501,3.1190297970683125,3.6074724389052424,2.9650423860862865,0.25613295181709544,0.31652652616751326,0.9707534017715259
3.3409375,9.87859375,-0.34263687146874994,3.0091297115767124,3.3044514801946994,3.0172463584849916,0.45593175646310663,0.8807561464211341,0.7165796503564068
2.876875,10.3246875,-0.8365872999999999,2.8745640294442913,3.4111750947941313,2.6196593170635727,0.23300378559122437,0.6660646427504795,0.9503780614617103
2.931875,9.666875000000001,-0.85042045640625,3.30875348271445,3.282274304407692,3.0791221506900723,0.7208516346303684,0.4967799875028093,1.4903975701602643
2.84328125,9.978437499999998,-0.8621254484375,3.04212099872744,3.284893081759854,2.6600068570729363,0.6249423810668837,0.6357826566660126,1.0962429739493154
3.2076562499999994,10.068125,-0.52161675953125,2.9912621406917745,3.4209820752782383,3.0319948908662506,0.47127517721352685,0.5316397798968908,0.9206547337008294
4.5024999999999995,8.861093750000002,-0.3426368746875,4.327483030007166,3.613993254173413,3.273585345720383,0.628245036103315,-0.03975277206420662,1.467105703057554
5.126875,5.7678125,-0.9415065142187502,7.608429920777019,8.17846839052666,4.298187834642874,0.4303849484665898,0.2990973598350891,0.12207295820065424
7.304374999999999,6.45890625,-0.8759585960937499,7.186757325760693,7.942655042000184,3.5910406066472134,0.21628064311310335,0.4806841161836078,0.45076351331925507
4.725937500000001,5.980625,-0.7640164006249999,7.424009133958131,8.563491343159926,4.115769623736061,0.61452346525307,0.5219590257516216,0.6826612045086716
5.8968750000000005,7.00515625,-2.13009471078125,7.452670636045511,8.997501387917978,4.6293284517055175,0.2389214340355037,0.16855291967698607,0.6039125431374033
6.90203125,7.0846875,-1.1709242585937498,7.8955042943135325,8.741698198996792,4.545575507193802,0.20072836818211548,0.24686610849918816,1.2188363827973385
6.297812499999999,7.71828125,-2.2428881997500003,8.14835594398304,8.68251233707148,3.8491432155108187,0.24120181117611397,0.041093096893104954,0.8299920966468418
7.2321875,7.6240625,-1.11559160878125,7.863269530853164,8.763933855358205,4.3681550067958685,0.16852386884329537,0.1489234199057765,0.9298694448180337
7.69578125,7.903281249999999,-1.29606119403125,7.689166243140308,8.852750818016874,5.283768693715401,0.13949448044705132,0.02035505689606305,0.919818811079664
6.772343749999999,7.08828125,-1.77362465515625,8.266994568423033,8.690641438259805,4.761205026371422,0.18167844852572365,0.2212242823632213,1.3185261844531424
7.6159375,7.415625,-1.27520505125,7.933545022314662,8.818805169033672,4.498176843768975,0.013385254306899312,0.10546210736886057,0.9877437781569776
6.665000000000001,8.520937499999999,-1.6044343903125,7.3574074068247715,8.83291424848525,4.591949565604193,0.14059139391287354,-0.032024055265870224,0.98520374259437
6.286406250000001,6.579218750000001,-1.652744080625,7.586120007781378,8.790741632658102,4.3056769940778885,0.28555418980084585,0.4346137558813477,1.274555951977193
6.17390625,6.9690625,-0.39839514068750004,7.364092064111566,8.072152694361879,4.5003985804914945,0.14077109695187195,0.3556547476389687,0.13031257799105225
6.3278125,8.19921875,-1.2375362660312499,8.163249481048815,8.361999294555606,4.469402542201894,0.10876452667877352,0.09904947290028104,0.5593614762115487
7.55671875,7.825156249999999,-1.03216696640625,7.772790492860234,9.309818404543986,4.330317789108391,0.205615667051072,0.05154991059665497,0.771022968451719
6.43265625,8.2675,-1.7380841055312501,7.796123283840241,8.89084659214183,4.436946238854284,0.11679561358464573,0.008404678603972211,0.7580148066771675
6.79640625,6.35171875,-0.14812128375000008,7.324483421884504,9.141057370917133,3.8738244202191017,0.3205366075214785,0.29772428837027365,0.8425560707981902
7.418593749999999,7.059531249999999,0.11449599718750007,7.767319531856594,8.749829539355234,5.182089563245007,0.07580633395394927,0.21319415027283123,1.1514358004311802
6.43375,6.910781249999999,-0.5358755690625,8.425160699505975,8.755247587998207,4.264295470879517,0.1964939250574962,0.2782934455612034,0.48201888280031036
6.0340625,7.759375,-1.9600531651562498,7.857343642802811,8.474020569326877,4.642226784911458,0.0937208863871904,0.21611905023213926,0.23953043168656718
8.05609375,7.00984375,0.254317419375,7.480120657697371,8.22840839185112,5.97503438680176,-0.03136159560904817,0.27168974117032785,0.8488253822222349
5.90265625,6.438281249999999,-1.32202500296875,8.146637005957485,8.469879270591667,5.012517431153366,0.3804841124164652,0.38417102430511263,0.7015051819727415
6.829062499999999,6.581875,-0.5654572228750001,7.381227819346437,8.470690252829163,4.432528767381314,0.1700388135047877,0.354344662535016,0.5609189288066907
6.859999999999999,6.1028125,-1.14857836571875,7.936922813660216,8.359004214907644,4.263132133565153,0.22218863561417074,0.43122736466098815,0.21886939454586885
6.725625000000001,6.78421875,-0.28624011915625,6.555492895989973,8.266302983477464,4.540654654475023,0.3070879709911888,0.2984433290282046,0.6903272240562524
8.22640625,8.29640625,-0.33965735781250006,6.9347977546184385,8.82405649474554,4.729891860026792,0.1299221318675825,-0.07351995500934173,0.5352547618112067
6.020781249999999,6.0092187500000005,-0.23537661125,6.159652563428268,7.351150697485968,3.806301204112561,0.163580615687204,0.4612573767413262,-0.1907870371283867
5.394375,5.76484375,-0.85318710875,6.632179099615374,8.484107383843389,4.395821104277178,0.464847209349369,0.6105046127838774,-0.13810118216158265
7.34203125,7.34015625,-1.30499956390625,7.7715599664110835,8.533312386645994,4.288599084663898,0.08936768467720876,0.23689204770081823,-0.0053157189261468655
6.149062499999999,5.959218750000001,-0.6401563495312499,7.285581162206193,8.00007095763209,4.00164072676029,0.19799900020408487,0.4271540288919515,0.5718152861964002
6.7407812499999995,7.3529687500000005,-0.4671353428437499,6.58278894748635,8.074624929309314,4.334799861875605,0.0581638516812478,0.30812666858579324,0.422812384437813
6.965,6.97984375,-0.9006454748124999,6.236110817248199,8.18825234943855,4.705579742489713,0.07037221405285463,0.2738396718499143,0.08803858503474021
6.37390625,6.74359375,0.010853724281250032,6.277894406463917,8.89962962136408,4.232265705581855,0.12398412412981963,0.1398963435672047,0.38116454553174284
6.725312499999999,6.71375,-0.10449361234375003,6.658546662173642,7.997198825995262,3.744895228269636,0.28802734582551215,0.31491850215021644,0.5494482994976952
6.16921875,6.3925,-1.0125877213124999,6.857993124970923,8.395896877344313,3.342288544143226,0.3802436006244756,0.39502197716108545,0.48575717062148255
7.46140625,6.8059375,-0.30922441203125006,6.959394475093428,8.652037823316178,4.05937331065441,0.19166386892290183,0.3351037611435034,0.6670512211640918
6.251250000000001,7.28296875,-1.499515175625,8.14072545523432,8.28219375371184,4.132522742564382,0.2597641027626429,0.3355091097206234,0.036759514501956136
5.864375,5.78484375,-0.9283118026874999,6.197632328911985,8.319070897677573,4.031958846397188,0.26097829791906013,0.3746103714362337,0.41465732855522014
6.001093750000001,6.3940624999999995,-1.689987202875,6.670393100575927,8.008503043396672,4.321490885848225,0.43992837756010755,0.5382539961998662,1.004986642026711
6.077187500000001,6.77625,-1.62252390165625,7.533874847304258,8.439654632299831,4.584875598234725,0.3692765561548808,0.41332993473439134,0.8078849316128892
5.2290625,5.074531250000001,0.2364407115624999,6.9827402659051945,7.615636244285401,4.500745915534424,0.24352317635155335,0.7315075516178399,1.1106838679571256
7.7925,6.766406249999999,0.5294910660937502,7.257149492052648,8.186244248583165,4.673804411591419,0.06323165723475067,0.4682330564032642,0.687741300020045
6.6528125,7.1509375,-0.55928550603125,7.892363094463137,8.439003332508747,4.994988516074494,0.1702209577000912,0.3093226887822443,1.2386086906261564
6.571562500000001,7.31671875,-0.44925864078125005,6.429238441183664,7.932673149443285,4.321762655271243,0.13123884553572443,0.15969881876381614,0.473376885858648
7.0509375,6.91796875,0.11704980615624988,6.731387003886625,8.580703311006822,4.366796465522504,0.18338738268613466,0.17519158054328593,0.24317090697655874
6.8671875,7.32625,-0.5352371074062501,7.139653674362906,8.36565383353268,4.378962072727804,0.22338323240643695,0.15397540546997862,0.6804249250329367
6.912187500000001,7.372343749999999,-0.74464993021875,7.708810395569717,8.82370152313279,3.9974140016905633,0.27904922872590165,0.19034397607487746,0.412825067026093
7.68125,7.37328125,-0.8744689003125,7.838416513397333,8.72139432206218,4.049840372129511,0.12728164234289957,0.09521167078129313,0.4376223579764294
7.9887500000000005,8.1296875,0.24048426562500003,7.145476606742198,9.095066823687649,4.450778368549627,-0.08225749782097594,-0.0744030691306975,0.058283534620698345
5.49796875,6.2104687499999995,-1.5005792465624999,7.490812535134185,8.545694535423873,4.029165804210521,0.43609353867756456,0.33145140357667524,0.24831469914915302
6.12609375,7.6184375,-0.6937864853125001,6.548552468195619,8.253658131919067,4.155862842954824,0.246101232128197,0.20901515314813776,0.36144870264809653
6.7378125,6.0565625,-0.08193491812499994,6.7178762149837015,7.914422795352404,3.920591613113075,0.16382550224874742,0.3817595122162116,0.9147175171702778
6.79875,5.7221875,-0.04979939890625007,7.215581988828067,7.89808668854956,3.9036935686081518,0.3098275895804208,0.286851189826848,0.9331580751222318
6.56546875,6.8203125,-1.2920176368125,7.574371246530858,9.15377909812902,4.628812105566032,0.32510005845527035,0.28849759484901777,1.2157420172094968
7.2384375,6.636093750000001,-0.513742468125,7.697030518881535,8.555182204588686,4.416312679812549,0.1292894978317111,0.24927358298764618,0.6313441388297855
5.34953125,5.65734375,-0.5709905550000001,6.917328202982235,7.923061719236822,4.197810891732432,0.6210781842773209,0.4194531426663644,0.8450258156908581
6.50078125,6.92453125,-1.71403562453125,7.893728583638308,8.516817541210651,4.3420387126459,0.2374513053195877,0.24601485702138712,0.5246211118987333
7.69484375,7.743281250000001,-0.4973554949999999,7.682601689895549,8.491805250999251,5.173310535170095,0.1602975638960045,0.21368962107393685,0.693304171371072
5.5229687499999995,7.99609375,-1.7314867109375,8.317257600857594,8.353620588027141,4.30272210971307,0.5161683180213702,0.16502667453533335,0.9362744267223748
5.69359375,6.04640625,-1.19561113578125,7.386587161704717,8.262221698638989,4.293734677841373,0.3187014385921837,0.47869031935233963,0.20276623944602756
6.7478125,6.7196875,-0.9523602690624998,7.475537286031269,8.58962709623321,3.6539449181390378,0.25731250360382607,0.3341965437181341,-0.2216293960367581
6.80953125,6.718125000000001,-0.03256115906250001,6.664645393250375,8.046928543511182,4.241381691038701,0.24371136656553347,0.1703680335271035,0.465040280849519
5.5825000000000005,6.539843749999999,-1.259030890625,6.642993254173905,7.659620888992218,3.49263990730189,0.10189442917042103,0.3284959008271121,0.5243710949268237
7.653281249999999,7.753125000000001,-0.7176220687500001,6.638464161302555,8.530617810825603,4.15411102739102,-0.320895332626341,-0.01009246971022272,0.5637406383563709
6.904999999999999,7.53375,-0.5907826,6.406985689464274,7.113850816365212,3.6578436077758925,0.06009060685430922,0.18926588051524978,0.11358171978335539
6.993437500000001,7.2921875,-0.81339014890625,6.843091456614747,7.981369805042474,3.790894482017027,-0.019702436729277663,0.2816374261018603,0.8861718462078395
6.86125,7.50765625,-0.8827687976562498,7.157810310248519,8.80096705307638,4.6392899681070885,0.12092209186439401,0.0903165144879717,0.8241652095693859
7.29125,5.82765625,0.307947549375,7.298405754854961,8.78568611118881,4.867239609918694,0.05255802030037178,0.39453867940469955,1.214571814459197
6.3225,6.815468749999999,0.27453514603125007,6.624618621098124,7.76422060835944,3.7835528418938456,0.3124348665202853,0.27072283638758665,0.3295559467986869
6.430468749999999,7.15265625,-0.43861779171875004,6.08232722465451,8.065895649699167,4.201718020328253,0.04892794854679747,0.06879185961743138,0.8866960534944197
7.158125,6.7575,-0.27219413531250014,6.908290959736352,8.426906312520629,4.268893076974152,0.013127767371110153,0.23555544901579237,0.24577498350313243
7.26515625,7.387187500000001,-0.5292782043749998,6.40746780917282,8.35616435422639,4.580169025508735,0.01983358739138474,0.08456009027363165,0.8937237451825341
6.86921875,6.824999999999999,-0.66612013171875,7.088429679918425,8.725677086908501,5.100199509934954,0.09630616120035741,0.2655647204218852,0.6611124282324513
5.3510937499999995,4.96453125,-0.6518613146250001,6.994223759017933,8.136834060632761,3.299393810542756,0.43254187702057073,0.6903660157050097,0.7749302465664749
6.4164062500000005,5.840937500000001,-0.86318951625,7.444181109931497,8.25201731372964,4.336705088052287,0.040795149607445694,0.4661982942832222,0.4266526779625311
6.31640625,6.859218750000001,-1.8710952281250002,6.954217328172951,8.577304957103276,4.162029330505951,0.13965533994731963,0.095886458543814,0.32936169819715955
5.2496875,6.15328125,-0.5841852318749999,6.7645821583704455,7.476938096299744,3.757402806291717,0.4113184729400696,0.46449852273400066,0.3449051747200098
5.731718749999999,6.28796875,-0.9044761981249999,7.144439829923577,8.562237255035827,4.658270181405157,0.32588794946999405,0.38082236744918124,0.3592460307881083
5.8859375,6.577031250000001,-0.5348114471875001,7.409730873729068,8.080554915909145,3.737489046411729,0.395395928123898,0.44660199044104343,0.10452687243128678
8.458125,7.604531249999999,0.2928374790624999,6.140527989055583,8.346049014669962,4.121162547567528,0.14453040226646494,-0.011408655645027167,0.6785096758140863
6.55390625,7.37890625,-1.0715382934375,7.300206464800221,7.853652636907934,3.311484293046962,0.14990962895135188,0.28966341073819346,0.39087892231602755
4.7192187500000005,5.91984375,-0.29432718156249993,6.521029516276433,7.483048027915225,4.011470376036669,0.500552102536925,0.7192148967783641,0.20933241216701567
5.75390625,5.7846874999999995,0.026176594218750057,6.320987516101495,8.133977150038211,3.8852259828566758,0.554575937589267,0.3788014378616916,0.6946821126770274
6.3134375,6.779375,-0.3683878548437502,7.231952800495434,8.152466818968048,4.755214809240401,0.09877397517247778,0.3027152177730412,0.04271238994840914
5.256875,5.6792187499999995,-0.7108119164374999,6.595911346006327,7.8344225027852845,3.808911912476228,0.358657086871439,0.6046514881758174,0.1619237735365611
6.07375,6.0646875,-1.06557938246875,7.7204032642408,7.965039816431789,4.410877645741885,0.24279573881489191,0.5644489964323977,0.5747233732085271
5.3501562499999995,5.835312500000001,-0.8046645962500001,6.897810452461414,7.894035321199402,3.5211449764110383,0.40521622366953697,0.6351070220595924,0.9024164308302569
6.4628125,6.905625000000001,-0.21515889787499992,7.5476367304503835,8.381525046754618,4.569779626981172,0.11762115231716422,0.31072414033233153,0.026847762415911684
5.2853125,5.00265625,-0.51906297296875,6.732286472836978,7.6896625499326,3.4954375063150103,0.5198670552792354,0.7914472367973046,0.9276073739128029
7.144375,7.269375,0.18451313406249992,6.744127277444799,8.845475869582993,4.01828389155136,0.38103513859525046,0.1501785846850665,-0.07342690813244594
6.38265625,5.96796875,-0.5546035587500002,7.432345743897813,8.489245251288446,4.575805028663749,0.3672838720231055,0.375165476306045,0.377032398326477
5.84015625,5.979375,0.869148439375,7.551797901035616,7.386470502504901,4.75757658755037,0.2653634027124369,0.6263868867147542,0.8423134601236711
5.14640625,6.16828125,-1.0438719959375,6.694194165279413,7.445604734230689,3.6789071841123726,0.3917243878888858,0.6387035039511371,0.016730226859565756
7.35921875,8.893281250000001,-0.80274923125,6.734955759108477,7.980168007059653,4.764001328140078,0.003980810097511794,-0.18690249728789746,0.162004726687536
6.030625000000001,6.41515625,-0.16557236250000007,5.549244845866418,8.569698432592944,3.7367576678075736,0.2671694290454401,0.228510858567642,0.26262800976764505
6.1840625,7.03921875,0.5013990549999999,6.9143525362895515,8.04723444433853,4.382075009096875,0.32855663488978115,0.4111959019400053,0.5426005652382032
5.7971875,6.5804687500000005,-0.22792802953125002,5.757954679384317,8.291853010200642,4.828080811423972,0.14691255750555082,0.2948483934344401,0.7111136191631551
7.2090625,7.526093749999999,-0.96363959975,6.7990005512644105,8.783271674251624,3.874531863266159,-0.15197815677609489,0.08002906058203957,0.8780086934321035
6.662968750000001,8.927656249999998,-1.0313157038749998,7.596792842971529,9.023737055363256,3.9446359241656688,0.11652030837258491,-0.0945291474333305,1.1181478467081272
6.41890625,5.2634375,0.19855913765624988,6.779882492802582,8.13337706974131,3.9350820704394116,-0.004803437181972242,0.46053364382371065,0.3002010171677084
7.0034374999999995,6.72,-0.09512959328125004,5.511420874746706,8.11077543302735,3.640086121729327,0.0249342293984442,0.2495042025342427,0.1863795167124603
4.9540625,7.87328125,-0.03426371103125003,4.591477403417526,6.512272561932465,3.84699104478624,0.10905453443807257,-0.1369096546313569,-0.0589031803641643
-3.8976562500000003,9.494531249999998,0.31199110578125,3.4501099358333405,3.155040079820451,3.233411752745151,-0.6317783100419245,0.4067401367467757,0.4495253449064068
-3.6634374999999997,9.477656249999999,0.4809685430625001,2.3901916886713814,3.409595715673038,2.5929942658254634,-0.3814096582741267,0.6026661526489806,0.411356336977119
-3.6140625,9.665625,-0.09193734218750002,3.604984708163649,3.685272155401145,3.6625813755646637,-0.4889437922938723,0.5847270608792438,1.0109111965389863
-4.1559375,9.41625,0.017025437812500013,2.8481127077582005,3.4195515513733667,2.9671322412592986,-0.35207399099979303,0.45657474281820914,0.8014209845966955
-4.0328125,9.0065625,0.34093433046875,3.56068044267437,3.472244509477083,3.2159383088212667,-0.19332232806191768,0.6027015908635983,0.9496534813972507
-4.32625,9.55859375,-0.24772008287499997,2.6295528968819015,3.2695985357473076,2.347468334940098,-0.7326034973837009,-0.008094335300439601,0.7290140653844197
-4.40125,9.0271875,-0.13556503984375004,2.7372576947558303,2.903457243501917,2.1364613127531373,-0.20605672793781224,0.6740236816318708,0.5277348297871141
-4.340625,9.524531249999999,-0.63036671375,2.602633206845521,3.446572994334145,2.6703334251033244,0.007949343243818721,0.37591751812164786,0.7087955898677268
-4.5034375,9.067812499999999,-0.45755855540625007,2.472452741427781,3.54345279562798,2.062630852093903,-0.7029098770726473,0.7479653538904216,0.43702434641241905
-4.199375,9.245468749999999,-0.597592752875,2.9394062299000114,3.301877746869717,2.85658435943671,-0.7571558751742822,0.48750604968714356,0.2970159568699748
-4.3490625000000005,9.274375,0.07257091103125,2.8573669690982553,3.6152277223399083,2.4517347862795664,-0.7809569647335858,0.07607982325696484,0.46284047771453435
-4.11828125,9.262500000000001,-0.4422356676562501,2.642821973459135,2.7063686463599153,2.41079550703117,-0.2536320190143523,0.46939472095608775,1.044240712062631
-4.11109375,9.14421875,-0.36242893328125003,2.683969260481747,3.4059611366908515,2.0611011593789,-0.6441119668174818,1.3216898461949413,1.1160622407689558
-4.4310937500000005,9.1584375,-0.37945438490625,2.6817235113282907,3.35165967225101,2.083612524137084,-0.16680648195858774,0.6122880370256154,0.892935369025251
-4.37875,9.3471875,-0.3500855178125,3.050450018030127,3.2973462192866174,2.803811165819596,-0.6498203852790673,0.6486582995193967,0.8354416354043557
-4.264375,9.3771875,-0.22984336768749997,2.2938864911706074,3.0547209716836248,2.4580111349734395,-0.5889082910272104,0.5139982137402865,1.7952250754550305
-4.33015625,9.30265625,-0.39307472218750006,2.8043089011529987,3.080202023704928,2.6791736868587828,-0.22205336364211511,0.38236304320632053,0.2663907111326179
-4.63484375,9.080625,-0.43287168040624996,2.6157240824647268,3.5218558118377024,2.7607134391407144,0.16046680769319432,0.16262395548752673,0.5799787447693264
-0.533125,8.911875,0.34519069990625006,4.434900250780732,3.2201071774670793,2.0707481298146604,0.06046081497875276,0.3787446054189305,-0.11953807917717738
5.40828125,8.74578125,0.572267406875,3.2747388038435123,3.1252783899435963,2.215329616479043,0.9677088538710598,0.6350371074768995,0.8995419050536085
5.1015625,8.813749999999999,0.8840456869375,3.9327873459664398,2.8845853796516407,2.8012937459507503,-0.25081063237623763,0.569751851246053,0.7034454041772725
6.430000000000001,7.748437500000001,0.95470125859375,3.9994530876108545,3.828338909839847,2.6401818918812476,0.11024678611790627,0.2697109776892016,0.31077523080054903
5.1246875,8.66625,-0.08342464134374994,3.734718015104186,3.787828162351085,2.9694315215116753,0.29919873473397074,-0.08186175849304206,1.1607058442547287
5.83,8.0975,0.7325193045312499,3.763910449917745,3.7870288485830157,2.324158848879799,0.4129978658545674,-0.21987488326686946,-0.10161397790715233
5.10234375,7.995468750000001,-0.06001465328125008,3.495948879680013,3.832415577057561,2.920196790605247,-0.1038130769327664,0.0684003817012806,0.1736684217842828
6.3217187500000005,8.502343750000001,0.18919513171874996,3.7698825224930332,3.4570601411222133,2.1145152532759353,1.1196923706409083,0.6513646605703627,0.5151689430213262
5.47875,8.3065625,-0.15961344540624994,3.681741053835807,3.4892662278183573,2.497169276409989,0.15084997873142297,0.04698264751999351,0.17606710046758378
5.956249999999999,8.587968750000002,0.25133796453125,3.7181982784004406,2.9501801744170537,2.222800640760772,0.9284681561308854,0.5745566844551121,-0.12346125649257483
5.508906250000001,7.81875,0.2570840859375,3.2464615916734543,3.6645448643044336,3.0826058037601283,0.26120769641947816,-0.07907081000718925,0.47873613884874666
6.05640625,8.480625,0.5618393545,2.929216174586802,3.136195881856712,1.8739675754213745,0.33217317346973607,0.6983176834522389,0.7617420338092002
5.45265625,7.45609375,0.4228692359375,3.736580673802713,4.122671925306565,2.6801975376353533,0.11388781424694835,-0.09363539291905924,-0.14379510686113756
6.16984375,8.473125,0.24963544203125,3.3724979115020868,3.0184235718956014,2.0523666070699154,0.4838148186320099,0.3416961221057493,0.13931096620545358
5.95328125,7.95265625,0.20387956390624998,3.740011720689982,3.5386673172023304,2.6125671841382037,0.18793645291431704,0.21687974896003334,0.6012347263209885
5.46421875,7.701406250000001,0.7574190190625001,3.8394521926504614,4.515588232441144,2.768026360119287,0.9915638207557936,0.4546660346764747,0.8155774196317989
5.22953125,9.28859375,0.21601019671874994,3.18829471940306,3.534672839876548,2.3879067276650656,0.7414358894902998,0.45640776805682853,-0.16506375889830321
2.1428125,9.639375000000001,0.6544151382812501,2.977532256725987,3.374285977710692,2.9632185208669437,-0.13379319986011404,-0.07264741312487084,0.07723854713373904
1.87890625,10.17609375,-0.08065799215624997,2.72038434622958,3.050080233159603,2.592642551048363,0.03573730942052062,0.21826701011352234,0.9457507054943022
1.259375,10.325781249999999,-0.4733070710937499,3.754742365912074,3.4174551042622987,2.673128761491466,-0.11559876180814527,0.6673540914886804,0.29881409582307433
1.4196875,10.250625,-0.43329732906249996,2.6401958785938118,3.1997020735335657,2.1028704618781715,-0.11565506909320002,0.7661988019241193,1.8232622275468668
1.2668749999999998,9.97625,-0.49841960696875,2.630602874699068,3.0125744285411438,2.058741454049478,0.11310525745381605,0.745250127912966,1.423409825985103
1.08796875,10.54203125,-0.28219658671875003,2.420206718758428,3.2537402418637287,2.372156239751704,-0.1579751153355581,0.6969085346559781,1.110808644865443
1.1906249999999998,10.08015625,-0.024048432656250063,2.424478600519089,3.1225567910105236,2.3388073728222207,-0.045548528691249104,0.6284162208496822,1.1781613608140575
2.4125,10.309999999999999,-0.65037159884375,3.443492957739278,3.8508992456308175,3.2653620766928535,0.7074093821488483,0.4209772369529365,2.201761554061317
1.3643750000000001,10.12484375,-0.71634518196875,2.836940955391035,2.8772083867154876,2.0018012203826907,-0.05967341438903977,0.5950396180830259,1.6052380027558006
2.0729687500000002,10.282656249999999,-0.18600287437499996,3.4950709397698123,3.405299290346729,2.7116843791939136,-0.07134986401823844,0.8343359954323988,0.4235557831073693
1.0167187500000001,10.21484375,-0.640581967875,3.0855302698075153,3.4977448056692095,2.5370525307095493,-0.1259591058829957,0.03552034130460579,0.6946776843442423
1.46859375,10.197968750000001,-0.13833166303125002,3.696669052669029,3.4908103373748967,2.6464757673347425,0.04316934540470688,0.25042612951486626,1.462471924162237
2.28703125,9.7575,-0.05341729787500002,2.882524761216014,3.5980945478127726,2.5059407454698213,0.268061986911318,0.2096893188347649,0.9979672065622917
1.5714062500000001,9.94078125,-0.24835851103125,2.874343874688785,3.161745613920962,1.8647409714042673,-0.44667546472967345,0.6804832752203975,0.7237984150990697
1.4085937499999999,10.245625,-0.38094411631250014,3.3792657612210584,3.6167236878665476,3.214181972699135,0.06635906967188604,0.530091511884977,1.61821980272128
1.7007812500000001,10.580781250000001,-0.21835120150000004,3.377888257054759,3.1110756302520897,2.453357403553842,0.2105585154030291,0.31764892863379723,1.4407179417513392
1.3181250000000002,9.97421875,-0.31390646265625,2.660030471512498,2.8168426499626205,2.1357570273079065,-0.0957144951990339,0.6031275186000952,1.2880732789197762
0.93625,10.206875,0.26453268790625,3.2689024821031296,2.9666194328519793,2.2317231797421804,0.5638685046509062,0.6858441442839581,0.1634283283670837
-2.0862499999999997,9.98,0.3779646444375,3.1843501593731807,3.9422526872335317,2.6849148053187055,-0.6194899948715754,-0.11320971116349443,-1.0107522480495563
-2.509375,9.92921875,0.7697624662812501,2.946178072414327,3.4157632312776656,2.692164267293023,-0.4880207456906491,0.40398563308689794,0.6484862863329093
-3.4053125,9.81578125,0.26921468553124994,3.211580106013822,3.6919142243080945,2.7227090099941704,-0.005884729945107873,0.32967006789561465,-0.17567055220483938
-2.7809375,9.768437500000001,0.58333394509375,2.878126951003682,3.556091261285873,2.4771118473890392,-0.3288203582257378,0.49536804167368154,0.8481456457229654
-3.2859375,10.04390625,0.32241917553125,3.1458055996983902,3.0147717664378737,2.390038791494601,0.2433984950995447,0.3562117358350371,0.9966402632147345
-2.64609375,9.7128125,0.7437986664062499,2.583920602245924,3.2220259876114827,2.300780241707732,0.07386816940482724,0.7991104433690995,-0.050023942367456
-2.9453125,9.594999999999999,0.7091093624062501,3.062286201083065,3.225734896887839,2.171221409500312,0.06986537132629364,0.28173087121152474,0.9274420472782605
-3.07625,9.883906249999999,0.06299411271875,2.548304276867266,3.0000951116107863,2.4298361131005004,-0.23333228038035164,0.4143501315894869,-0.2572922526372548
-2.8659375000000002,9.81453125,0.6844224747500001,3.0160708705356627,3.2585042243755704,2.082329676013438,-0.056636921963152675,0.4648284538869678,0.2509417059483719
-3.09390625,10.005156249999999,0.11343194962500008,2.7897729618574587,3.443625447923443,2.9256652892450794,-0.050760735456253515,0.32246604098232273,-0.8431925532928954
-2.9646875,9.989375,0.5971671088125,3.8633829770479333,3.5599090907458577,2.712114025292323,-0.006910728275315008,0.47236326429831393,0.38086524353125883
-3.2310937500000003,9.74171875,0.08087081931250002,3.4729472881417216,4.1477488452651565,2.944333084712374,0.10484059860599788,0.022471861099782647,-0.19842467830273502
-3.07890625,9.8434375,0.5241705699375001,3.1042038618961443,3.0329545304197603,2.3075701663443122,-0.22232094394213678,0.42335850422467985,0.4408123951368398
-3.34265625,9.8940625,0.13492657681250006,3.3705439296700965,3.7512675852428536,2.6854801987688504,-0.3259076148158356,0.3236653902885149,-0.005392353893216597
-3.03,9.58921875,0.6344102430312502,2.753401873138028,3.9212519145227636,2.43859001488944,-0.26383801658269324,0.3721141304428725,0.3180113579776632
-2.045625,9.929375,0.48203263359375,4.146053045894975,3.4149335988237017,2.74663234457137,0.6335767227546905,0.33676513971576094,0.5871373512546064
4.906874999999999,9.63296875,-0.55907271375,3.656055710649798,3.05999166649575,2.2197294318144913,0.269326987395312,0.5171105219499885,0.7464138554633721
4.36734375,9.14875,-0.8491435496874999,4.1729692823978395,3.9371581200784913,2.9660419641449036,0.3536420620309397,-0.15115266179076456,2.0716227373170475
5.813593750000001,9.18859375,-0.6039772923437501,3.5950301490336543,3.3540963142046083,2.0841388397482583,0.6276590114659355,0.7669737993371109,0.7008021003318475
5.3928125,8.7378125,-0.667184216875,3.068196981102053,2.9234624531270708,1.7289603189209974,0.31920251697408136,0.7741239061098399,0.8857774133493266
5.711562499999999,8.7021875,-0.26666085453125,3.685890843282496,3.4717666921675123,3.0815546246091277,0.07211453119035982,0.560357271520687,1.3819275006613359
5.8784375,8.642499999999998,-0.6335589950937499,3.4555404871877498,3.03394184601485,2.639184004129296,0.7864647679118516,0.7998053616061114,0.7335471871181944
6.09140625,8.566875,-0.58546212196875,2.990646808795873,2.835549921862601,1.9897707905952073,1.027621697077179,0.6121392124143514,0.4792226751604089
6.1403125,8.56671875,-0.51480657703125,3.7778490774968434,3.095216599189536,2.2170884003493336,1.005788176272354,0.13804570958756196,0.8226924921408184
5.19296875,7.4868749999999995,-0.18430032671874996,4.005424321969326,4.104553445184385,2.006312896965293,0.5931563795223705,-0.14866604681198278,0.3498502309560489
5.477500000000001,8.074375,-0.629089815125,3.5630394328438184,3.435848182672657,1.8851390882672718,0.7139893642785988,-0.3842966394332098,0.15803039543032768
5.7357812500000005,8.939374999999998,-0.56758542415625,3.4827825642219525,2.336995182788146,1.614162173586358,0.8128067303624358,0.5332748995982354,0.751844454780572
5.0218750000000005,8.045312500000001,-0.11385762875000002,3.5088975632490325,4.4641572443568505,3.02333694367879,0.11911534182455664,0.4073282684590396,1.6029527989095707
6.2434375,8.321874999999999,0.022771514374999996,2.999571958395689,2.168564383267188,2.0538899612710457,0.8870304953986572,0.41167833281365146,1.3112058561580753
5.50578125,8.5671875,-0.08874508093750003,3.009935529151486,2.6607831722716058,1.95324258347793,-0.048473190855837185,0.7790013182150333,0.7855081842784778
6.336562499999999,8.6309375,-0.35583159328124997,3.4937100707691457,2.873521205958597,2.2446284470392817,0.2686585093278087,0.09156915578767634,0.7578273232316295
5.8778125,8.58734375,-0.32965497984375003,3.3920856732759197,2.3288766351689687,1.6991420921983913,0.2484905806812422,0.8491632880248914,0.9832772928161739
5.763125,8.538124999999999,-0.5529009928125002,3.444984068812946,3.2689017053706277,2.328414428782488,0.6177448222722991,0.6104479246971828,0.5440296544736808
5.87046875,8.6509375,-0.14790845228125005,3.6016616953530542,2.6406561203787495,2.249261425072049,0.7777566564170967,0.4503584678047883,1.2077188093269682
3.211875,9.515,0.22601266103124998,2.81153921089054,3.213529990524439,2.627173803113105,0.05615152518880557,0.16470384552070153,-0.11848130150744972
2.77125,10.08890625,0.67186621334375,2.6074301884230766,3.636974668761241,2.362210274053445,-0.006400329511975127,0.45500507728993433,1.031814567270066
2.4124999999999996,10.05203125,0.36179050025000004,2.84002750866959,3.427911709266071,2.3590346163380524,-0.09706426711329307,0.08885856207117931,0.2959628482254078
2.6487499999999997,9.79390625,0.5267243934375,2.5617007900026105,3.7873872166324554,2.0490689941644034,0.9570377001312885,0.5317623313062031,0.45213430946469557
2.7175000000000002,10.04765625,-0.12173185681249996,2.9617425191937263,2.6331241794370306,2.6116582578366163,0.38474911923271854,0.9762099743498934,0.23868583917720818
2.54078125,9.9515625,0.69783000109375,2.5285719195127587,3.4413379568989955,2.050656539252308,0.5394597211962344,0.4806540264274595,0.3004803665827169
2.73703125,9.96125,0.00021280759375003067,2.462709813198347,2.7994433040338573,2.362236614300977,0.6514998107632042,0.616155401052003,0.20642356859450992
2.64703125,10.048437500000002,0.3537033980625,2.2243908433599158,3.404449854028364,1.8691166682501406,0.648795382207042,0.6127756741088762,0.7115758763225024
2.5793749999999998,10.056562499999998,-0.07214526437499993,2.2998952931329284,3.3424814036272137,2.466151345965846,0.24024780026123127,0.7322296088541103,0.3673862242171372
2.87890625,9.866875,0.22324601181250003,2.8687628633630453,3.8813737399759636,2.010519472074572,0.64639881455898,0.5998713477226776,0.4881601908487264
3.03296875,10.098593750000001,-0.12237029671875,3.077778561564077,2.992173053979488,2.4208198234477645,0.5148441984868535,0.5005438331766544,0.202034723421029
2.6106249999999998,9.795625,0.3368907856250001,2.145752981909847,3.5178681732513795,2.010541989254589,0.27318592062081204,0.4374568380966238,0.4805108570445379
2.6646875000000003,10.07046875,0.15067509309375002,2.7132648511237805,3.2815042423823613,2.7968222723313914,0.46291748917700204,0.6726917000917289,-0.0855657196313036
2.6440625,9.8925,0.27304541234374996,2.4636461284230227,3.0240179190937346,2.245588922020632,0.6427591757369964,0.6545896050799439,0.6611389857318347
2.6025,10.049375000000001,0.09704497118750004,2.3970209375389278,3.2522385920124313,1.8286228245646818,0.625477653573069,0.6716974993656619,0.15666557724938465
2.8140625,9.785625,-0.12705231365625,3.1531738567820438,3.5384821406042164,2.581718477366511,0.6608890032954177,0.786532299303836,0.35184860246347827
2.12734375,10.1284375,0.38711582678125,2.9483926988845868,3.866735226078164,2.2185883364839154,0.13381697143445265,0.5654171509697019,-0.08951629710733498
2.6203125,10.25203125,-0.3092244340625,2.3096847517234362,2.8023434276554036,3.155541723233589,0.919092020182463,0.1845658925678056,0.44160403571509804
3.8181249999999998,9.2790625,0.20600775581249997,3.0238266706898065,3.043136600794277,1.8004161719591927,1.3904364897060049,0.7682841369837335,0.19684521900657545
3.17296875,9.91703125,-0.026815073906250028,3.3918020098501382,3.044577495158144,2.4561913684312366,0.9150386496572835,0.46028479278955275,0.606388248262631
3.7965625,9.825781249999999,-0.39647980171875,3.294491718549881,3.4370203323007034,2.5950505833223843,0.7903401044159387,0.31883942534597337,1.2185637120152886
3.75578125,9.6728125,-0.32901651234375,2.7941902923116095,3.0951956060714076,2.0210578145333753,1.1853916874836723,0.707484772515148,0.3934629049406296
3.1901562500000002,9.684375000000001,-0.1832362546875,3.470706651834168,3.1719482750156884,3.019653563890514,0.9916531299517434,0.46818677386571417,0.8571178087458096
3.521875,9.8146875,-0.38456201,2.5399094933432176,2.72120892754374,1.8550814735947174,0.30884865883042495,0.6664830020752371,0.7515052700711662
3.0579687499999997,9.561875,-0.38754144728124995,3.3961279328852494,3.2437511440267737,2.084308105862819,0.5656373898613931,0.661956841171766,0.3366619145099773
3.81046875,9.658750000000001,-0.12471131806249997,2.556652737032043,3.1621168246129048,2.389296684816002,0.5397088099920844,0.5452149095067075,2.1679035204964587
3.708125,9.81140625,-0.16919026203125004,2.843737019201143,2.8732031706722267,2.0316256463299007,0.6183193784453372,0.7882024936100147,0.7647960120422638
3.8009375,9.654375,-0.1817464996875,3.032426688494505,3.1115826333836933,2.8773440443850284,0.4733863174537446,0.4764925002342384,1.6149294278344166
3.5334375,10.05265625,-0.45159966528125,2.7945908794658565,2.8472005122287993,1.8089894395016817,0.5487630275966758,0.6603961441492485,1.3313885537237224
3.3245312500000006,9.64546875,-0.45564318296875006,3.5119598916094468,2.7477740591747053,3.4785099846650738,0.4212969138715074,0.10451205233118234,1.2995123816933418
3.43375,9.75796875,-0.5790775924375,2.4794685040346853,2.9111499981147375,1.8482534517708094,0.4771837426121549,0.6510913989891975,1.0030383796597349
3.63203125,9.96859375,-0.33391132562500003,2.6393110960103656,2.9402119753447944,2.3860003241719467,0.38699038340528613,0.7799531833517561,0.7624533979174597
3.1843749999999997,9.838125,-0.31646026087499995,3.0059819916917334,2.8878511014896526,2.1456935169719102,-0.06605803592765301,0.6745457648037703,0.27542123529969004
3.36234375,9.87609375,-0.19621814453124997,2.6747650260043287,3.0886918839066704,2.1210913726424736,1.028998075031002,0.4861815319278723,0.49278234177894553
3.350625,9.33359375,-0.49011970865625,3.0816183223064795,3.3376073799146804,2.1080630292915434,1.3269153778722307,0.6360988448888408,0.6118907934539162
3.2221875,9.811406250000001,-0.25453024509375,2.47817628808843,3.2493099590468337,2.053940545209151,0.14382845481316126,0.5239720168789381,1.0185041148323555
2.21171875,9.891874999999999,0.5686495224375,2.9996158893095695,2.7260478919811733,2.0890270529058004,1.9375649028829118,0.8854719082851333,-0.05005143106598549
4.2803125,8.94046875,1.5861320628124997,3.314381054939783,3.5591810986199395,3.153038755454179,0.46812050278000017,0.2675356413385703,1.579738110070383
4.99703125,9.528593749999999,0.64696652571875,3.7120461337412602,3.2514707572052584,2.666256987331099,-0.14673737989724767,1.0142462380109216,0.6918190967000692
5.534375000000001,8.82796875,0.7044273610937499,3.550484947070611,3.4615513951873425,1.955859327551285,0.3867304351722315,0.6292280316416291,0.426669845238736
5.70859375,9.0628125,-0.01659979218750003,3.3272332101854443,3.4519018619948847,2.326446342568946,0.2680560651356664,0.972850921688195,0.36466328040554474
5.5170312500000005,8.721875,0.5431113601875001,3.4827057906207695,3.837576902731071,2.21953627496169,0.7123209637451603,1.003238603654369,0.39388645143690226
5.7798437499999995,8.84890625,0.73379623878125,2.9839222783252817,3.5627496040573687,1.9149073240410999,-0.13766937163320386,0.6059351321703736,0.24401991627944325
5.592968750000001,8.76625,-0.05299166534375002,3.8875095175476337,2.900367164256967,2.9103555619066985,-0.10859283360313172,0.9493441332630973,0.41503512430546524
5.6253125,8.610468749999999,0.643561423375,3.635004285051635,3.820713868869722,2.131820989653016,0.2901198964635129,0.6800195170763368,1.0754718882575767
5.67078125,8.84453125,0.2481456919375,3.0215472571430086,2.8363504993694693,2.1474823176257676,0.44187900372255257,0.939787721097273,1.1925536101108114
5.6528125000000005,8.50390625,0.74081923165625,3.666927984000197,3.782296184688732,2.8286607075799393,0.26903553975060107,1.2018894951881245,0.5740481177683787
5.41375,8.18453125,0.6573946027500002,3.6668917781276282,4.052241250872588,2.301131240121708,0.6416226142279918,0.34506914238548586,0.5218876414646149
5.946875,8.6909375,0.30581936156249995,3.4907367931963873,3.155142488239438,2.268012754620847,0.2737239075057258,1.1643860969315376,0.760801418026106
5.73125,6.9109375,0.9991801971562501,3.573657746273417,4.353325495652002,2.41644887508251,0.18723964821782194,0.5907895058383863,0.5521289483783886
5.326875,8.4609375,0.532896128125,3.6397325086295833,3.9654250712998915,3.0312413258781135,0.387945893698749,0.5344834231654674,0.4995961678535397
5.80140625,8.11234375,0.6339846246875,3.357769380103544,3.7301021024009438,2.452880011943607,0.5262485688770892,0.3378722990344065,1.148749915918665
5.50796875,7.73234375,0.76678301109375,3.1872196835993964,3.6308202164711956,2.490106657615888,0.42019748194910367,0.22945516475300887,-0.0104548656571058
5.650625,7.6853125,0.6088721170937499,3.727227469497267,4.205036774790887,2.6724235087060744,0.05715685016765188,0.4985048067121126,-0.1837652802887723
4.469375,8.44890625,1.0157799792187499,3.293827975832223,4.195936694137667,2.2702493572660125,0.5575726037084013,-0.042767990420365,1.1494910479633318
6.4360937499999995,4.629375,4.532547998593749,2.1846056689276754,3.776056091926469,3.2738923727596365,-1.6335135686591995,1.1618346964029977,-1.4459053260908894
7.50046875,2.2665625,6.4240625,0.07009880721836492,0.07593621398088,0.06331268509351018,1.0320097800245467,1.0902297137148818,-0.26134676641830423
7.4775,2.2582812499999996,6.432343749999999,0.04130677910464569,0.04598079379955821,0.040223678796667606,0.31392021474689064,-0.22517592546755655,-0.8974333731574327
7.4840625,2.28328125,6.413124999999999,0.05459277510577742,0.05673553470654433,0.048633675318651294,0.44491663427912803,-0.028677029230370053,0.2758662865628427
7.45515625,2.2840625,6.436249999999999,0.048250394671313264,0.048789046862487466,0.04399928976699489,-0.37147121363829244,0.4037586562312191,-0.21695815757857315
7.446250000000001,2.28671875,6.449375,0.023946555075834874,0.03278979869467787,0.03534981435594794,-0.23639153627128548,0.10043831710750195,0.14925844171518884
7.4359375000000005,2.2809375000000003,6.428593749999999,0.03348127975078012,0.03794398626594202,0.03669414068945457,-0.8514863629856296,-0.00034523091300801384,0.5675800054826117
7.432499999999999,2.2759375,6.43984375,0.039330331806380694,0.04443108251832259,0.03393432017791851,-0.4395558845774094,-0.21481701033736575,0.7523457917997772
7.48828125,2.2625,6.41109375,0.08477091717350645,0.07881941385217223,0.051572678919535354,0.8745140115010318,0.32806188997735697,-0.3929464704565359
7.4878125,2.2506250000000003,6.4259375,0.0546714262092182,0.049933549593434566,0.03498744194350295,0.9586675757230573,0.20842755808427804,-0.6227161661943558
7.4021875,2.2085937500000004,6.525468749999999,0.10183425182005325,0.06397917599451791,0.07531039286471344,0.8041492547251058,0.754519158891585,-0.8920894870579967
7.4009374999999995,2.2009375,6.573437500000001,0.03647425247691881,0.03205068008248812,0.04035850088581096,-0.3360171222601772,-0.027979753563210412,-0.36215100744840756
7.381875,2.1909375,6.5784375,0.057632320576218525,0.046861456376749544,0.045249956836996015,0.7285694982972407,-0.5692808610293942,-0.47582117926173895
7.45,2.2334375,6.515000000000001,0.10307764064044156,0.09520075416586785,0.09963997691689813,-0.5290129986086692,0.19876094667470387,-0.25308301752803847
7.48078125,2.2785937499999998,6.507812499999999,0.04131830282619907,0.0423846665781093,0.046752966149218686,0.5916276579486733,-0.14236857287747562,-0.1772473975179412
7.48828125,2.28,6.489374999999999,0.04140330178183248,0.05273755777432247,0.04300708517209683,1.6161126201610563,1.1434191231086013e-14,-0.2494677477648776
7.47234375,2.2828125,6.492968749999999,0.029194508660662415,0.04324598066583755,0.030653287318613942,0.7928543581666525,-0.004122626701353653,0.7246206515079202
7.47875,2.28546875,6.493124999999999,0.06350442897940259,0.07363189032910603,0.05642680546513319,0.1445960156725464,0.353035855036684,-0.31068256113752574
7.468125000000001,2.2925000000000004,6.490781249999999,0.029467938085315656,0.028173569173961584,0.035720472399416676,-0.6148749113021628,-0.5240294346946087,0.06567665757369226
7.46890625,2.28609375,6.489843749999999,0.026874545781045207,0.026137687559107097,0.03407217465817952,1.5751899981262296,0.702815858763601,0.16268067050785495
7.4790624999999995,2.2867187500000004,6.48484375,0.0564501646919652,0.03691437251853941,0.03196639776292429,0.5553577964625019,-0.24982048757897302,-0.041421700570191296
7.522343749999999,2.221875,6.450312499999999,0.0496784091526439,0.04126420210061004,0.030871140953161826,0.807684753067761,0.12777931869983877,-0.3479565353207529
7.5071875,2.24421875,6.440312499999999,0.05583090402053321,0.04464459260019615,0.04426372491950924,-0.005508001137498854,-0.2595738213646642,0.07430848554519913
7.49984375,2.259375,6.4253124999999995,0.0367632708819209,0.04171611648991302,0.03699530164426273,0.5124415319983533,0.6226347970378946,-0.28995664472868515
7.515,2.2784375,6.412187499999999,0.05312132340218938,0.041728989848185884,0.0402130556380635,0.2129520056034352,-0.17877107435266112,-0.35894268885418856
7.520625,2.2846874999999995,6.390625,0.032493989828889826,0.03832300019244314,0.03445445363084433,0.1135273548796903,-0.11059560198828103,-0.4104664948956906
7.50125,2.2723437499999997,6.4034375,0.04158951189903522,0.035520336934459044,0.039655498909356754,0.1070274525702975,0.16052286974013646,-0.1138760675115111
7.604374999999999,2.2334375,6.314375,0.25667266970793756,0.13042261534622746,0.1899660742738029,0.405238661780174,-1.248771211357595,-1.0125122488221272
7.45125,1.64265625,6.58640625,0.43592753124802747,0.32994905945605835,0.44243420127849226,0.4872207198195918,0.5985036822483086,-0.11809169656704475
7.48328125,1.68671875,6.56859375,0.058631654406450864,0.050715341844825415,0.06269637119433229,0.508930794301515,0.35571911816606305,-0.5514257946715226
7.5521875,1.7925,6.487343749999999,0.046853119893449945,0.05074445782546112,0.04157982486660436,-0.245597089017068,-0.4258200921775536,0.7555148073631974
7.56953125,1.81828125,6.453593749999999,0.03730908432858543,0.034166626968980984,0.03645918897805439,0.06386940729719938,0.0879696775300183,-0.039709874621677674
7.594062500000001,1.8201562500000001,6.415156250000001,0.12522128850059808,0.1050519542223632,0.10627194166823849,0.43425776099039864,-0.11636532002229473,-0.27639212842655314
7.54203125,1.755625,6.485781249999999,0.13261998915486875,0.11826711028430516,0.09417080040244674,-0.19019649722564205,-1.4258223321764232,-0.17304780268629738
7.6284375,1.88671875,6.3784375,0.05374182350599958,0.055171740034527614,0.04730944507970898,0.045168757522471084,-0.7494440901001805,-0.3255676036036718
7.6296875,1.8923437499999998,6.355625,0.03852632014285825,0.033248223049322484,0.03815572532399303,0.07952942915584232,-0.7895700559034087,0.0034544861587311655
3.1071874999999998,5.52859375,2.82015625,4.792302900469017,3.8079542027131756,3.783392365072111,-0.13139716654788658,0.12673747342408015,-0.13469511953440846
-1.9146874999999999,9.6678125,-0.9809375,0.387374853783451,0.08288675915820334,0.2283755045834601,-1.7440645970536859,-1.2876419344369505,-1.0385087440723353
-1.9220312499999999,9.67375,-0.92671875,0.06488402363785324,0.02976470224947657,0.11946566828355962,-0.8434111875072436,-0.5932775678628526,-0.3199253172145223
-1.89828125,9.673437499999999,-0.93234375,0.054873567393030835,0.02851637413399531,0.08345549314417537,0.5964223513268144,-0.34856216808908214,-0.2793538665929019
-1.9037499999999998,9.668437500000001,-0.9821875,0.07175261319283081,0.03666651870235303,0.10338745012693756,-0.08847419834946967,-0.5865197800181275,0.2514472332080713
-1.9562499999999998,9.6521875,-0.9745312500000001,0.06477123204015806,0.0359890933999455,0.0788180199791742,0.14938696314486874,-0.21005807884725722,0.291018818089957
-1.9609375,9.641874999999999,-1.0465625,0.05575388859756776,0.03234941073651892,0.10969017090765243,0.08452862657364588,0.29116737308904506,0.7564955107776831
-1.9810937499999999,9.63875,-1.01015625,0.06036651564350467,0.029973947020704637,0.06291095362444847,0.027015499432505946,-0.1161878578502543,0.2916637629836251
-2.01953125,9.636875,-1.01390625,0.04098131005028384,0.028986796563263247,0.05829925995188535,-0.10310272497629006,-0.5888676347758718,-0.24398481207387937
-2.0101562499999996,9.6375,-1.01578125,0.03564110107639066,0.0253722289127308,0.05681121938875722,0.052150286023996746,0.41900410081164197,0.09867147957819059
-1.9909374999999998,9.64875,-0.9429687499999999,0.062016095441022365,0.04013648589500581,0.12156119456239933,0.18017390635527758,-0.09986535526243287,-0.037214565736298284
-2.0090624999999998,9.643749999999999,-0.9825000000000002,0.05519054351743597,0.03370367190678196,0.06957460025037873,0.2596574581059447,0.09580627869573587,0.3484469900149095
-2.0204687499999996,9.63875,-1.0025,0.04120943791702935,0.028256636388643473,0.07570501964863362,-0.31752397438420016,-0.42125081526844255,-0.2052678115647684
-2.0032812499999997,9.64671875,-0.9684375000000001,0.06812338730889336,0.04272201889468123,0.13191165071270244,0.255368087784772,-0.3528538138509026,0.4296149766390213
-1.97765625,9.653749999999999,-0.93671875,0.05296644537759257,0.033330729064933444,0.09389246987079154,-0.14072218128670036,-0.34907790568808683,-0.743503437361615
-2.0345312499999997,9.62203125,-1.10203125,0.07386494617501253,0.03500802084433662,0.08796625218478674,0.0733427668594223,-0.5978051573075472,0.48024416173616935
-2.0115625,9.629375,-1.0190625,0.05559953771165725,0.03445445363084433,0.08924542617832021,-0.33548692935392516,-0.029618339697968638,0.22567101185456925
-2.0056249999999998,9.6315625,-1.02,0.08071700177162178,0.04101138370928259,0.1483766322572392,1.0811383730952437,-0.13655180668909914,-0.43284627475818976
-2.0078125,9.60671875,-1.15671875,0.05707639480336854,0.03869167737947657,0.09076161577692134,0.2975687849653728,-0.45145975852683884,-0.04236095655377386
-1.964375,9.639999999999999,-1.0421875,0.04344087217126285,0.02915475947422666,0.06188367994673557,-0.03611287026298733,0.12105782480656271,-0.2738062458389747
-1.953125,9.606874999999999,-1.20359375,0.10483431868906286,0.05376090005756962,0.13447080523644342,1.2543097969754362,-0.3607958384989507,-0.11670244629387704
-1.7662499999999999,9.67171875,-1.10203125,0.22819605057932094,0.07614859419869503,0.195265681888645,-0.011710907116661581,0.45347935137582124,0.4649871114295763
-1.84859375,9.61671875,-1.2309375,0.2872546082501332,0.11461967936806272,0.3625074083294712,0.24007881817018564,-1.2573376645257082,-0.3492724001405294
-1.89359375,9.5746875,-1.3940625,0.21961875480235626,0.14091186019547822,0.5202755242116911,1.2708769169782541,0.7516330921468919,0.920147100838903
-1.7325,9.64140625,-1.34703125,0.2884711857361147,0.11270629956190334,0.28843694982341894,0.19472547155098133,0.30880657438553966,0.011912854386863781
-2.0775675675675678,9.501621621621624,-1.3681081081081081,0.32094796585424124,0.15742031040212068,0.24228459742722977,0.03150563649412781,-1.7418755657256255,0.9026613754242269
