1617073822362 0.18519006929031256 0
1617073824387 0.2958652903551113 1
1617073826468 0.42483161194136276 2
1617073828676 0.43156109218473415 3
1617073830882 0.4424484078865681 4
1617073833241 0.45543202759779805 5
1617073835235 0.4673800853633383 6
1617073837448 0.48013964490384287 7
1617073839680 0.49892281105427455 8
1617073841918 0.5073606560821134 9
1617073844128 0.50969300903182 10
1617073846507 0.5092858837750609 11
1617073848953 0.5243642404779649 12
1617073851319 0.5329555091558804 13
1617073853761 0.548953274396006 14
1617073856152 0.5519224145431556 15
1617073858218 0.5605940981561912 16
1617073860360 0.5697557242021766 17
1617073862663 0.5789198322269032 18
1617073864919 0.5936006350156834 19
1617073867367 0.6094803506513157 20
1617073869583 0.6169721440296047 21
1617073872006 0.6165681268753527 22
1617073874232 0.6464307481194378 23
1617073876579 0.6657629364000606 24
1617073878850 0.6742516614226574 25
1617073881138 0.6841790254234501 26
1617073883572 0.6983580539739636 27
1617073885864 0.704133363547402 28
1617073888386 0.7147747221825473 29
1617073891268 0.722283088863146 30
1617073893613 0.7204122229339759 31
1617073895945 0.7321745208741034 32
1617073897963 0.7348330936112778 33
1617073900200 0.7514184737641054 34
1617073902397 0.7513716623516227 35
1617073904437 0.753653480162413 36
1617073906467 0.7547635130340493 37
1617073908582 0.7621669638844658 38
1617073910891 0.76439166874574 39
1617073913663 0.7758320076721825 40
1617073916285 0.7744852268348059 41
1617073918780 0.7771886601920497 42
1617073920879 0.7853015651906433 43
1617073922986 0.7867940228575817 44
1617073925187 0.7839200448396544 45
1617073927285 0.7888331848595724 46
1617073929217 0.7813666828503779 47
1617073931259 0.7885725320424402 48
1617073933483 0.7906658439336679 49
1617073935549 0.790529657009097 50
1617073937925 0.7950912285844393 51
1617073940310 0.792405834490438 52
1617073943209 0.7958418629367017 53
1617073945532 0.7971904655573518 54
1617073947756 0.7979311090456116 55
1617073950095 0.803004606292992 56
1617073952361 0.8023964824520071 57
1617073954842 0.8059369387303542 58
1617073957078 0.805948763588555 59
1617073959272 0.8102326376238811 60
1617073961560 0.8129596203879481 61
1617073963798 0.8133423860113755 62
1617073966059 0.8172522411229548 63
1617073968161 0.8187484412882621 64
1617073970145 0.8183244859220064 65
1617073972158 0.8196883318041787 66
1617073974377 0.8233799024345557 67
1617073976634 0.8199765503389859 68
1617073979039 0.8150902748974563 69
1617073981488 0.8232264782900424 70
1617073983982 0.8231406954897229 71
1617073986315 0.8222673412682192 72
1617073988436 0.8228966385301111 73
1617073990496 0.8261886131497906 74
1617073992680 0.8245795272705284 75
1617073994912 0.8251475591074666 76
1617073996992 0.8318704163298178 77
1617073999015 0.8307604781289571 78
1617074001192 0.8310270806607312 79
1617074003249 0.8323109622481196 80
1617074005484 0.8329023480893115 81
1617074007581 0.8348306688016631 82
1617074009658 0.832593192729982 83
1617074011671 0.8360054135511457 84
1617074013649 0.8368769146342993 85
1617074015675 0.8409402783113242 86
1617074017956 0.8403316967384448 87
1617074020098 0.8410582466531704 88
1617074022246 0.8389984106226418 89
1617074024345 0.8431505913980655 90
1617074026596 0.8445708519348684 91
1617074028572 0.8435156024483446 92
1617074030689 0.8430681370524417 93
1617074032791 0.8453630430021294 94
1617074034876 0.8448465113338058 95
1617074037153 0.846993944753593 96
1617074039295 0.8464250500576174 97
1617074041473 0.8489536634917272 98
1617074043665 0.8478700982934332 99
