0.16124999999999998,9.309140625,1.725234375,2.108899668666103,2.96539548040807,2.6326483709505073,-0.5899690614677333,0.30216308137471354,1.0424103156372484
0.24000000000000002,9.305937499999999,1.7378125,2.15473352470787,3.221328199841449,2.5972325829320235,-0.5591146790668677,0.34042205195030123,0.9602821753480097
0.37132812499999995,9.265234375,1.94140625,2.017358797371946,2.8041670902548512,2.5826947332119876,-0.7247989118401328,-0.1564052806003875,0.85947945179674
0.374765625,9.073984375,1.723515625,2.047016107671935,3.0700665047366416,2.4469210850844494,-0.4794538899806091,0.21344963081093896,0.9467947262742791
0.32625000000000004,9.398359375,1.77828125,1.9820700195754943,3.067542220915567,2.529356733123748,-0.5266402696607535,0.13276637772642225,0.8315369895075787
0.496328125,9.145625,1.9928125,2.19381797298317,3.0755166613717115,2.538389910916711,-0.5721393472118822,0.17339440507530882,0.9282493945496901
0.24656250000000002,9.20625,1.807421875,2.2361767866369044,3.345566095595781,2.668096303457108,-0.44677872625202447,0.19943235161656792,0.9472502552953732
0.23335937499999995,9.191328125000002,1.7834375,2.3578993820453005,3.5461540282866997,2.837533435238033,-0.6756179356370153,0.17449446606452204,1.0885434957364382
0.5785937499999999,9.017499999999998,1.76515625,2.4012609755003593,3.2180555076008246,2.6455673376585858,-0.8639972105165616,0.06320444023393963,0.8938555268230403
0.2346875,9.020781249999999,1.616640625,2.5456071038838157,3.53600511907837,2.643565087310999,-0.5381736345506382,0.18934099874497368,0.9687600724619553
0.276953125,9.0984375,1.6653124999999998,2.4521417802204533,3.534664154285913,2.4851697431651925,-0.4106548580428874,0.0841387234865423,0.8832607498655729
0.34882812500000004,9.343125,2.06203125,2.387075427266383,3.5334890578399984,2.8714002897581934,-0.3686490743156978,0.06001156054655291,1.1666829258667528
0.28710937500000006,9.128203125,1.88921875,2.3197296287578664,3.532906123503742,2.868812801429964,-0.6681463064607233,0.11567112913993408,1.098685674417937
0.22429687499999995,9.29046875,1.918359375,2.402547698405847,3.4942539572523112,2.7700681899728767,-0.3567948931810044,-0.10793038101290489,1.1689674992531258
0.28625,9.397890624999999,1.745859375,2.581641616781849,3.6733288403418376,2.6169294170792243,-0.6300486463781502,0.23764234538653875,1.1498094390593534
0.292734375,9.1671875,1.74515625,2.370605050286395,3.7449563869080973,2.5797556159617017,-0.4397193693092722,0.030330886770398278,1.0482307836919145
0.12312499999999998,8.907421875,2.009296875,2.4965350206586328,4.0837071940849885,2.744112215155429,-0.7451623635268589,0.15731322545636411,1.1603312747829375
0.381015625,9.106562499999999,2.191953125,2.600355997215739,3.896315254005218,3.207169473079453,-0.5099442133217017,-0.046646437540348536,1.1478660055120395
0.270625,9.001953125,1.948515625,2.3822542993717106,3.79515028906007,2.8707945029,-0.5865552391807675,0.0767269015699517,1.1298832926914155
0.2721875,9.1340625,1.835625,2.5220691336368537,3.6926632152274257,2.7239595920965862,-0.5762422208219348,-0.1135868950349104,1.0365185642854704
0.42640625000000004,9.111484375,1.9789062499999999,2.348928856406881,3.70473980400525,3.0089263643716735,-0.6162002476629229,-0.056002500211427095,0.9844685604374996
0.37453125,9.273359374999998,1.89890625,2.3610236324046903,3.9468526379698554,2.6941946368462206,-0.3984238040752601,0.0033339923512693804,1.0480558252323515
0.2940625,9.328046875,1.740234375,2.5051067958459874,3.897933157976511,2.5925507663917324,-0.4258814407951952,-0.07357498954270525,1.3199286544454225
0.296796875,9.106328125000001,1.98921875,2.399373268947588,4.199338465590025,2.9241814050514097,-0.2467978297821286,0.11356543568342997,1.1118037435242574
0.08484375000000001,9.224765625,1.8848437500000004,2.5586812962121597,4.2364227917039115,3.1157638470503404,-0.40934122008173796,0.05850455002026435,1.1879020503712676
0.12273437500000005,9.057421875000001,1.8812499999999999,2.376420862756292,3.7269936456239745,2.9876004167224237,-0.5805333107907434,-0.08177866815061677,1.1445885204986774
0.279921875,9.118984375,1.9410156250000001,2.477907224382399,3.9628369020508347,2.933698295199399,-0.19349054176693153,-0.10052033556990836,1.0296111865652
0.10898437500000008,9.210156249999999,2.165234375,2.53235217974433,4.192161022442475,2.9608953895010135,-0.12599166394214784,0.0884669511311211,0.9537029494264079
0.16703125,9.26875,1.88390625,2.5848538278833946,3.9601173830456085,2.9157227969597757,-0.6418699168908826,0.068889105199439,1.1329081159902015
0.505859375,9.540625,1.8792187500000002,2.4284683725497866,3.9740314759542357,2.887053972416941,-0.46594927133999214,-0.11446674571005523,1.136466673033926
0.2878125,9.089296874999999,2.01875,2.290754494122788,3.633415056715271,2.8255555316609864,-0.2911606194886259,-0.08296002671543162,1.0310487610732357
0.4521875,9.339296874999999,1.991640625,2.374319947867968,3.5251662601734455,2.8837653817707865,-0.6684451321536814,-0.09335548308226224,1.2140449568267198
0.361328125,9.065859374999999,2.056875,2.28010463407581,3.828904160980607,2.8188835195649715,-0.3801604639111118,-0.039704696513934226,1.1664408612911246
0.273046875,9.219765624999999,1.856875,2.6990431054917843,4.286241700349895,2.9267208479585136,-0.5104257922104923,0.022708963873621014,1.3233268922528043
0.161328125,8.918984375,1.9464843749999998,2.3404394522896728,4.028646027172884,2.9846033524793305,-0.3237830495289657,-0.016940187153469437,1.1663071484586713
0.262109375,9.339921875,2.17375,2.752576251312052,4.147775476101193,3.0006952319420908,-0.4766357720264337,0.12578640968563964,1.309040678962551
0.646328125,9.096718749999999,2.0296875,2.332347218701363,3.6983227003465284,3.250548496383918,-0.5408192400871228,-0.08705477748251848,0.9617328567108484
0.25343750000000004,9.536249999999999,1.73,2.754595432380906,4.242383616553317,2.606863536896398,-0.4151106228302049,0.03437205375867266,1.1628185723814384
0.19140625,8.969921874999999,1.8682812500000003,2.6077944268022617,4.129305990435497,3.0814815099069532,-0.23973965341888925,0.1100464815126504,0.9795915221754631
0.330703125,9.219140625000001,1.7967187500000001,2.492904989538357,3.770813495484046,2.9419716256106954,-0.39152649827932,0.060353875524567134,1.2120911687124345
0.513984375,9.135078125,1.8435937500000001,2.5657157687487246,3.3985481725873012,3.0205335658556978,-0.2971395304322566,-0.0876873269956415,1.18072776211945
0.37203125,9.290859375,1.836796875,2.3861748152688724,3.5514050976655156,2.8607491735103645,-0.2821515850367532,0.17445979908736572,1.0154424725027873
0.253515625,9.388671875,1.76125,2.3431387835830084,3.7079255005102225,2.8765232377820276,-0.4078533008918116,0.05952790782068377,1.0910214888845395
0.41734375,9.1353125,1.83015625,2.235519194580073,3.594144964709096,2.8631440280897396,-0.5790301491212486,0.16422906142106616,1.089722681593285
0.11539062499999997,9.221640625,1.9302343750000004,2.3454466866488586,3.49396975546435,2.606724017098542,-0.34705179348368276,0.25291367804338266,1.100939414006814
0.254921875,9.148984375,1.98484375,2.329713299184362,3.6597916265486834,3.039061580173383,-0.23962219767689164,0.055755437710617875,1.307013066106545
0.348125,9.097734375000002,1.7346875,2.542390837749971,4.241243039863828,2.9192186287333377,0.015092915253423005,-0.0030212990185203713,1.1700555394730745
-0.35992187499999984,7.464921875,0.602265625,3.813209871636557,9.57239177890753,4.6099530933832025,0.06702097101342533,-0.34380970340101696,0.5021529213201597
0.4283593750000001,7.146406249999998,0.34484375,4.936305674753095,9.35323287478511,4.961349360364168,-0.25986176764026414,-0.3601376784626327,0.15652272300002315
0.9539062500000002,7.280312500000001,1.498515625,4.629449250851653,9.972756008363172,4.5863689153709455,-0.005975683951649586,-0.3258959371059561,0.13579919839449112
0.38562500000000005,6.975625,1.22796875,4.376813329566958,9.56146176961844,4.520977728768793,0.3134015711922347,-0.3159486753362161,0.3185924829846164
0.812578125,7.149062499999999,1.4941406249999996,4.19425467270664,9.63209879756711,4.982864469757793,-0.018885814510551126,-0.28368048497289516,0.4548772665256519
0.668828125,8.47015625,2.08359375,4.309203018884001,9.674369891010263,5.183582366227138,0.03390444875128823,-0.46137713653313955,0.30236764690376305
0.5725000000000001,7.073359375,1.34375,4.89728193108177,10.136106969436028,5.116107071055101,-0.227623909998925,-0.27987649788855345,0.06502183419808003
0.8915625,7.10484375,1.28234375,4.235694570680676,9.381517316675694,4.799369340792177,-0.06559319635963132,-0.2943960272010904,0.3367374852330882
0.8702343750000001,7.202109375,1.344296875,4.438687598977693,9.95241158372116,5.15779184274775,-0.08447091831481389,-0.3237485865053305,0.1490767251739209
0.74890625,6.95359375,1.492890625,4.13826356896355,10.123394296626055,5.414602240750202,0.07420878973471898,-0.262383401902321,0.2836858197734438
0.868046875,7.845703125,1.706015625,4.141618240984161,9.292612714845875,4.6534310829221335,-0.11772565116703543,-0.3174208191140634,0.48779851129216684
0.7715625,6.688359375000001,1.5942187499999998,4.070544619101201,9.839697799073893,4.59317676855011,-0.08979662987997941,-0.09517189201211532,0.3962291227933975
0.8209375000000001,7.564609375,1.680234375,3.619884415778182,9.004967110429227,4.346801170265136,-0.07529193556002903,-0.24556524537531252,0.702436887273531
0.337265625,7.374921875,1.2965624999999998,3.9617404072507525,9.204743511847383,4.7796986760248545,-0.18121101314573537,-0.17043014712793753,0.6148653124271157
0.5928125000000002,6.8814062499999995,1.262734375,4.154744452411453,9.146849076182516,4.648906073415913,-0.15902765244628142,-0.16133271459725873,0.3025773060141615
0.85640625,7.2328906250000005,1.4993750000000001,4.601440286471284,9.50038906706126,5.124070761794278,0.040150356070106294,-0.297112155666492,0.48881944176425013
0.92234375,7.089140624999999,1.5657812500000001,4.627453991595804,9.406450581527794,5.127103472200306,-0.2084123965678281,-0.2322963237013998,0.5167069432575797
1.0878125,6.721953125000001,1.148984375,4.41742730159125,9.462679907354614,5.022443199007417,-0.20054067463606473,-0.22770102357509317,0.4691900434465724
0.8010937499999999,6.894140625,1.411171875,4.145441064134302,9.86051021811116,4.610483234755223,-0.18272866131427357,-0.21401379071462728,0.4864956154208999
1.172265625,6.65265625,1.4594531249999998,4.683272129152155,9.67762904237582,4.6584166617722955,-0.18480750945084853,-0.22524620779563806,0.5025762806586745
0.6412500000000001,6.57625,1.082265625,4.494904580466642,9.364174583218746,4.528999650661651,-0.27295471639764246,-0.17390084106222284,0.5808358813772913
0.6011718749999999,7.4325,1.6981249999999997,3.8667641553318175,9.7078051716132,4.511215840477487,-0.3602499037458211,-0.26158616524964023,0.2683520654194224
0.620625,7.248046875,1.295,4.310951669512777,9.448096539332816,4.5311703441274425,-0.30526556029882385,-0.2749713952723164,0.22517845155127775
0.73265625,6.6953125,1.41953125,4.800676788936737,9.69322314312137,4.58243058788384,-0.06332695909032897,-0.24934204689829165,0.3845970355704327
0.958203125,7.363046875,1.31125,4.00613327318129,9.26438396483019,4.143023503433211,-0.12530924725076217,-0.4010281753532429,0.4436334031575483
1.03265625,6.617812499999999,1.171796875,4.11100932032949,9.692014749387443,4.748001624630118,-0.5169037404793474,-0.20526801759823896,0.34389211176550133
0.760703125,6.262734375,0.85078125,4.617660085136761,9.458638389294906,4.802524175071734,-0.3651564246074145,-0.170468499007983,0.40894161309985544
1.136640625,6.922578124999999,1.33734375,4.347022198683785,9.684749226078157,4.488238359238058,-0.3349115856660517,-0.24059029733006718,0.35487187423852157
0.8872656250000001,6.292734375,1.094609375,4.67409729166428,9.917394812497047,4.449762968115505,-0.5700719376683508,-0.1781746833663171,0.39841764605503877
1.04859375,7.3021875000000005,1.615625,4.100110656733661,9.755820453188125,4.629132233407791,-0.11433857311828392,-0.21460419070602288,0.37024570045036087
1.002734375,7.290390624999999,1.5392968750000002,4.386678112985196,9.515992410997505,4.371776166429982,-0.1577513262615215,-0.2586782725163568,0.2674314182810204
1.02734375,7.02578125,1.453203125,4.477810479948424,9.384151750539226,4.590200147732149,-0.4763865971406201,-0.2552755511560553,0.31009080648426535
0.622265625,7.756953125,1.5231250000000003,4.114478858032127,9.770494530616284,4.549732778897569,-0.5037035984043833,-0.40715134273923886,0.33734141732059786
0.610546875,7.0034375,1.4706249999999998,4.273059374696042,9.74637476173032,4.094786462304842,-0.4519020744012705,-0.27546938270295734,0.33989576365081464
0.9385156250000001,7.245390624999999,1.7346875000000002,3.9692572687318792,9.620010062230294,4.396850246465503,-0.12000940041471163,-0.28605003080072766,0.2669731131426416
0.8686718750000001,7.04734375,1.4178125,4.147222220032823,9.527607048432252,4.476437083757991,-0.2691157039797423,-0.19588980684470791,0.4394740099518981
1.158984375,6.74390625,1.686875,3.8976388765835988,9.333173381343077,4.430632141339991,-0.35748703013765076,-0.15716051900235392,0.37714310154019837
0.971328125,7.522187499999999,1.64359375,3.8263180676511963,9.057842073438009,4.019985761474901,-0.21924264686436967,-0.34380042494834145,0.2895254737361172
0.561328125,6.601484375,1.218828125,4.512868124024231,9.645595990677863,4.5384531748668495,-0.01899102819334921,-0.11870754848950747,0.38916871016881316
0.9166406250000001,7.035937499999999,1.448046875,4.739228127643742,9.201134393165537,4.671289312550951,-0.39137946947618124,-0.27645119675339874,0.39095382372295934
1.073359375,6.618124999999999,1.6732031250000001,4.117878184921163,9.927301350788895,5.10527988544607,-0.4744813807805018,-0.1928418664539391,0.5875566907862334
1.31640625,6.81640625,1.6446093750000004,4.671610023317544,9.519953283628073,4.820252506084314,-0.5230690036721077,-0.18995369454447,0.4380206067834589
0.899921875,6.277265625,1.6203125,4.760021418034428,9.310864178041873,4.718743532694243,-0.15337889890350012,-0.11254958799909526,0.4494115688908038
1.0120312500000002,6.920703124999999,1.320546875,5.372554146914057,9.479428317381025,5.009527377375807,-0.4477542779045878,-0.1631199322177743,0.56224028334043
0.506640625,7.327890625,1.7146093750000002,3.791510928488748,7.056733226627397,3.5574575942535294,-0.9001365402739759,-0.6181936497875685,0.3367000617678336
0.8010937500000002,9.17265625,1.9364843749999998,2.2824329927099587,3.4371012233182685,2.6236888361867265,-0.1219487694332068,0.2404863482298373,1.2194456918149805
0.7340625000000001,9.228671875,1.9859375000000001,2.4809806017165372,3.6004761775123555,2.6985275028418276,-0.167002021654491,0.2114471463696377,1.182754071666746
1.009296875,9.200859375,2.377890625,2.4212681283503557,3.415344059201739,2.9353906395549996,-0.040994804197924235,0.2307037606364127,1.0907474043391185
0.71671875,9.10140625,2.2106250000000003,2.4118908263846515,3.5107483920755325,2.899002994026567,-0.10976231212758002,0.1768679369457193,0.960691360093248
0.737109375,9.038671875,2.191875,2.4747857080032425,3.530134640468262,2.876152146857847,-0.11847825940813883,0.4023544512792138,1.0055369390211446
0.718828125,8.924765625,2.109375,2.4877212907516357,3.767278312332175,2.6598592391092803,0.21424062926619117,0.33356714656890374,1.0693496705040086
0.5992187499999999,9.076015625,1.973203125,2.6810001659172715,3.8377221718756376,2.6506611597373655,0.1453864790229826,0.4128828127223038,1.2102690711842716
0.972578125,8.88015625,2.1082031249999997,2.7488808080783502,3.8759692304746096,3.089794803460294,-0.10560135622028367,0.2989622501414904,0.9761874072942217
0.9317968750000001,8.887265625,2.0446093750000003,2.3987732651274554,3.5713289094458043,2.923954113852013,-0.0009857885566397914,0.2773645264197743,1.112894153034037
0.8878125000000001,9.30046875,1.88578125,2.516451785718087,3.780246738676384,2.677783192707811,-0.27209530113820335,0.15980526085758018,1.2630036812286909
0.761328125,9.123906250000001,2.0657031249999998,2.626135876593971,3.7003401943214542,2.8370576977945365,-0.18095681227114288,0.27564890244966694,1.0615401670641118
0.9342968749999999,9.069140625,1.9471875,2.6738714569169617,3.931450715731358,2.91141877395605,-0.23169856424571653,0.19506873124665575,1.050163257045843
0.636015625,9.064218749999998,2.24046875,2.6262072640037113,4.161976995929751,3.3175315228756213,0.21706495765603182,0.20508791744748175,1.0304309167702281
0.89921875,9.087265625,2.06765625,2.661682565060762,4.030189340086065,3.08206467028775,0.16653042771965038,0.11164267151012633,1.1994219964387123
0.960390625,9.273359375,2.128984375,2.5301362989297846,3.9315640330343866,3.0298024481401193,0.023860902536795615,0.2500669106347129,1.06656873179607
0.99234375,9.08203125,2.1895312500000004,2.4953671086306994,3.6591867179092454,3.024756152200279,-0.05720604675227755,-0.06277519834038053,1.233619970003685
0.558515625,9.03640625,2.105390625,2.445150203030656,4.105103861044315,2.9136126904432764,0.02986773846634021,0.13151265606464144,1.1532618606781175
0.851328125,8.993671874999999,2.168125,2.600465514544268,3.6874669216935336,2.753071225354513,-0.031538817840745755,0.10679761931931625,1.270324884047022
1.054609375,9.087890625,2.2924999999999995,2.415654318173879,3.527962552137864,2.720959159928719,0.1876407235460445,0.04352714749972861,1.0996672858501815
0.8192187500000001,9.025078125,2.1725000000000003,2.406362208219793,3.5846643837180188,3.1290194150883757,-0.014723840690701874,-0.09553140971587747,1.0384769057398149
1.165234375,9.07390625,2.0843749999999996,2.4825676491423874,3.8592517155157084,3.007054661022144,0.07435090573003605,-0.08438862543902427,1.2266794838200208
1.1753125,9.171875,2.1782812500000004,2.3873461787817347,3.664944097032723,2.764290174872826,0.12518852991562845,0.052952140659185354,1.279655307738639
0.625703125,8.991249999999999,2.155078125,2.532394088232563,4.2278134123918,3.0526614914524153,0.5372871414922694,0.09327061186658285,1.2653615391282647
0.44695312499999995,9.163671874999999,1.9489843749999998,2.7195075262449144,4.517459682839902,3.251938085550808,0.46770428692174437,0.11219918200812252,1.2817035516162807
0.99375,9.294765625,2.1008593749999998,2.5995230932807654,4.224884422391737,3.3741621708543605,0.3426739790365366,0.04574689181452312,1.0900878234899867
0.90515625,9.090859374999999,2.24671875,2.801270075891637,4.290289367306664,2.7264388716599606,0.24820573183132946,0.18891792335326082,0.9396540887165179
0.9354687499999998,8.97703125,1.9977343749999998,2.498846877616441,3.7429918596656653,2.5156436225533536,0.23270336507910713,0.2835400805822696,1.098797629437069
0.66609375,8.89671875,2.2280468749999995,2.466192103468612,3.6394131801567187,2.65856342157804,0.0732994738358033,0.16228653680220734,1.3418494767427511
0.8392968749999999,9.1603125,1.9382031250000002,2.540477066293895,3.836205998749774,2.7833990106505095,0.32232668827241306,-0.020773978680532518,1.2393393895619873
0.5410937499999999,8.839921875,2.2571875,2.4527628663837313,3.875737328257229,2.923380945471142,0.09417050845384921,0.07836829567327712,1.2253957338724863
1.09328125,9.063125000000001,2.26515625,2.3255826250422578,3.4350738597408648,3.066572288498339,0.2791773001090093,-0.022250193205740575,1.0962314868708505
0.7434375,9.031953125000001,2.071328125,2.3492739694624274,3.8417208177524738,2.949441252989112,0.21644426676744888,0.1546581778660881,1.3272940279714756
0.978046875,9.0825,2.1208593749999998,2.4463662653112133,3.5021071781857276,2.7476626508224418,0.21301246721565237,0.24044413631435974,1.0530569841395778
0.8597656250000001,9.02515625,1.9665625000000002,2.558725105168267,3.399678060211869,2.572965955583896,-0.0502860306667295,0.13650556936270866,1.1634421111024786
0.893984375,9.0628125,2.10984375,2.4836862535364364,3.3029678741010713,2.850356881266965,0.06388799019727014,0.052023022346899886,0.9812106374452108
0.8792187500000002,9.063437500000001,2.158359375,2.6127483761641566,3.6062035173564113,2.8627592069714156,-0.02891291344664341,0.14706887778590524,1.1475291090319397
0.8453906250000001,9.00921875,2.029453125,2.487348896900495,3.9897308824842357,2.7443419943909566,0.04429134156827948,0.053738262651102105,1.261315932373897
0.58203125,9.0484375,2.222578125,2.463060012265929,3.816411198180006,2.814625376408286,0.0741462440174315,0.3421243342299088,0.9196078773657662
0.80828125,9.232031249999999,2.312421875,2.5665300959463613,4.006035555761262,3.127654559054034,-0.05077921728245552,0.2084366738967915,0.9848620842933884
0.7757812499999999,8.899531249999999,1.9721875,2.8185519912090387,4.135105965120294,2.738548867985333,0.08791260118122081,-0.05127574152556959,1.1074596810130626
0.88,9.063828125,2.109453125,2.4370053985373117,4.015308425477299,2.830678007505929,0.24721562843860898,0.22337127292544026,1.1582985656654172
1.013671875,9.264609375,2.3499218749999997,2.4889370444195618,3.594696375900489,2.8457653562172838,0.11437073703182857,0.13620075833963735,1.1205729359198318
0.9225781249999999,9.045234375,2.026484375,2.48573437529465,3.5838642214191596,2.4401855685850737,0.1970927330835613,0.31486309472859936,1.331855239483434
0.9292968750000001,9.1921875,2.0228125,2.5463025226522547,3.699187186375373,2.8164069911580163,0.057857554457094396,0.1240351952996805,1.117689332888958
1.003671875,9.112187500000001,2.061953125,2.789291988764171,3.7887037974541835,2.6535931002233055,-0.17860582501562805,0.19869411651765367,1.1551773696374201
1.0460156250000001,9.091640625,2.29796875,2.7757269148829935,3.977344979958315,2.904265817125464,0.0009797862633273212,0.23941881397703174,1.1226185821651598
0.7948437500000001,9.098125000000001,1.9320312500000003,2.810258268929377,3.9967937833812495,2.7881163442409354,-0.10191265431155921,0.1645213061208922,1.1684881139032595
0.880078125,9.048125,2.22875,2.5002888883380026,3.5513748988067984,2.856930170655209,-0.018413867968179995,0.22741252603934695,0.6192669011386
0.8061718750000002,9.197499999999998,1.886328125,2.894724220752123,3.9062741999250385,2.9296378485375945,0.10520972386229584,0.16630435852958125,1.094465054934482
0.775,9.057734374999999,2.07359375,2.5409957447819544,3.8792664445992053,2.9510426479400356,-0.03742889412766236,0.16212569565382892,0.8996718497760907
1.057890625,8.359296875,2.0529687500000002,3.0061506356613457,7.182433669158751,3.250958358549589,-0.2151612143027011,-0.3673413369478368,0.5347442056779542
1.578515625,7.23015625,1.5596875,3.8616692249441633,9.14184387038993,3.7607099017132057,-0.4709697340846439,-0.05207424412617266,0.5271425224206492
1.224609375,7.540781249999999,1.80953125,3.6717881164920327,9.200562364722519,3.6772235746243984,-0.146372572891305,-0.21725737473874004,0.49699074869620113
1.4577343750000002,7.739999999999999,1.702109375,3.5640124453617386,8.677666376970251,3.4415037257406986,-0.1069562482373772,-0.15514579207238777,0.6557973177093737
1.43515625,7.24765625,1.535234375,3.644018640263238,9.124512100344651,3.45455179003997,-0.01138003753308652,-0.21183702625076356,0.6291077318455078
1.6553124999999997,7.28265625,1.5667187500000002,3.58552448601927,8.79493093388663,3.4436613213117284,-0.315301665272985,-0.18795962670436264,0.6221462607846824
1.1796875,7.261874999999999,1.449140625,3.7060948402386775,9.250450728038876,3.6290826206804123,-0.42370487985706723,-0.22418257840707606,0.7648241446515777
1.4474218749999999,6.023515625,0.8847656250000001,4.071459398608991,9.65079502795655,3.8765924076524167,-0.3072496758351508,-0.0011891189458309278,0.6135429310576423
1.859140625,7.788671875,1.65171875,3.6954082629967435,8.80464750954483,3.7353591505233386,0.1649405718944314,-0.30761815497230655,0.4476858375886431
1.348984375,7.4315625,1.1975,3.783576110937357,9.11520171176117,3.4864545924190664,-0.1625414453764735,-0.24154559117700297,0.589232458349591
1.380859375,7.477421874999999,1.6902343750000002,3.5899534353142535,9.045497001797164,3.8554252490896976,-0.24161659195006047,-0.2302641301681317,0.4261373787447807
1.286015625,7.85046875,1.675703125,3.6357423459323766,9.09943721296946,3.973570435466727,-0.10175971003667615,-0.33054838702297457,0.5061291172817203
1.561953125,7.116796875,1.4737500000000001,3.738484623353791,8.951794157946228,3.6347257461877365,-0.2962091494614083,-0.1632832259502704,0.724731224538985
1.3566406249999998,7.635468749999999,1.5896093750000002,3.471850928661772,9.209986585509961,3.604236310047124,-0.38816850848857587,-0.2512997583738243,0.4810678598670433
1.5732812500000002,7.519765625000001,1.7357031250000001,4.061439690355925,8.928929760269051,3.775613709135938,-0.39281638191620005,-0.2337265772266978,0.5444831608907595
1.8043749999999998,7.943671875,1.9558593749999997,3.7274456631686794,8.76792270430026,4.091436469807959,-0.46255879331290406,-0.3290281374232019,0.6359913027056576
1.5190625,8.0384375,1.8178124999999996,3.7860158885817885,8.944460177735365,4.043438538526801,0.05808607088927465,-0.264131207695064,0.4046296009627896
1.500859375,7.309843750000001,1.8342968749999997,3.987645378882707,8.741757187521623,4.037039192665243,-0.4513516527011138,-0.1987845598538241,0.5857179666235147
1.3182812499999998,7.254765625000001,1.66484375,3.6486020673538015,9.061960411940031,3.9808543728810197,-0.4204978715846398,-0.20717234638242127,0.48296992689414897
1.61953125,7.205546875,1.4624218750000004,3.8274064855033934,9.179090182361634,4.007068509617908,-0.3785876777942501,-0.2280758724466456,0.6389528886932351
1.45328125,7.101171875,1.8571874999999998,3.481941831923451,8.881986389342138,3.325093733993637,-0.23121798307767116,-0.1561002416720601,0.7458528158158357
1.41296875,7.601406250000001,1.7975781250000002,3.7944273199685137,8.749207172507743,3.96692610572361,-0.522345127824694,-0.23192300074215172,0.1873082786893273
1.3453125000000001,7.483203125,1.481015625,3.6970674479705874,8.522953743934098,4.004196985633431,-0.3016141333510652,-0.16826827182438156,0.5316482830399097
1.6404687500000001,7.70328125,1.6885156250000002,3.8067692296451905,8.40758921575611,3.594499723936679,-0.16708524487584855,-0.1868207537518105,0.6421324234743229
1.2800781249999997,7.4078125,1.53171875,3.8963511568705513,8.784016106818324,3.9516418876713058,0.03586820299971752,-0.1585961939699853,0.7156038215549486
1.649453125,7.7738281250000005,1.9859375,3.794373364888824,8.380257782533242,3.853441732217285,-0.19543341704067252,-0.21813819254377584,0.4099067206453356
1.5610937500000002,7.53796875,1.627890625,3.493595979247019,8.748330765724592,3.3035640442236183,-0.12101156708302648,-0.27438330390218785,0.4607652613803527
1.72796875,7.568906250000001,1.8833593749999997,3.6719839578249025,8.470846625557032,3.676446840476496,-0.5034840817101175,-0.15589695187327124,0.462135797266638
1.358046875,8.258046875,1.660703125,4.104791228436927,8.401871355778589,3.835603599743492,0.0008362653587516345,-0.38945652346247844,0.5678179229751141
1.5010156249999997,7.438671875,2.067421875,3.7545892418153892,8.659727854692317,3.754231622052838,-0.16886185864693595,-0.1914375844499394,0.4597879354122114
1.410625,6.275234375000001,4.591484375,2.01382283775783,5.106821872022595,4.079354094446921,-0.4670808642957982,0.4982264835977206,-0.15797551925290845
1.5659375000000002,3.0679687500000004,8.868515624999999,0.03727929846107623,0.040046055029646754,0.027728872693627196,0.22447126254813468,0.266649704033366,0.7144273909988658
1.5710156250000002,3.075859375,8.85625,0.08179471105065031,0.11133793816399404,0.04929186038282599,-0.49147985791840376,-0.5961720198614402,0.01966761588381261
1.4375781250000004,3.23265625,8.8290625,0.03675820685893663,0.040165368614485476,0.03417412901230992,-0.4968455106244203,-0.4116121761907286,0.39003583548007487
1.4453125000000002,3.242109374999999,8.81265625,0.03434515750073075,0.036756214265201065,0.03514444246161127,-0.2671881330365621,-0.09542184935249844,0.43550539019456636
1.8031249999999999,2.916093750000001,8.847109374999999,0.38765067635049993,0.332791776056647,0.05510150213115232,0.15739605237283913,-0.26645067101979475,-0.2835396832674199
2.225625,2.505937500000001,8.91765625,0.02904065038872222,0.03263044734216788,0.03843591206069533,0.1465937984400618,-0.43228272637164633,0.16912721551749704
2.196171875,2.492734375000001,8.936250000000001,0.04111951129311207,0.03292308374620105,0.028912583765551107,0.26178335140923753,-0.3786779707983491,-0.16727832549836444
2.12890625,2.501953125,8.94515625,0.07398515872076987,0.12355450842739157,0.05680262393532088,1.0245709286879294,0.3074667374319066,-0.1740926497402752
2.09828125,2.6603906250000002,8.901093750000001,0.10201186645894442,0.14562581729250268,0.06581501508726958,0.27726172164931484,0.7195726926820434,-0.5644538684912619
2.4910156249999997,2.3854687499999994,8.88375,0.44736527274237486,0.17537842733197695,0.09007809112098245,-0.038274674807273035,0.04654306274248647,-0.2600285669717245
2.3939843749999996,2.5652343749999997,8.83578125,0.5322613019052385,0.42848017173302116,0.06352422489442526,-0.5606970015056104,0.7515140113911317,0.04994691619854435
1.5885937499999998,3.2328125,8.7971875,0.07191286366803577,0.05626301932664113,0.035815008638139544,5.150464117319327,-1.7889848718702062,0.2687208251863119
-0.58484375,8.265234375,2.512578125,1.2352333941753428,2.4696267319310343,2.748580669549556,1.9109028119001545,-1.9032283719987648,1.8911857736292736
-1.171796875,9.328203125,1.2697656250000002,0.0487569481226458,0.03226921892817319,0.07249423300069723,-0.9250388858154405,0.7408040312790659,-0.3843225287958929
-1.2253906250000002,9.331015625000001,1.248125,0.04132384193307028,0.025274735525013255,0.045804441651438155,0.28163661779627075,0.3879339890507624,0.12823878975373182
-1.18984375,9.32546875,1.3250781249999999,0.04214899863505066,0.03466039199774723,0.05584571511301805,-0.6506922495001559,-0.07800581495062131,-0.005531298976323813
-1.1857031249999999,9.340703125000001,1.329609375,0.14263526252380362,0.14926477938627838,0.12138782336836497,0.330991074151327,2.1759491166577827,-1.0795796532972928
-1.1480468750000001,9.309062500000001,1.393671875,0.09225523861946472,0.05395943933872916,0.09869358431014841,0.19635822153313826,-0.6442419408336792,0.18469663897742045
-1.1660937500000002,9.322578125,1.214765625,0.10088076482133498,0.04326961429784628,0.11370854219608734,-0.3387895933583055,-0.09072064149702808,0.3884114289039485
-1.18609375,9.342734375,1.06203125,0.3040308227975208,0.07839916736394184,0.2189404862592515,-0.3463118036422628,1.3166122004520433,-2.0368753242153192
-1.108515625,9.329765625,1.28296875,0.19310412445325806,0.08554480591105104,0.24349139928021585,0.2167212985337295,0.012225426797924151,-0.26822005911158847
-1.2371874999999999,9.316796875000001,1.241640625,0.2890391882491888,0.07689210778899483,0.188906298464634,0.6957403238591978,0.3157099441041817,0.20894791582868766
-1.15421875,9.303984375,1.439921875,0.11117700818261615,0.06289052795023571,0.09882509876789589,0.6267203696895431,0.5850419387051587,-0.5913170706823697
-1.148515625,9.31984375,1.3406250000000002,0.10593401427709312,0.05881624423522389,0.11960057221853078,0.3789296811978838,0.4946911030369936,-0.7764407305979164
-1.081015625,9.330703125,1.24421875,0.16274423877931707,0.09629206543238326,0.13947787332920408,-1.0503890074466051,-0.5010592017358201,0.7266642702059062
-1.1715625,9.293046875000002,1.4553125,0.15260466439054216,0.07966294811726705,0.1750488213149406,0.003924838186887312,0.3921479389568003,-1.7742537941279974
-1.1843750000000002,9.3,1.3292968749999998,0.32070174520105127,0.09659030748475755,0.4095752059942525,0.7099899737057508,-0.21950938141636198,0.4614086067702936
-1.2029687500000001,9.306718750000002,1.2037499999999999,0.0892184763568483,0.08869813074939921,0.14211570989865968,-0.07434719421520657,-0.353876706829259,-0.02317993244300673
-1.1315625000000002,9.3084375,1.245,0.09635090084555513,0.051651438448024,0.09687298384998784,2.657417708807379,-0.20357885235075968,1.753998670859624
-1.1553906250000001,9.32390625,1.1735937499999998,0.03766427235603223,0.034420069885714936,0.10905656771115389,-0.6007303627408894,0.06882753068810413,1.1430734631887423
-1.138515625,9.308984375,1.35453125,0.06684975976665415,0.03840247069993518,0.09427237280050554,0.4378565950784333,0.7810959227765186,1.0972815004289316
-1.164765625,9.319765625,1.262265625,0.10559330030053694,0.04711131836787607,0.1072687545064236,0.734716471807776,0.3791659204302979,-0.9152426730319848
-1.149609375,9.340078125000002,1.11484375,0.08962946592560604,0.03953827445001078,0.08355372873748662,-0.8724862614321174,0.13070738947766833,-0.7413493409214527
-1.203671875,9.32875,1.1759374999999999,0.21052713265511494,0.10492556885716656,0.1883664874486701,1.0762299610216886,-0.0355012209904661,-0.9653558617611008
-0.319140625,8.634765625,2.278984375,1.6723290399094939,5.769581869171141,2.746416938441041,1.0628584378902906,-0.5444757139469303,1.6837370968699805
0.7085937499999999,8.2590625,2.80875,2.393915377568918,7.339122311870388,3.4776082837202926,0.01577799746993607,-0.39319335654159343,1.07746331557573
0.519296875,8.365078125,3.357734375,2.1510895435488577,6.993342257561579,3.443150177990115,0.17989932229322425,-0.3367979053571735,0.8005256243577015
0.7234374999999998,8.766640624999999,2.771796875,2.191172430707759,6.711969285042178,3.4793384414267945,0.7060478684137814,-0.5112531860555563,1.1309502974088523
0.522109375,8.78765625,3.06890625,1.8703365557532978,6.814379268820891,3.5610899039073614,0.43143199043160835,-0.4067477096477981,0.8883773790829982
0.687265625,8.669296875,2.887578125,2.2967258335385528,6.501899023505766,3.6233051525191033,0.7890507639522863,-0.49608589504157613,0.9356981577832788
0.7878906250000001,8.679921875,3.0669531250000004,2.416625569732951,6.551296328792224,3.391752994072937,0.1289880770406883,-0.43200775552164045,0.9722218601060348
0.4698437500000001,8.338671875000001,2.6460156250000004,2.4530800105349067,6.316768404796395,3.2474820389812566,-0.3693100204080777,-0.569729752638224,0.630089447277154
0.752578125,8.47890625,2.465703125,2.008340906574749,4.78536901567799,2.882997215245834,0.41579631190179533,-0.6777267860459033,0.6728916894875998
1.7593750000000001,8.107890625,3.018984375,2.550992683618477,4.527836412878353,3.0125538998922257,-0.12160370694761957,-0.5223281360370441,0.16866312929497726
1.0364843750000001,7.935390625,3.5110156249999998,2.7632192473871595,4.8373237859287554,2.9442483229605245,0.14576767001919871,-1.2609007888244856,0.36710728734895404
1.04265625,7.9771875,3.3557812499999997,2.5869387931174437,4.621769469298934,2.950385464587371,0.4862366391074521,-0.8805959694374544,0.0697369686325848
1.41296875,7.9107031249999995,3.3385156250000003,3.057601275759061,4.649552092606903,2.8919416838658516,-0.06127314744523733,-0.5248733438383595,0.3329151484585953
0.749765625,8.52796875,3.14578125,2.9368301004345416,5.014132583161661,3.0155955592798644,-0.7803896965054304,-0.6654530796361597,0.1919839005346713
1.097734375,8.2275,3.124140625,2.6743688551120544,4.87159191768974,2.7853120694052595,0.48503433342004926,-0.7046320506560418,0.22277709273765242
0.9252343749999999,7.84,3.150859375,2.599981960527488,4.957621657609624,2.907018185396268,-0.014730771280284558,-0.8244967338070901,0.8717063031079115
0.6242968750000001,8.684921875,3.016328125,2.4861386612808296,7.237738769387611,3.5873804141858145,-0.7694271121076177,-0.33885549290628464,1.0609969309213134
0.531171875,8.478281249999998,2.9421874999999997,1.8963516045182613,7.03575468026696,3.424807005853578,-0.3353526377871707,-0.5772439354190131,0.9809581169221899
0.648203125,8.579921875,3.3894531249999997,2.398998630155973,7.161512529671821,3.8007760943888464,0.5363633452887874,-0.49258606261782456,0.9409976979918521
0.4099999999999999,8.040078125,3.2688281249999998,2.5014292789323465,6.3827407044424485,3.84981201267789,0.3019974804524832,-0.4697208669817458,0.9959125973750634
0.7300000000000001,8.067734375,2.619140625,2.2672829278676274,6.647699932923669,3.619128224479565,0.12175628264588702,-0.3816937099529107,0.8818006986228843
0.553203125,8.341015625,2.9545312499999996,2.3626606868613687,6.775229221196569,3.6632319787686716,-0.14993392145046458,-0.5390022326586665,0.638012973967991
0.5090625,8.490703125,3.081953125,2.3607620715764117,6.619614460024484,3.304114399737505,-0.33470780106736336,-0.49848395221452524,0.505158707042134
0.6053906250000001,8.009765625,2.761875,2.234531166690702,6.308540647512573,3.066344971521469,0.0905309818880154,-0.5121612523608752,0.6686566010161927
1.077109375,8.012109375,3.3153125,2.7070140816104207,4.879914934636372,3.126156270461179,0.47104979663116703,-0.8442022512913133,0.5258123553497577
1.00046875,7.9925781250000005,3.07875,2.5793276314329354,4.82972004333807,2.9021670243974587,-0.12192254116139027,-0.9395585582898056,0.2006552464964742
1.18953125,8.032890625,3.025234375,3.07240613652776,5.448585130613002,3.1406475658004607,0.15170627445445373,-0.5930145603081056,0.07456380277630917
0.813203125,8.041328125,3.0667968749999996,2.704127323877379,5.327795388792064,2.97294412514602,-0.12954800479659018,-0.39878945525471315,0.2030385226242315
0.9035937500000001,7.5371875,3.259921875,3.3006866554492778,5.897318768079588,3.2267426241717025,0.5971339642968254,-0.3129318513927589,0.3456844599240415
0.5560156250000001,7.704375000000001,3.505625,3.463162017002072,5.47079829498173,3.190509302505636,0.5012329807513033,-0.7438655633727154,0.39423402521460316
1.1027343749999998,7.9990625,3.458203125,3.337691641231011,5.592113089753617,3.236928625640398,0.9219288004687202,-0.5049788216070275,0.5139948470754987
0.6341406250000001,8.348046875,2.764140625,2.4822814378056752,6.740774837068269,3.31781190304312,-0.2025816143988215,-0.41282160869483076,1.1630844202381554
0.7578125000000001,8.6315625,2.9302343750000004,2.225459551383433,6.55922816504303,3.524252905059221,0.09539690251151468,-0.4472663863709215,1.0094630155442372
1.03984375,9.094140625,2.868046875,2.57213037443399,6.515833782907189,3.3255695138656676,0.3345540808509378,-0.5819533223963153,0.9415892921349293
0.7275781250000001,9.053125000000001,2.803828125,2.2519716174435866,4.159363072860435,3.1988799605032043,-0.20715607992421894,-0.5249404473357097,0.7252319124655897
0.43953124999999993,8.793984374999999,2.47625,2.1993343664103095,3.3408953561890953,2.5295407809521473,-0.23769671055681466,-0.8764444694711575,0.7258908178746419
0.21968750000000004,8.736171875,2.69421875,1.6921842105231186,2.94464745372158,2.4288199968602937,-0.6310494316034075,0.6275316134226226,0.6241975514263914
0.4736718750000001,8.685546875,2.53515625,1.6613533974094687,2.899109186617112,2.4916661043538593,0.00782767551825337,0.3371512230374116,1.1186171719526454
0.43195312500000005,8.775625000000002,2.70140625,1.6934981632859052,3.0141750400192424,2.8000836299941003,0.47600325340842536,0.3148863529970169,0.9651804658290507
0.22867187500000002,8.5940625,2.2913281249999997,1.5092642925723727,2.534812751189671,2.315060869574272,0.09280575549457042,0.29218988686756325,0.786423072008308
1.88859375,8.529140625,2.6721874999999997,1.5861592440423304,2.9007913864538084,2.7420811945206416,0.2401498295010226,0.811522298079349,0.7189598263109503
1.717734375,8.599453125,2.833984375,1.9869422231643676,3.7355562061997856,2.290930603707991,0.14821250616095086,0.6071584572616193,0.7538358892099105
1.251484375,8.772734375000002,2.7581249999999997,2.408697161409225,4.153502233590751,2.04014159664838,0.20604221543871068,0.5359893078009162,0.7399221591653689
1.275859375,8.44,2.501953125,2.2439935547979206,4.154087783436936,2.1482016674541367,0.4091046433220393,0.4832189511750871,0.6850559093759838
1.2853906249999998,8.693124999999998,2.4918750000000003,2.4258409953894566,4.477759056925127,2.3102024904486185,0.433391872913203,0.4459388281106351,0.5419529649396154
0.773046875,8.819375,2.145390625,2.391627505027222,4.501584399894663,2.216999274901124,-0.03767766530698919,0.4503980535584885,0.17121654607556427
0.6876562500000001,8.7246875,2.418203125,2.368517958415333,4.802505683478548,1.9916585556993032,0.24304058619721117,0.2698009117557718,0.5649947434306244
0.8450000000000001,8.8978125,2.65171875,2.4968386261430675,4.512553486092298,2.257768917183164,0.6353159610351056,0.12351505873892517,0.889990739096167
1.1076562500000002,8.6328125,2.453125,2.436838527033734,4.30531084416024,1.8845145056154384,0.30479963434548096,0.04960724488929999,0.41041782382789627
0.9108593749999999,8.449687500000001,2.77296875,2.39607329400096,4.390940591415893,2.2362291640222023,0.3095969919591348,-0.004529881071601338,0.41232357316775575
0.9539843750000001,8.86375,2.4096875000000004,1.9498382704742103,3.34082699342543,2.210828442539979,-0.04014119811272582,0.2388581736918104,1.021914909849833
0.46070312499999994,8.61171875,2.9859375000000004,2.0583102078805404,2.9959882315186817,2.7249648614420243,-0.08924477360355637,0.16598226764072257,1.1631324626552417
0.7699999999999999,8.860468749999999,2.372265625,1.716868515641195,2.9369291624541165,2.522093381140627,0.2779875372659977,0.5125999507925489,1.0685022672179507
0.848203125,8.757109375,2.7141406249999998,1.9203972707464032,3.3122394124726418,2.6749443707252323,-0.28371903867376996,0.596847473209358,0.8826152982039847
0.52265625,8.381015625,2.940234375,1.7408104633577826,2.876499836999102,3.1123369597969885,0.0546664724754195,0.019121623802091575,1.41885864787032
0.590625,8.74625,2.624140625,2.130962498936807,3.386341130187566,2.5943630381992824,0.28132229857033136,0.5297478371210242,0.9667192436162213
0.64890625,8.502734375,2.92078125,1.6478443467788266,3.522744782757241,2.6370744945200992,0.11960443218614103,0.37381292021447177,1.237675844569473
0.45359375,8.6140625,2.67359375,1.8375942724009937,3.2064713465262322,2.6455681497479775,-0.3195698394928925,0.26880807690148495,0.9520942382445728
0.526953125,8.897812499999999,2.4778906249999997,2.0811721301475123,3.517360502186796,2.737290132464425,0.5442955085366532,0.2731135323130474,1.079641616260544
0.41859375000000004,8.556328125,2.8190625000000002,1.8498339175344736,3.1392136433482807,2.827059381423346,0.08732218579642732,0.45596513099176456,0.9026826533044714
0.5064843750000001,9.002343749999998,2.621953125,2.130473681867687,3.144933048863829,2.5195532399718674,-0.2902193049889643,0.2939026822586009,1.001977342919299
1.31359375,8.68671875,2.554609375,1.704756550789859,2.9311466158140975,1.950117345164672,0.25758915963683976,0.3878578806661467,0.9982497495433408
1.7600781250000002,8.411796875,2.7646875,2.0488253098169413,3.9264214053626794,2.2325052272825143,0.4728741578263282,0.23640139196131682,0.6444109619050503
1.091796875,8.180234375000001,2.174765625,2.213745212302047,4.498635637759337,2.259947788681933,0.6414104342972855,0.2498879727290517,0.21542622536148234
1.3069531250000002,8.36671875,2.547109375,2.455517562104318,4.559611090421906,2.4937312506637737,1.1717571069732624,0.3683297393530975,0.2996161111997018
0.9625,8.935156249999999,2.65265625,2.699666646087994,4.702162232748455,2.251274807045097,0.39576645328289367,0.12785532963312882,0.43148020687669225
1.0628125,8.607578125,2.573125,2.6698630399973236,4.629850960427505,2.4556843337194216,0.3145415722788563,0.14297007118161323,0.0029958933015702175
1.311171875,8.0259375,2.7196875,3.1913341207806782,4.746403150923207,2.7761678110020207,0.350128467562119,-0.20005419871675634,0.4836764286587389
1.20359375,7.980546875,3.0784374999999997,3.1397936671795708,5.040742955624472,2.593015690483525,0.6855015028428787,-0.7780449921081193,-0.6053777262203838
1.0762962962962963,8.015092592592591,3.1539814814814813,3.1736917959865307,4.908541779269482,2.8668252345727305,0.4757741090205865,-0.5271318375420213,-0.004184716864409151
