1617072670236 0.9511400461196899 0
1617072691706 0.9565181632065078 0
1617072712719 0.9553396421096548 0
1617072737738 0.94398558499276 0
1617072762317 0.9897260069847107 1
1617072789308 0.9514591771026516 1
1617072808244 0.9394775676909294 1
1617072833491 0.9475824403629187 1
1617072859448 0.9674267172813416 2
1617072886950 0.9806848488195913 2
1617072907893 0.9782731922031357 2
1617072935943 0.9639938199088356 2
1617072958128 0.9680511355400085 3
1617072984031 0.9526241262396665 3
1617073001997 0.9462120707284004 3
1617073030011 0.9410721443631462 3
1617073040868 0.9446367025375366 4
1617073058098 0.9377900092310496 4
1617073084143 0.9558611191543491 4
1617073111195 0.9593421576072031 4
1617073137073 0.9706840515136719 5
1617073155198 0.9483236636329408 5
1617073166060 0.94705609168034 5
1617073192928 0.9577136195000651 5
1617073215343 0.9391025900840759 6
1617073236446 0.9610810757021372 6
1617073264876 0.9511179965897579 6
1617073292578 0.9607632448129897 6
1617073316904 0.9674267172813416 7
1617073340161 0.959542482029583 7
