1622210824278 0.7120705814464403 0
1622210824856 0.7361684909403297 1
1622210825729 0.7649965343217674 2
1622210826384 0.8069225633321889 3
1622210827053 0.7820463092480221 4
1622210827851 0.7920061531400836 5
1622210828403 0.7858287935522669 6
1622210828928 0.7920960784027775 7
1622210829475 0.7906504626563118 8
1622210830059 0.7810288943513264 9
1622210830529 0.8272220704890008 10
1622210830997 0.7936661237128783 11
1622210831451 0.8035280123637298 12
1622210831888 0.8133012013567942 13
1622210832352 0.8001199742773069 14
1622210832774 0.8258226485502559 15
1622210833226 0.7915373900675563 16
1622210833690 0.8201512414225316 17
1622210834145 0.8047089796944961 18
1622210834613 0.808813505925207 19
1622210835077 0.826231831503558 20
1622210835535 0.792898850719171 21
1622210835996 0.8122088065073623 22
1622210836489 0.8099625089962907 23
1622210837008 0.8262396022823035 24
1622210837481 0.8063709594694167 25
1622210837981 0.821230678155623 26
1622210838659 0.8016128111726021 27
1622210839100 0.8151633129799682 28
1622210839746 0.7982601375982561 29
1622210840205 0.8276772436609153 30
1622210840813 0.8179648934602183 31
1622210841292 0.8321163559539643 32
1622210841896 0.8215968797391601 33
1622210842426 0.806297682721485 34
1622210843028 0.8367354454634743 35
1622210843580 0.8208476422955236 36
1622210844032 0.8211731905227708 37
1622210844721 0.831756610199705 38
1622210845236 0.8257842104120996 39
1622210845844 0.8281708962976129 40
1622210846296 0.8277105137310565 41
1622210846920 0.8375745022183188 42
1622210847367 0.8139660439972769 43
1622210847991 0.8187923346940391 44
1622210848479 0.8327289090399522 45
1622210849090 0.8429653149196967 46
1622210849558 0.8200970299926787 47
1622210850049 0.8364431340439811 48
1622210850575 0.8470262861310076 49
1622210851039 0.8275741748667806 50
1622210851494 0.8364946131042793 51
1622210851974 0.8340486419192576 52
1622210852440 0.8266729835980767 53
1622210852982 0.8265271985833176 54
1622210853479 0.8398844563320328 55
1622210853984 0.8376782929941686 56
1622210854476 0.8200577707374412 57
1622210855056 0.852275472586795 58
1622210855511 0.8240354208058122 59
1622210855955 0.8411382076323115 60
1622210856406 0.8407027653174491 61
1622210856909 0.8219324038673856 62
1622210857550 0.8381543378183153 63
1622210858043 0.8307400257601856 64
1622210858611 0.8385355299769472 65
1622210859169 0.8525042527287214 66
1622210859692 0.8270585515461394 67
1622210860269 0.840647063272229 68
1622210860746 0.8304710276823589 69
1622210861394 0.8408783986408691 70
1622210861893 0.8411199316944062 71
1622210862517 0.8252937955640537 72
1622210863002 0.843415063216055 73
1622210863583 0.8274759027557409 74
1622210864025 0.8421466180811155 75
1622210864466 0.848340342236486 76
1622210865040 0.8285101277570827 77
1622210865558 0.8512098172713347 78
1622210866163 0.8331835281438414 79
1622210866675 0.8378341471791101 80
1622210867307 0.8428133358618114 81
1622210867994 0.8577982993279019 82
1622210868521 0.8391675970592073 83
1622210869104 0.8368953881831211 84
1622210869731 0.8463823704968613 85
1622210870251 0.8374746446417564 86
1622210870761 0.8288683210031107 87
1622210871238 0.8468278858302748 88
1622210871717 0.8295399850540351 89
1622210872212 0.8395229599444242 90
1622210872807 0.844570511424192 91
1622210873291 0.8398999552246358 92
1622210873920 0.8419415337809745 93
1622210874414 0.8324437297225387 94
1622210874893 0.8544215493878413 95
1622210875350 0.8450341896297433 96
1622210875811 0.844594911711612 97
1622210876271 0.8326944816578483 98
1622210876750 0.8538126116466833 99
