2.6734375,10.106406250000001,-1.39171875,4.593877113462413,4.487323244146886,3.9801472392234984,0.6014529942043506,0.0856879683399047,0.9903502244079126
2.996015625,10.008359375000001,-1.39453125,3.8188994119387143,4.051296431649949,4.004347609820286,0.9446498375510347,0.12833412128375912,1.3774303821564529
3.2521875,10.021171875,-1.55328125,3.398491149001826,3.79064032789435,3.821810784287788,0.23554687000364247,0.11847352842638069,0.9058688179976871
3.1371875,9.885937499999999,-1.585234375,3.864803305453429,3.852523409545197,4.10036735489253,1.104477313457745,-0.06547173609592953,1.190935802919562
3.243125,9.9365625,-1.270390625,3.8149366701001735,3.8952185106992068,4.036569049472845,0.7559001167077986,-0.04277419545576797,1.1328906120570885
3.4992968750000006,9.830625,-1.333203125,3.5931384661414367,3.2827921971052323,3.8315513612295784,0.914291250226021,-0.18076044546722947,1.1331353934841795
3.52921875,9.845859375,-1.3071093749999998,3.7379612193210936,3.8021253364367946,3.7992281601711038,1.0528623482273183,0.1294095448042596,1.3018233126089578
3.584921875,9.914375,-1.50265625,3.7601356765941953,3.8349667432554093,3.7785321811962826,0.8512508405301432,0.2392845833473481,1.2027476217631794
3.063359375,9.946640625,-1.6192968749999999,4.049806376032021,4.41423430459345,4.370096213113074,1.0440534907818828,0.14630496400931337,1.4276612203809633
2.946796875,10.07765625,-1.574296875,4.319075952532003,4.56708493673327,4.432953072514442,0.5277341785626269,0.1370851731099623,1.2575287303117648
3.0943750000000003,10.197343749999998,-1.7084375000000003,4.077589811625858,4.650863408479757,4.764564420919687,1.0461945057564248,-0.17268245465077642,1.088675270498171
3.190390625,10.06671875,-1.5760156250000001,3.925145778014125,4.2217197157554684,4.529811209477263,0.922353899105654,-0.008697260568546162,0.8771944143165583
3.4442187499999997,10.151093750000001,-1.4304687500000002,3.872094598166274,4.415898343339771,4.3453520174173965,0.8750470415504312,-0.024003509512359883,1.0279053806328355
3.39875,10.104453125,-1.382265625,3.9421779751173083,4.266061343725349,4.497152087509757,1.1358917330849334,0.19691097130073865,1.3503812686995391
3.2103125,9.76765625,-1.409921875,3.4256648390996673,3.9373864039913506,3.806578905348802,0.27368436486809317,-0.17735816419796088,1.0692661405934027
3.336015625,9.793671875000001,-1.3296875,3.8162361488128407,4.3567831221652495,4.35941221982319,1.2031848929476983,0.07164454126119452,1.2170768984534692
3.478984375,9.850937499999999,-1.199921875,3.5834100902291186,3.7771879912302158,4.06723522034889,0.3987834275446206,-0.11549348538955782,1.318033768692978
3.3200000000000003,9.894921875000001,-1.3029687499999998,3.7492253366528927,4.21800363695866,4.601634790921965,1.0281402348734134,0.06320096803469376,1.082965598114436
3.41125,10.057421875,-1.5159375000000002,3.8139304693452396,4.0366493388107765,4.462525636743586,1.086587379801006,0.05552635340917934,0.8937295285554239
3.45828125,10.091093749999999,-1.6171875,3.8728587046132263,4.043468157561147,4.29379420237437,1.2004901966007024,0.33707368857864733,1.5852543688348635
3.5210156249999995,9.978125,-1.495078125,3.8562406482552225,3.834359209421439,4.4493637178698355,0.9611499012386243,-0.1879740498346118,0.7612361042004653
3.3189843750000003,9.84296875,-1.413359375,3.591512964581342,3.9932752768277116,4.412421613564326,0.8913613864850113,0.2018776052402504,0.573786830788534
3.4850781250000002,10.15203125,-1.52328125,4.211005483420377,4.268242348909377,4.548265313105474,1.0684011720473963,0.21586001522227832,0.907025603740845
3.29484375,10.06046875,-1.68609375,4.12945195069345,4.332333713516704,4.5784060467275,0.9579695317181932,0.29682896748974763,1.1617498405061484
3.458828125,10.020546875,-1.460859375,3.794385783029842,4.082787862744981,4.33075430557133,0.9833626732317479,0.13748981594810025,1.0671598387246641
3.4134374999999997,9.904843750000001,-1.6194531250000002,3.7590090610550213,3.8051233932799,3.9367019644847048,0.8270361648119183,0.3103331830257834,1.46365526429858
3.2633593750000003,9.792421875,-1.444609375,3.80335733212771,4.017432082907125,4.392086438688577,1.0668177691353897,0.0751907774141737,1.475340774321958
3.5221875000000002,9.90015625,-1.325078125,3.30837146906809,3.7711890913988837,4.285786464453926,0.8788945652864567,0.07577855112154464,0.8133390056872529
3.4671875,9.7271875,-1.3304687499999999,3.6966257708677723,3.9898388394575224,4.46626816736002,1.3249194485778617,0.26077452275478763,1.5518197337136392
3.3625781250000006,9.93328125,-1.4853125,4.19021073569355,4.602810640890894,4.627961034823408,0.8830146586735481,0.1969081001818791,0.9448539770683189
3.39828125,9.937578125,-1.5533593749999999,3.9296421810259567,3.9530833982185962,4.1326535583508095,1.1356902653419971,0.23354031483650328,1.1063837500363534
3.215,9.960703125,-1.890390625,4.119600253665396,4.080571188493742,4.164886028292024,0.9201252175229837,0.3248609176870711,0.9174993424620801
3.5748437500000003,10.159765624999999,-1.5641406249999998,3.973655823116282,4.065676347647259,4.214236757584297,0.9310133767008931,0.30025080804765775,1.3131642972517261
3.2162500000000005,9.781015625,-1.5964843750000002,3.7094711971519607,4.116805276820348,4.076608116330396,0.5010559537125068,0.09492371123705627,0.879906185645574
3.4439062499999995,9.976171874999999,-1.514609375,4.24217592942713,4.148558130749644,4.386855526446262,1.0450728728813474,0.09131536293644997,1.2349193755135974
3.583828125,9.940546874999999,-1.705625,3.9699543686557637,4.134668273535101,4.182006611290206,0.7812351203670929,0.2326069238041686,0.6793466432462566
3.6062499999999997,9.8759375,-1.887890625,4.155229573982646,3.9736120685207497,4.2295470451086254,0.9402315154899021,0.2373002411930304,0.9612704165650068
3.6404687499999997,9.946015625,-1.588515625,4.386718922528937,4.322108017912771,4.4415875698201495,0.8046821253096278,0.2555424178237034,1.0898601756038195
3.5387500000000003,9.787656250000001,-1.678203125,4.144701625268096,4.370869565296583,4.518921752198221,0.7815260472211795,0.26810300921129326,0.7785503159281449
3.4489062500000003,9.951015625,-1.6223437499999998,4.053662355353605,4.325412343032264,4.758806718268345,1.0777862870641244,0.25551964124960597,1.0235136745276847
3.654140625,9.819531249999999,-1.3353125,3.819833628441769,4.205383242675207,4.1480885917303825,0.8194710202108455,0.10192763846414003,1.15528483185102
3.8359375,9.84,-1.6712500000000001,3.339144126283523,3.74677632272064,4.088419430232177,0.37818858398869515,0.015056073590648793,0.3773617611987857
3.7066406250000004,9.603046875,-1.4378125000000002,3.9748669941080554,4.018998740084741,4.47237456809509,0.8418173571067631,0.24515654283731778,1.1431375590399373
3.7673437499999998,9.885390625,-1.4475,3.989713038783107,4.0634692886635815,4.37950428844407,0.7820983798825891,0.07639605391475988,1.1174987284480113
3.8288281250000002,9.727890624999999,-1.40078125,3.7247186599069444,3.9920398631886314,4.180805957246574,0.7910499794982879,0.02630718932767566,1.3352072011991674
3.8921093749999995,9.5315625,-1.0530468749999997,3.9367284268523157,3.8766299873206562,4.661925158698146,1.169210070109468,-0.1569981373814964,1.3296428093021524
3.8741406250000003,9.715703125000001,-1.3564843750000002,3.8497253407190763,4.093722458608453,4.466575797983379,0.8528227823095836,0.0944952662865769,1.0488484334624748
3.9114843749999997,9.699765624999998,-1.526328125,3.584805410044018,3.884695021982853,4.153042347013089,0.8017580201193562,0.15288640998507771,0.5795215297428291
4.025546875,9.681640625,-1.5820312499999996,3.8419377452566477,3.5755879711733582,4.025937654636921,0.3538099014766126,-0.09675025904653355,0.731684838853031
3.837734375,9.742421874999998,-1.618671875,4.110704246013493,4.039704264023728,4.347126991454699,1.011671840105982,0.2632567406362187,0.8887745954599265
3.6813281249999994,9.78375,-1.40296875,4.089338342548093,4.198038790614017,4.234423912886314,1.2382736040654267,0.16291479793256342,1.2407950573398188
3.7699218749999996,9.682734374999999,-1.7650000000000001,3.702244145467244,3.6983477550040313,3.957748728759823,0.9657548857771586,0.048193075820374694,1.0493565525683262
3.8940625000000004,9.629140625,-1.659140625,3.892153452279824,3.9596434947132058,4.078369586026334,0.7902038822909467,0.16486198625650897,1.5044631362206824
3.77171875,9.78484375,-1.4621875000000002,3.848166996558029,4.0594157492902765,4.35440849482955,0.984045364493593,-0.054119833019395505,0.8921697823774641
3.828046875,9.737421874999999,-1.555234375,4.008664650360857,3.8008938599389333,3.855245607619359,1.1734982481637601,0.2585889813593337,1.8621333331839756
3.68875,9.314296875,-0.4517968749999999,3.776275860553622,2.9532878086321412,4.02153061532425,1.4630754567174074,0.25567690338584026,0.7062980185616471
6.6125,7.275078125,-0.81375,7.568950657951206,8.676363635267743,7.897481402320615,0.10195835349659514,-0.17011317992679525,0.06246559257964216
7.614062499999999,7.69609375,-1.2482812500000002,7.547103483860132,8.976976909222332,7.411833350015261,-0.15559980008668936,-0.29169969871812634,0.4038550833850322
7.295078125,7.839140625,-1.300234375,7.030737647565616,8.532917421973837,6.780956614027136,-0.3568305432729863,-0.26513825179221967,0.3208205496161781
7.8784375,7.663359375000001,-1.236796875,6.836586483479438,8.64563937027503,6.715711165523739,-0.269790079946119,-0.2599261478089483,0.7330735232715399
7.544062499999999,7.774687500000001,-1.1984375000000003,7.2395275050305425,8.56477086105307,7.010240883599775,-0.33604505543450375,-0.25960193244769264,0.7722709087012116
6.363906249999999,8.02,-0.7289843749999999,7.110495239693993,8.49607041519784,6.758468627378236,0.08032511968154066,-0.32706845155196873,0.5153933018257165
5.972109375,8.035625,-0.6738281249999999,7.166695177645489,8.270458700058601,7.14162502528024,-0.1362300025508339,-0.2262824428472707,0.4455549297403172
6.053203125,7.550234375000001,-0.7500781250000002,7.57565208967124,8.460257038874076,6.519301090810769,-0.23967301087692652,-0.2855494323818533,0.16565854065509794
6.053828125000001,7.87328125,-1.06828125,7.226177144708604,8.536405686581352,6.600689252524954,-0.1320097174239861,-0.23741151913268452,0.6261964697011925
6.262890625,8.1125,-0.474375,8.837234273970397,8.872575284972227,7.259798308794466,-0.13224184063624192,-0.28883815151902315,0.5905178580873807
6.613203125,8.26015625,0.31351562499999985,8.28478141058895,8.794168965177207,7.02066799148278,-0.39031386905897747,-0.24582079055250072,0.5489096188568404
6.845000000000001,7.5140625000000005,0.04351562500000003,8.032567693458923,8.819960976166149,6.432710911554386,-0.4232044625048413,-0.2658832500285579,0.7109518083219077
7.151953125,8.25421875,-0.5465625000000001,7.75892027549921,8.288693410432579,6.545522854103693,-0.4980992860283202,-0.29324774222631084,0.5518999670984154
6.7446875,7.551562499999999,-0.45320312500000004,7.909130496764088,8.322880777326667,6.655417076242498,-0.3105248825168609,-0.1120446529677187,0.5750753074297535
7.13046875,8.061484375,-0.16171874999999997,8.325818077238623,8.561212867659632,6.86294159660407,-0.3951644291577457,-0.20872103910819584,0.5645868231287566
7.270390624999999,8.053125,-0.45249999999999985,8.099730165484656,8.491239396246876,6.7694175571093265,-0.4479751600548347,-0.3448401700234233,0.8419260400335126
6.901015624999999,7.443203125000001,-0.313203125,7.80141171518052,8.7204593246996,6.27617480705726,-0.39220661821131403,-0.2265605134289907,0.6985770557933573
6.73359375,7.680625,-0.19812499999999994,8.00185473952514,8.364379436597494,6.609806250706218,-0.43699652330020106,-0.11734964722864007,0.5043152891886481
6.84171875,7.802578124999999,-0.37546875,8.115513222119624,8.525984478171509,6.429365110006853,-0.4210309251357434,-0.2133739119305935,0.5922917048726819
6.839765625,8.03609375,-0.634140625,7.9909633008992325,8.403426592242651,6.417368221200542,-0.3229903531291696,-0.2804169818220955,0.9834430946384625
7.31578125,8.007890625,-0.28632812499999993,8.169582743454432,8.412492631157969,7.058787837588263,-0.4579841421818979,-0.18817875139085682,0.5782746358541894
7.389375,7.886484375,-0.718046875,7.976158296565773,8.157504270402244,6.759105092691838,-0.4533064366510455,-0.13764879645686282,0.7061128022210188
7.0275,8.266171875,-0.7903906250000001,8.201326969612905,8.339009807177888,6.708554636891773,-0.36603592791183787,-0.23835823379529578,0.67355283409014
7.38125,8.070859375000001,-0.6134375000000001,7.601575597367956,8.207753577729086,6.507499332200792,-0.4847905514173371,-0.15966371270170304,0.3811752162440406
7.128828125,8.07796875,0.08812499999999993,8.657324447856796,8.730652660255329,6.741575964444441,-0.5394022954986838,-0.29851440747768404,0.7360145434505969
7.633125,8.249062499999999,-0.258515625,8.577806551466114,8.455108518439829,7.201184482630678,-0.419874254263608,-0.27640394323765544,0.9073469326925757
7.888984375,8.295156250000002,-0.409453125,7.583489347738009,8.228042368971245,6.997704680441847,-0.7098988848555082,-0.2590942462262709,0.5379884954786349
7.842500000000001,8.492734375,-0.4,7.804964866192544,8.217148295907977,6.887927051188913,-0.6281053394356542,-0.3019722223397211,0.66348959760737
7.68625,8.405234375,-0.35343749999999996,7.983340857686085,8.010408264880658,6.855236187294625,-0.7169544145168545,-0.2926770001762094,0.7003056398321678
7.235312499999999,8.226796875,-0.356328125,8.020413305425334,8.256414261575072,7.02686951003674,-0.35078861924124594,-0.172854891464262,0.5480750659243926
7.58875,8.356484375,-0.650859375,7.679781999672906,7.855016568832357,6.77536865087241,-0.4768127906548418,-0.2520184398720096,0.45640272147974575
7.044374999999999,7.8503125,-0.8578906249999999,7.38411838318394,7.986651650713442,6.482282542190452,-0.30896691263839254,-0.1515377202886545,0.44690882133092813
7.117109375,8.191875,-0.592265625,7.67935454159639,7.769743978045545,6.675012665582992,-0.47670634551306906,-0.18505381901533646,0.373302077917013
7.14484375,8.064218750000002,-0.5457031249999998,8.152727015427779,7.911671620280282,6.579965411619975,-0.6212509377330819,-0.12901988049546226,0.11011776223472851
7.304765625,8.06765625,-0.9537500000000001,7.643493655231772,7.646155435533334,6.194276466020869,-0.473830000327368,-0.12172663544659701,0.5868460451836489
7.4750781250000005,8.147890624999999,-0.79,8.115446402163991,7.867992879812939,6.9790164287312,-0.7227601293092355,-0.24258472502515563,0.44184662151265375
7.50578125,8.08828125,-0.8338281249999999,8.057234773925135,7.604496727818248,6.585538265905756,-0.6937561530215011,-0.24358783594677916,0.7756707731915186
7.146953125000001,8.29734375,-1.2387499999999998,8.092668417944894,7.498827875530678,6.672448716550769,-0.6187830674833084,-0.16571750346879646,0.33739217664711
7.413046875,8.37296875,-0.7696093750000002,7.940729909636944,7.672881666070671,6.753053638255963,-0.6311321452760699,-0.2950813290513538,0.6345606379170309
7.545624999999999,8.4103125,-1.06609375,8.376981085652218,7.7159781397010025,6.60551204894147,-0.7058741430337924,-0.290515912492691,0.4587602834622412
7.799765625,8.285234374999998,-0.3442187499999999,8.357395813817744,8.010784134219843,7.395600002004465,-0.701090179550987,-0.2302969162240866,0.6622086219251032
7.30484375,8.485859375,-1.01671875,8.677278697874463,8.061648261923526,6.524650626347624,-0.646092416268908,-0.2633224097745257,0.5048182220776578
7.469765625,8.650078125,-0.96671875,8.624609634720771,7.726113946392875,6.508372385504568,-0.7141867550601214,-0.2126672238880226,0.6285875745160895
6.423671875,8.580078125,-0.9998437499999999,8.191392478454684,7.471734811116257,6.798311139583561,-0.5915753469214275,-0.17089609254359975,0.506428391484536
6.862656250000001,8.633828125,-1.1165624999999997,8.208932300051934,7.836192686133297,6.884238274572849,-0.43920205244838767,-0.3024163572488764,0.5889746159278838
6.3304687500000005,8.39875,-0.7005468749999999,8.30544078633238,8.252000231004601,7.094091545587619,-0.2705031524791549,-0.32485708839171784,0.50320076662378
6.527578125,8.574921875,-0.59203125,8.375547626321008,8.180527851636256,7.633542894621307,-0.3718655161506553,-0.28406473305581503,0.6070385140263638
6.5621875,8.931484374999998,-0.6760937500000002,8.332169204495536,7.827876177666639,7.548493147887924,-0.4176941056579251,-0.277425095052071,0.3820830599660237
6.358515625000001,8.394765625000002,-0.451640625,8.017965578335994,7.834391525196348,7.042284317045117,-0.3923483093733948,-0.19523725917802903,0.4801748948094586
6.885234375,8.543359375,-0.7897656250000002,7.771470758972741,7.783825204123588,6.8852730593142315,-0.5736419021131106,-0.18651736075402692,0.32823473242708495
7.1740625,8.920078125,-0.8589062500000001,7.9492303516500105,7.543702308889613,7.13627203035387,-0.6564768700770665,-0.28605643554138155,0.5552789427973802
6.6704687499999995,8.47421875,-0.77671875,7.842440414518522,7.881107810907578,6.738892957741534,-0.5083562209257213,-0.2270893038708933,0.2067697285679256
6.946953125,7.993671875,-0.513359375,7.6484840776001315,8.059130291078807,7.1302407565137385,-0.41690327150891,-0.20017322830649256,0.6430783962976961
1.94078125,9.94125,-1.154296875,5.981992718956488,4.485961087102741,4.150600988786471,0.9497631703004371,-0.3117376303729637,0.19497997058212577
-1.8474218749999998,10.114765625,-1.5442968750000001,3.8812381735113193,4.079979696036288,3.92212487920964,0.917016847867352,-0.2705329001336474,0.9562522225326033
-1.8426562499999999,10.042265624999999,-1.63859375,3.9542517632082985,3.9102154302152408,3.9895495779550023,1.613568881937644,-0.2017190019327562,0.7872457686305826
-1.7715625,10.12203125,-1.7029687500000001,4.206465343206069,3.645419077283631,3.9109066962180825,1.2724305624302201,-0.5785283047677856,1.067171092966713
-1.7010156250000001,10.029921875,-1.686796875,4.006802192803615,3.750059061221101,3.741621041906868,1.2855467674187542,-0.04575334256896478,1.4441643123141812
-1.70578125,10.135234375,-1.690859375,4.019051234700603,3.7416137404291696,4.077001622543779,1.4191671465059368,-0.4235300646890342,1.3659754600238625
-1.6509375,9.972890625,-1.563203125,3.76188168455545,3.5980172822037852,4.235326495235077,1.566076285027419,0.0008925952141615945,0.8905671629869708
-1.783984375,10.108125000000001,-1.4867968750000005,3.416657343955618,3.5364951642657454,4.110010061878223,0.5513090519349023,-0.2797766110417957,1.0975388956458918
-1.866796875,9.862265625,-1.651875,4.31492955721646,4.590535306278927,4.09654956754767,1.1599608263188326,-0.32223311188180376,0.3493751555310004
-1.651953125,10.255625,-1.491328125,4.064160056709471,3.9176612821777996,4.204636832395158,1.1329190480145097,0.00199670525235289,1.0884542407929123
-1.9089062500000002,9.8434375,-1.7703125,4.293644692008287,4.606711211221488,4.602908886220077,0.8828886121857062,-0.07755582782104407,0.7881780748350596
-1.887734375,10.22984375,-1.6032031249999998,3.9956220602295907,4.1506597714201945,4.3656396176551535,1.4612645545130787,-0.10803261544610851,1.1076615628721473
-1.6121093749999997,10.09328125,-1.556953125,4.249028685392358,4.214059078952078,4.154061370851752,1.3128602921862662,0.1648168417640597,1.0941670041552458
-1.79234375,10.15140625,-1.60703125,4.010976440573534,3.931517624907834,4.191062730564103,1.3798427307222372,-0.07766013134103118,0.7579683712632678
-1.6346875,10.03421875,-1.6896093749999999,4.456743825635903,4.02867022287112,4.057307528233731,1.6227322042999053,-0.23569144391071115,1.003756776826407
-1.65921875,10.262968749999999,-1.663359375,4.5577625420427985,4.25288566728797,4.25434782702938,1.6736993541682568,-0.28785707674844596,1.1798649422579452
-1.6726562500000002,10.008671875000001,-1.69578125,4.00569818437884,4.228678570763447,4.304683787997492,1.1393089036954311,-0.26199458569064643,0.9716921733272257
-1.7427343750000002,10.09984375,-1.6628124999999998,4.403675970645815,4.312135307836008,4.301694240627029,1.3788831668904704,-0.35406313405326423,0.984089034876027
-1.496015625,10.175859375,-1.6495312500000001,4.626353575550172,4.084711879248598,4.551964695905872,1.4869698512435623,-0.18729817171034982,1.4100673481751327
-1.701953125,10.155390624999999,-1.677421875,4.120240826280999,3.9770896438114276,4.057723200517931,1.5860210180444072,-0.29928560937200593,0.01400095071264978
-1.6253906249999999,10.02734375,-1.3809375000000002,4.279461104790194,4.102324509572096,4.368645105589804,1.0020751568490276,-0.23840152127675832,1.4441221461890548
-1.7465625,9.96796875,-1.5321875,4.286751107609788,4.576028122075239,4.31956376875533,0.7253525716103965,-0.0821906517116944,1.1760765860316054
-1.659609375,10.162578125,-1.6223437500000002,3.854982044855995,4.1117589085477135,4.088181228472624,1.3165300195183909,-0.2963415247711586,1.467481079705967
-1.7806249999999997,10.079609375000002,-1.4765625,3.9009789937110657,4.042723865621063,4.353125392587922,1.1016658837290156,-0.3423559868016759,0.7132553412358373
-1.6451562499999999,10.07421875,-1.6678125000000001,3.855159080775518,4.0519930684970875,4.397971289679339,1.4760982014215522,-0.08608889222559778,1.3117276827318851
-1.7580468750000002,10.121875,-1.3292968749999998,3.9130954136786307,3.9505895030836857,4.493256437358681,1.0737175172285127,-0.04050565015004065,0.9902803421233496
-1.8566406249999998,10.1453125,-1.5371875,3.678708646841933,3.806312999786506,4.347525685932603,1.0139510273647514,0.09670680854366623,2.1509867626632273
-1.85828125,10.009218749999999,-1.4953125000000003,3.472234760697848,3.747978540446628,3.690105422253374,1.5084143450510796,0.05762936522725028,1.1219346645241317
-1.5482031249999997,10.143671874999999,-1.288671875,3.6161170113797803,3.557317693654024,4.042878841844507,1.440755448875954,0.08111784229266535,1.1265122153708536
-1.577421875,9.994609375,-1.4698437500000001,3.7143636412609746,3.66743564666268,3.7287531395341715,2.3974930148370417,0.21536486390262025,1.4623973803142583
-1.6272656249999997,10.19484375,-1.36375,3.6001327481696226,3.4965183541039706,4.037371321478865,1.661665097355916,0.03402403790287112,1.3478798878501432
-1.400390625,10.03890625,-1.2317187500000002,3.8964068789285995,3.7770088269305035,4.114049311007154,2.274193326894801,0.31191330143358126,1.6131280833856139
-1.65140625,10.064999999999998,-1.3137499999999998,3.4324519148068102,3.5500343308199147,4.11992111574967,1.2935966781760406,-0.04023894639119605,1.095884570478701
-1.39796875,10.2915625,-1.356484375,3.4438707690654478,3.633535519448482,3.9905951134048743,2.2053623348572913,-0.1810514600618519,0.8641543294908354
-1.5709374999999999,10.041718750000001,-1.276875,3.840393338721146,3.837078785795053,4.041854221378475,1.4071809143026657,-0.03492369426738318,1.1360109118922077
-1.6587499999999997,10.076640625,-1.303515625,3.3806822536286965,3.861830499691773,4.139061750159191,1.4346702072073871,0.15680382212316152,1.202800835703259
-1.648984375,10.1071875,-1.413984375,3.7877949224787577,3.7522222451960054,3.7644327137041325,1.522920878817175,-0.09227478199732833,1.3270663935963476
-1.421328125,9.963125,-1.4471093750000001,3.6561334107679913,3.8637529824478944,4.0773850674221475,1.415343357114551,0.09655174131479988,1.3178246697839573
-1.5071875000000001,10.05796875,-1.387734375,3.8750576482607006,3.7374327668231624,4.191054315228253,1.2899471014740664,-0.11779585857029064,1.441479522777084
-1.9138281249999998,9.985703125,-1.38375,3.9873054656884497,4.246133109149457,4.375571926902813,0.8623844118123019,-0.13641677807008554,1.3421854965124134
-1.8035156249999997,10.102812500000002,-1.2925,3.8758520413750133,4.113737643839693,3.9920745703205496,0.8701746624431842,-0.24335533600963388,1.5652674004114897
-2.0125,10.137578125000001,-1.5348437500000003,3.93114387774093,4.445063228264755,4.495059437936938,0.850577950778898,-0.08791966485420749,1.1662906134984847
-1.793515625,10.3225,-1.584453125,3.502336182340419,3.9108167305564194,4.446517388746808,1.5251605522913787,-0.20392551320374294,1.5633086903621913
-1.841875,9.947578125,-1.404453125,3.8703778380637464,4.3381942430891085,4.311422475636983,1.1986818817184983,-0.08152736080829402,1.3269595547936544
-1.796015625,10.1975,-1.4240625000000002,3.8972180261701883,4.345783696584542,4.251779303549721,1.4245067478232603,0.054183640058433874,1.0311809093886972
-1.75921875,9.9884375,-1.2037499999999999,3.7909595605398425,4.463621784335423,4.124560393241927,0.24030612339384497,-0.16117765252303268,0.8778086603897669
-1.8674218750000002,10.1490625,-1.2966406250000002,3.276682594030353,4.134275072016102,3.5902907867399274,0.6455817417227988,-0.37646145677254944,0.8703095569692776
-1.8661718749999998,10.04265625,-1.615390625,3.8546455578572956,4.554488425645183,4.219008307340969,1.01039297257277,-0.16500918593532243,0.7479228832644078
-1.8428906250000001,10.166093749999998,-1.3142187500000002,4.030240988518814,4.8393877509154954,4.533263278494691,0.7385462269323848,-0.2615411087367113,0.7802519213779652
-2.008125,10.152578124999998,-1.48734375,4.277153834254152,4.597914820548711,4.153184298744271,0.6630243324565954,-0.24865795286744885,1.4291829148381325
-1.699140625,10.20703125,-1.287578125,3.8276786020020817,4.610881721430667,4.39005743593082,0.46976452121534634,-0.19126478203663466,1.0523280933265295
-2.157421875,9.935937499999998,-1.446640625,4.218695971152873,4.744677517607888,4.227033585547861,0.6970673401257044,-0.3646295246919254,1.3607553463700364
0.3787499999999999,9.5778125,-0.406328125,6.799877181795271,6.388893675930422,5.777959451535117,1.1098653855076521,-0.47786011040204596,0.4607064850971511
5.731484374999999,7.90625,-0.52046875,8.0230047256549,8.571128134615652,7.46108978084123,-0.0740355502024785,-0.1645477651403577,0.6477984950339832
6.242968749999999,8.290546875,-0.4827343749999999,7.9938833412818475,8.120107498960698,6.725539559540436,-0.09584996541290643,-0.21138047926530293,0.5401481314686133
6.227187499999999,8.46171875,-0.7671875000000001,7.007769565085866,7.295044241359913,6.161625817496852,-0.1832973267287468,-0.008877502556618884,0.3086188940257411
6.1878125,8.2021875,-1.1267968750000001,7.4705838687376875,7.7382979129679255,6.482391043915835,-0.13857859636726597,-0.05314897913594051,0.4938949430135521
6.24484375,8.4640625,-0.6727343750000002,8.112809699825698,7.920020264878983,6.947049251620673,-0.2963489603330213,-0.21736046679919918,0.47135762002091103
6.25765625,8.276093750000001,-0.48500000000000026,8.209087426860304,8.481018072950377,7.315688621039034,-0.2436737005834701,-0.2187742548195299,0.6826461445797356
5.991875,7.9046875,-0.3489062500000001,7.771576894162149,7.792658096878353,7.180006118814311,-0.26351194621094387,0.00722900746848705,0.5302149011665693
6.2564062499999995,7.878828125,-0.5178906249999999,8.149251665641511,8.319394191914396,7.258350326126943,-0.23164262863533744,-0.05355943638270331,0.36068356297033694
6.435546875,8.113125,-0.096640625,8.312999403099205,8.49220467454565,7.390576905482386,-0.28898909854713106,-0.1800843940103225,0.23783634137977133
6.84984375,8.175546874999998,-0.22312499999999996,8.033828864594138,8.440861997653304,7.662965396755684,-0.4594245740680391,-0.17236108643281736,0.33545016731172417
6.2265625,7.9725,-0.0595312499999999,8.798011177737486,8.771682777551865,7.6280889091091115,-0.1577050785087842,-0.1575164737239998,0.4889418571845406
5.925000000000001,8.61109375,-0.49367187499999987,8.896836252989036,8.846272275863486,7.607838769064705,-0.10088590862676099,-0.2548689482472559,0.3982601896680028
6.347265625,8.424765625,-0.6989062500000001,7.97834595902831,7.955583629286312,7.048921153532003,-0.19506760499072726,-0.18577941882409935,0.36969780952242093
5.8236718750000005,8.40015625,-0.6571875,7.807516797841935,7.558167145584036,6.690879979669621,-0.18475153483225473,-0.07109852364260484,0.4004568107264016
4.897812500000001,8.277734375000001,-0.857265625,8.159444291883103,7.366380685125726,6.971937915991748,-0.06922513231575218,-0.04211287549665118,0.3439060403100013
5.266171875,8.61015625,-0.9551562500000002,8.379252196748167,7.663831448798045,6.900348155208253,-0.14012244682126196,-0.11154421534319922,0.3662169023450873
5.485312500000001,8.886640624999998,-0.8336718749999998,8.35014174070379,7.380428963369921,7.12216959911683,-0.10768424880193715,-0.14785063699282253,0.37847431957101285
5.73546875,8.768046875,-1.1348437500000002,8.027116042999095,7.825417925999399,7.315743723339818,-0.14322099098012123,-0.2941281399381485,0.3827703601955775
5.418203125,9.35890625,-1.1939843749999999,7.924902348924574,7.233167014089398,6.956303160156684,-0.12248054925690272,-0.18252555747227647,0.3850899029415384
5.474140625,8.858046875000001,-1.031171875,7.882801148638383,7.501405707702573,6.911916297811988,-0.08440288757126063,-0.17248310849417597,0.345537504216105
5.634765625,9.107499999999998,-0.7161718750000001,8.147181928898382,7.826309694709251,6.839380925142932,-0.030153310075957618,-0.36673955522759594,0.5482341701131946
4.674609374999999,9.282265624999997,-0.5534375,8.183566507636638,7.99685741155195,7.245335292178944,-0.06959128983888228,-0.23384590990065623,0.350435452457756
4.513984375,9.144609375000002,-0.914609375,8.265456292214354,7.961647707755733,7.7076621680904065,-0.054462675998641366,-0.2016880799329334,0.43708103434544715
3.3026562499999996,9.62578125,-1.1623437499999998,8.194542913996846,7.791688140393482,7.40993162548319,-0.030813470046462,-0.3004447914997012,0.32639605647603653
2.428359375,9.58375,-1.018984375,7.9954107713174825,7.61855331985673,7.767760178278927,0.003948505213840064,-0.204709872305657,0.16605450826336102
0.9103906249999998,10.409296874999999,-1.515390625,7.671646600708488,7.153442373212021,7.086829432821995,0.15088750361841557,-0.45794692959934546,-0.08163501311262271
-0.3014062499999998,10.22203125,-0.89890625,7.926056094298156,7.334244737805212,7.213313670998297,0.10573867633875196,-0.5008201472380233,0.19832782349576092
-0.9803124999999997,10.756640625,-1.19875,8.905261606339463,7.938448002182139,7.426037069830718,-0.04378600857101468,-0.6015521892451174,0.3595582540466954
-1.72296875,9.993593749999999,-1.08640625,8.659277300908167,7.870516455256347,7.430787489220839,0.057432265414277865,-0.4910258934162524,0.31998343446819477
-2.083125,10.1128125,-0.8846875,9.090848055015275,7.9958889766769365,7.456956267629827,-0.07750296896078206,-0.4683525271558081,0.08726572873580205
-2.5885937500000002,10.164140625,-1.35765625,8.080860077056212,7.648942586983812,6.984782620585692,-0.031752153771934126,-0.49992352846676347,0.11987028331069659
-2.787265625,9.510078125,-1.1738281250000002,7.363794210829317,7.329377158063739,7.107025806496623,-0.06387513989527652,-0.35296910482828003,0.2880647132091259
-4.583359375000001,9.376171875,-1.1126562500000001,8.201810135320715,7.221266565790865,6.913250692101071,0.20285030319092875,-0.3109156090665754,0.25167314597334256
-7.43890625,7.352265625,-1.1628906249999997,8.292537895072348,7.668086892158523,7.040934125741918,0.24415941251552128,-0.20832618232271136,0.19826275449774633
-7.761796875,7.08765625,-1.15296875,8.395847786405506,8.074218468795351,7.26180809520077,0.4213522561525712,-0.36252154103242396,0.6268613089117406
-7.147656249999999,6.771640625,-0.6367187500000002,8.391342775106732,7.861877139214249,6.7501643625098815,0.1814237163468694,-0.3078216791470251,0.33278174354460216
-7.837734375,6.631796875,-0.7742968750000001,8.674407059603173,8.467990411838587,7.442292750262868,0.376121046972086,-0.25370862999998534,0.6004231611181526
-8.182734375,6.794687499999999,-0.8603124999999999,7.8890888568923705,7.657517643782725,7.138163381770114,0.28014589959076125,-0.3881352146602208,0.5395736636505049
-7.555312499999999,6.758515624999999,-0.858828125,8.22378400372017,7.396375705565588,6.899459061800351,0.2645564792464887,-0.08425099750419639,0.5007856595171868
-8.222734375000002,6.48984375,-1.0470312499999999,8.226933731162745,8.094994400898985,7.237693689050639,0.2976527396910068,-0.34539651347018746,0.2783639816678662
-7.92359375,6.626328125,-0.50859375,9.218461159405129,8.702610318811475,6.8618847327072565,0.2551778008228094,-0.16653175908066226,0.2266563150198796
-7.36015625,6.581640625,-0.6228124999999999,8.965056032345027,8.319441817339648,7.540526852604117,0.22847263805428702,-0.22702954963406718,0.46824387085651153
-8.446328125,6.106953125,-0.549375,7.9464796520902246,8.11703855696785,7.1015681311858865,0.3226092720347542,-0.4004629975415916,0.3606632227302353
-8.072812500000001,6.238046875,-0.970234375,7.828102413889573,7.838980826871102,7.175488492173781,0.16751863463441927,-0.2148846058174633,0.5002548530078966
-8.148359375,6.2875,-1.2265625000000002,7.542056849898415,7.815307595514076,6.851958483426015,0.2747941418376509,-0.22520937318488843,0.45602025225034126
-7.8715625,5.798046875,-1.493046875,7.6907089275692755,7.668477894377262,6.641126899691252,0.18919632829450517,-0.021387646882755018,0.5950524996575928
-7.858515625,6.026640625000001,-1.333359375,7.6752636446822375,7.879600172016954,6.498265787565911,0.12564354037435058,-0.11532718622069509,0.3754497468512676
-7.743750000000001,6.0463281250000005,-1.340390625,7.847016849574111,7.81058515244434,7.1171305667145175,0.18623820720245973,-0.10474877119250824,0.42035423005332223
-7.7203125,6.0059375,-1.050546875,8.081100243923704,7.901327957760882,6.875001285067351,0.1418112591750537,-0.16354162286447949,0.480463324217368
-6.523203125,6.567890625,-0.44929687500000004,6.707472387847767,5.598713670950418,5.889561234664704,-0.2823787796496137,-0.015602466601011339,0.41911985643824434
3.76375,9.956640625000002,-0.07804687500000006,4.448554540522123,4.435870524299555,5.44560761339382,0.8349625543576958,-0.08120552363376048,0.032440408521085776
6.538125,9.1296875,-0.8817187500000001,5.706277758694804,5.670354918551727,6.322324670040162,-0.014715189328096914,0.038729636146998106,-0.10139169188429499
6.171875,9.716406249999999,-1.0813281249999998,6.168504522724693,5.492377065985268,6.645603736105094,-0.05221625039894187,0.06737179825338549,-0.058712766883708266
6.750703124999999,9.113203125000002,-0.2649218750000001,6.073198444754234,4.951789596574176,5.990811974924308,-0.11202615912830952,0.28776278744471756,-0.23737133456758708
6.5190625,9.269453124999998,-0.5143750000000001,6.292988588190333,4.726486920237666,6.242673424453261,-0.12978015610196705,-0.028551632891351337,-0.18885718100781576
6.791796875,8.833593749999999,-0.18851562500000002,5.766789405942464,4.880257859218193,5.876682217916914,-0.058828383522924015,0.2681983532277136,-0.19992232488284778
6.8434375,8.820546875,-0.5742968749999999,5.637039814574114,4.680404180696121,6.031892929927987,0.17708927250863263,0.11428403752305372,-0.2397719369994362
7.272265624999999,8.4046875,-0.7286718749999999,5.658021989679199,4.329053724816053,5.686121587236241,0.10227600852996385,0.27530327034607494,-0.3042290033408606
7.14921875,8.635078125,-0.24148437500000008,5.19971477724004,4.622644331862066,5.301012151267044,-0.057122704136427754,0.05733576562558209,-0.02516043056079691
6.867890624999999,9.071328124999999,-0.25914062499999996,5.978239139310764,4.521554173327351,5.974684618682781,-0.15292403299256763,0.2679590875508739,-0.04687178368981606
7.031171875,8.759140625,-0.3609375000000001,5.508808517543424,4.360897454105589,5.469043483196468,0.18398151221397774,0.16169783284904862,0.0684135591299033
6.76078125,8.842890624999999,-0.42539062499999997,5.339478937794253,5.19938204746844,5.301559750197305,-0.15461925731831344,0.18411010126262745,0.3385148904683281
6.915078125000001,8.430625000000001,-0.2124218750000001,5.13357392504447,4.918101410541979,5.308394405634484,0.3211712603839839,0.4731726503677042,0.3047416953465955
7.17921875,8.4265625,-0.25093750000000004,4.93777682916598,4.207090079091931,5.051145203920964,0.2842805155455166,0.3829985916193494,0.19795940597307884
7.340781249999999,8.466406250000002,-0.6795312500000001,5.099626151949614,4.335647791560211,4.96454001824675,0.32499897014707746,0.42530993055335986,-0.2596803408987737
6.5346875,8.273671875000002,-0.32343750000000004,3.7699098417394215,3.697495113057485,3.284489457449019,0.17018092876087268,0.21524595309589653,1.0794504518102046
6.381953125000001,8.02765625,-0.5623437499999999,4.47506268437133,3.9628514206106615,3.005980363265192,0.03582121835178161,0.43252562483192347,1.582400715190122
6.729296874999999,8.056796875,-0.21445312499999997,3.3825734894995607,3.124645963343725,2.6717488445637505,0.44152986235090275,0.3373833857360839,2.246530141759092
7.008984375000001,7.619453125000001,-0.22992187499999997,3.5840571109785433,3.5849734806798415,2.4111442097366313,0.5266879951763792,-0.03997328739873254,2.3094831470685713
6.6450781249999995,7.85765625,-0.4303125,3.763818704971918,3.4500327182268777,2.5095747702237823,0.3886463209285127,0.6586663193637499,1.9832861715692072
7.022656249999999,7.468671874999999,-0.369140625,3.3044526032061556,3.5738394906366437,2.4781388011418186,0.712188684703919,-0.01870298432347324,1.2919507531386802
6.9927343749999995,7.0253125,-0.12703124999999998,3.3079827016541907,3.2541910327059393,2.319888318760935,0.9151300645181325,-0.09135741320301098,2.398058613830955
6.95921875,7.450546874999999,-0.37546875,3.5127656948832264,3.3578974794025105,2.4479452031802995,0.8110780861235444,0.426172849224636,0.3558835833829146
6.896328125,7.74515625,-0.18945312500000006,3.809702635847578,3.2397834573603737,2.663307773179385,0.3249131066402664,0.3418807769570445,1.5425525559236444
6.772578125000001,7.7504687500000005,-0.646328125,3.6830802424087214,2.9412807742161298,2.455612789831488,0.2801514000116546,0.2903487140531921,2.182178094400721
6.6278125,7.66375,-0.3826562499999999,2.6914775616459727,2.513816508319571,1.9854452760869379,1.6294088586540059,0.21857745590877253,1.2360482762468685
7.058359375,7.140625,0.008750000000000008,2.9122858766095763,3.3934080743958575,2.7971749140874262,1.069604389305791,0.13308378963995426,1.8654070158023754
6.855859375,7.504687500000001,-0.35929687499999996,2.6788204398530726,2.5409978777723823,2.088162762900736,1.412442833452434,0.2987840178363339,1.0659764423681355
6.873515625,7.3179687499999995,-0.158125,3.170041795328708,3.4555287130225727,2.421466739782936,1.1542481988040314,0.24858386695644266,1.3405123213113177
6.9135937499999995,7.4664062499999995,-0.44109375,2.7745950533295733,2.6970246147302652,2.091356928817015,1.208591242583694,0.40305537056791535,2.2748959280252246
7.09015625,7.635546874999999,-0.3196875,2.7327481544383008,2.576045846045395,2.60907039764046,0.8309024297035414,0.14718002462955324,1.2099339770741135
7.187890625,7.015859375,-0.5009374999999999,2.4813632380784374,3.0395197830372167,2.15359091022268,1.8468323502571415,-0.40157247323008494,1.824748682264833
7.540078124999999,6.834453125,-0.518515625,2.5611815193668885,2.4440996580392818,1.9321907457290182,1.5227979439950172,-0.5581638659788158,1.006590523089697
6.74796875,7.945546875000001,-0.49093749999999997,2.791993116310181,2.913304826726468,2.567498003133352,0.952072507554704,0.06353115750741277,1.7646147989906835
6.9585156249999995,7.168359375,-0.11484375000000001,2.584759143108088,2.8743191523558425,2.0909892187875907,0.07133219331277349,0.1358765257808789,1.3579133326429558
7.190234375,7.321875,-0.178125,3.0002456839096294,2.6866317638215698,2.274969694166276,1.111693058068546,-0.023275826533705173,1.3804269775929128
7.088046875,7.70734375,-0.266171875,2.763411348144307,2.823644443681948,2.755856865696944,0.989278211023798,0.42309458508656067,2.2833164569533806
7.0540625,7.23203125,-0.236015625,3.1565986038921308,3.0789558800871824,2.2882902801012506,1.341949863175936,0.1826932036821631,1.300328972191195
6.937109375,7.68859375,-0.18757812499999998,3.3779845952190355,2.5956690895530072,2.6197222974528205,0.3050437549234218,0.14682045579588104,1.8767801292841353
7.127968750000001,7.464609375,-0.446640625,2.4281478793564935,2.4145179068319433,2.2790997665415196,0.9389111210409673,0.050978177744631134,1.9518751861818529
5.563437499999999,8.65109375,-0.338984375,2.660033316726268,2.360451901376289,1.767387655483612,1.2315513044615476,0.21450558064116398,1.3841676083835497
5.572265625,8.42328125,-0.8494531249999998,2.632433882967122,2.6938553080851313,2.087564859993034,1.4439356838842414,0.09128233030664537,1.2434092220562347
6.57078125,7.9003125,-1.1166406249999998,2.8658908980713895,2.5575873450077418,2.054638911913626,1.667266493735814,0.5857469581898497,1.0997721971835408
6.726171875,7.459140625,-1.0267187500000001,3.4166858762123544,3.341344000581893,2.8664059348596176,0.03488631514145364,-0.3514186793378714,1.9439761313564545
8.065000000000001,6.516640625,-0.7809375,3.755191614618354,3.2029464651082775,2.873383903795967,-0.11941935494677491,1.0702093379185875,2.1702002898467434
8.205703125,6.174609374999999,-0.21703125,3.9956827646367565,2.9627816064320553,2.6442432634921165,0.36970281935239513,0.809027166359916,1.8340554652400727
8.259765625,6.279140625,-0.422265625,3.7068817894988717,3.129879447394837,2.897934936846126,-0.10721209805334694,0.25479274200206725,1.6237592315371128
8.322890625,6.094609374999999,-0.351953125,3.146881182303696,2.8303428188846858,2.8094817300621004,0.2834059470037936,-0.09341025944715858,2.018536846735839
8.022343750000001,6.205546875,-0.38664062500000007,3.446592629951491,3.0983856201137607,2.6018614962848443,0.5362850364414644,0.6152965431119528,0.9382818405407598
8.14390625,6.3989843749999995,-0.8219531250000001,3.5037888497612033,2.6793655498561333,2.467511100087036,0.022319440478296353,0.38534838820036277,2.4003168992820334
8.1440625,5.9315625,-0.6138281250000002,4.113112499506153,3.4220818858691486,2.7198139070916203,-0.026627447496885445,0.550417340833797,1.562013420029291
8.038515624999999,6.628125,-0.73296875,2.6925844606772986,2.249011848985016,2.7922597701545318,0.9992111496915964,0.2067704955592527,2.22822608707415
8.096718749999999,6.17828125,-0.53046875,2.599043727200148,2.55353985594477,2.581933281046092,1.0845113767326255,-0.17234285020534504,1.271743279241225
7.9753125,6.1728125,-0.41031249999999997,2.9220663540282152,2.790900094923455,2.7928079892544977,0.9736452850699232,0.07546553833459016,1.2907220689323171
8.092578125,6.1496875,-0.7409375,2.893187376756211,2.3305233242436665,2.275290997014173,1.2847513956958128,-0.07822238754913496,1.5308121782783348
8.3203125,5.787421875,-0.4328125,2.5319788881117766,2.8210720053769425,2.3334580486573464,0.8690572779031708,-0.15603772389133258,1.0121280371856982
8.088671875,6.56828125,-1.055390625,2.9438684612825323,2.532666921132433,2.9503532368874255,0.8012779704054125,0.3193993828001434,2.2754612531653216
7.8859375,6.308828125,-0.82140625,2.6873762871235116,2.7027383744008566,2.6387004775004193,0.6184116269342511,0.14998268997302758,2.5424574652141323
8.114453125,6.161953125,-0.70234375,2.7948668932397718,2.4483629921955474,2.2019772664212356,1.1269213336417108,0.08148753573655083,1.0097725921105203
8.206328124999999,5.98421875,-0.42734375,2.8148056857594956,2.6242893708866095,2.389001649609296,1.196016006749336,0.42889494196920547,1.6167567545634332
8.022265625,6.4353125,-0.813046875,2.641150085321423,2.274721458738135,2.1344867498541036,1.1975174136208029,0.2505581856935988,1.5503833492793606
7.980546875000001,6.3209375,-0.7142968749999999,3.135160310044405,2.3632245706013104,2.907531352903221,0.4352261135869784,0.3065063116720737,2.2013334270259364
8.313984375,5.591796875,-0.408828125,3.166604386958664,3.3457021015760255,3.0492859361593143,0.4660985720079313,-0.1998025109982674,1.16434776997027
8.20859375,6.16328125,-0.6353125,2.7216710556128816,2.267260223463208,2.3882354683623115,0.8431901201173729,0.03817277328187358,1.644124386970379
8.12546875,6.219609374999999,-0.43671875,3.116235674700076,3.112294270897614,2.289050058626599,0.12034713643966484,0.33132970957278085,1.7280748591541195
8.0821875,6.2271093749999995,-0.891640625,2.5307607358941993,2.477342689362356,2.317800269565868,0.801741798909594,0.31490513580701834,0.7358248313524383
8.2996875,6.012890625,-0.6353125000000001,3.095995886196193,3.080514403153653,2.3134599147907773,0.873092956215233,0.5867159558536922,1.0302672568971991
8.144609375000002,6.397343749999999,-1.24859375,3.2263950234607215,2.286639689442991,2.403782739758512,0.7074140059080529,0.11899617771356356,1.7484837471050823
8.120703125,6.351171875,-0.661796875,2.935655320684844,2.927031511695592,2.9957293648609573,0.46303231607909406,0.559608314496178,0.8450237045665788
8.14046875,6.392109375,-0.7831250000000001,2.9823231452633427,2.688618270931578,2.4184989372284207,0.6449948877676903,0.4225764593946095,1.0265361638735022
5.444140625000001,4.898671875,0.29023437499999993,4.709491501104403,6.494727112614816,3.294724823686852,-0.23723183266667108,-0.4955902700952395,0.7384692402515222
-0.20499999999999996,10.550546874999998,0.017578125,3.6093128241397974,3.9706448839801496,4.6570269060068235,0.37874070481132094,0.37010686964388706,0.14323029890055966
-0.12585937499999994,10.630312499999999,-0.18304687500000005,4.03126870680616,3.882125291299052,4.900404249682135,0.31421846195331776,0.4253584980052768,0.0955622904704259
0.02343749999999989,10.648359375,-0.4640625,3.892649009170201,4.174943071719614,5.056191816337049,0.8747370025962126,0.3837926897953397,-0.3095263775765133
0.19203125,10.579140625,-0.23773437500000005,3.605097814071546,3.5191820399383444,4.906059584655832,1.0677495194461695,0.5019804222452635,-0.3714954045742951
-0.14000000000000012,10.528046875,-0.124296875,3.3061453197038992,4.0860157967820845,4.7175459860625875,0.49723133574474704,0.3052811438403878,-0.14206890471980824
-0.701171875,10.34078125,0.05937500000000001,3.4151483819094866,4.287972023829964,4.575660599506371,0.7205069442313772,0.23514458150478784,0.2652038997333074
0.55140625,9.99890625,0.32296874999999975,3.726140709227302,3.8651096027423257,4.254849872383683,0.8847274414451897,0.5498568135032712,-0.1431861399511384
3.631640625,9.813281250000001,0.5628124999999999,4.367375459254632,3.551220984872448,2.852326336053389,0.3563003879960459,-0.0809852121919444,0.28549180146619924
6.638359375,7.98671875,-0.60890625,4.193845151182815,3.624906272360492,2.944970615933364,0.2146238556054842,0.19113909035437848,0.9003008752911753
7.35953125,7.596171875,-0.7476562499999999,3.632732025318333,3.0150005496200136,3.335172288553612,0.18326071173131742,0.3182952721633973,2.2091291444040304
7.2515624999999995,7.28546875,-0.7112499999999999,3.041125520854697,2.8809063947434037,2.4930284043708766,0.7128392831278278,0.6237430531223324,1.8380845921329212
7.426796875,7.393359374999999,-0.696328125,3.335772243235475,2.777464918023198,2.386210342485336,0.6994106484621933,0.4240153759329047,1.252897760328679
7.2836718750000005,7.34109375,-0.623515625,3.3407163507373663,2.721385284411404,2.33293089195348,0.4512551606848376,0.44869638455684324,1.614709433161299
7.538515625,6.981093749999999,-0.527421875,3.355645217820391,3.2343916628495903,2.660338102952609,1.0724632949991273,0.1003061971545646,1.6203152572293067
6.35109375,8.056640625,-0.5060156250000001,3.8531069513719625,3.2121702839901887,2.3205765514211896,0.32217670586286207,0.5421631316162876,1.1081407640944194
3.3816666666666664,9.305625,2.5858333333333334,1.7070788076581453,1.7555316220568817,2.5848467341196244,-0.6921711260596332,0.39007261697717105,-0.5432925024178971
