1619491087128 0.45272297430878855 0
1619491087195 0.4753430510271755 1
1619491087260 0.4904401815245461 2
1619491087326 0.506775832570753 3
1619491087391 0.5163098473627105 4
1619491087457 0.5148162033589597 5
1619491087522 0.5228406446025975 6
1619491087590 0.5163354749174631 7
1619491087656 0.530598047030366 8
1619491087727 0.5389120751387744 9
1619491087792 0.5424265823478253 10
1619491087859 0.5388189283164505 11
1619491087924 0.5525269008559257 12
1619491087991 0.5549331316460061 13
1619491088057 0.5472758714475427 14
1619491088123 0.5539331553653819 15
1619491088189 0.5583000229979294 16
1619491088256 0.5646168510579076 17
1619491088323 0.5580894122703678 18
1619491088390 0.5575635662608337 19
1619491088459 0.5806876416710323 20
1619491088527 0.5789876481810244 21
1619491088593 0.569101863916445 22
1619491088661 0.5947233954034555 23
1619491088725 0.5927162722287038 24
1619491088795 0.5854450865588448 25
1619491088866 0.5973059687678511 26
1619491088941 0.588956275461662 27
1619491089007 0.607861938460337 28
1619491089077 0.5974908647820416 29
1619491089143 0.5985130437443067 30
1619491089209 0.6037842027978212 31
1619491089274 0.6008601860182682 32
1619491089341 0.5921385812726117 33
1619491089413 0.6037924983415175 34
1619491089480 0.5911973092536862 35
1619491089546 0.6032700071214465 36
1619491089613 0.6143731005895465 37
1619491089678 0.6115828667056178 38
1619491089744 0.6091914799163207 39
1619491089818 0.6118040061679315 40
1619491089883 0.5944479526080826 41
1619491089949 0.6104904226039997 42
1619491090014 0.6097351297763904 43
1619491090080 0.6107695585089875 44
1619491090146 0.6182487957377165 45
1619491090212 0.6147329329702398 46
1619491090278 0.6238079904234093 47
1619491090342 0.6047496702357357 48
1619491090408 0.5945276420142219 49
1619491090473 0.6047024663386926 50
1619491090541 0.6016445401735281 51
1619491090607 0.6005845254884314 52
1619491090674 0.6245703306196456 53
1619491090741 0.6115673998619524 54
1619491090812 0.6184089910525009 55
1619491090878 0.6127893887824266 56
1619491090945 0.6198103690893498 57
1619491091011 0.6178717429954654 58
1619491091078 0.6201864279921024 59
1619491091143 0.6190028246604825 60
1619491091210 0.6240683977079148 61
1619491091275 0.6145485717267588 62
1619491091341 0.6095009668933452 63
1619491091406 0.6249273406586963 64
1619491091472 0.6241580110863233 65
1619491091538 0.6162267351924346 66
1619491091605 0.624901824808914 67
1619491091671 0.6186895188431287 68
1619491091738 0.6276683257368344 69
1619491091802 0.6197995062919205 70
1619491091869 0.6225042882743355 71
1619491091935 0.6248520974914048 72
1619491092003 0.6252426332397591 73
1619491092068 0.6307960606733551 74
1619491092133 0.6201601716156281 75
1619491092198 0.6103735841349592 76
1619491092265 0.6192928461480163 77
1619491092330 0.607542599492874 78
1619491092396 0.6336534346929258 79
1619491092462 0.63132900724568 80
1619491092530 0.62452577921597 81
1619491092596 0.6332666538777103 82
1619491092663 0.6288710764711987 83
1619491092731 0.6276814288083982 84
1619491092800 0.6201512344899206 85
1619491092867 0.6362279011356992 86
1619491092933 0.631001855538384 87
1619491092998 0.6355743712432277 88
1619491093065 0.6242531349890285 89
1619491093130 0.6311872052475151 90
1619491093200 0.6339408900916382 91
1619491093268 0.6338381962360976 92
1619491093335 0.6129893027887393 93
1619491093402 0.633071652927777 94
1619491093470 0.6385245521597498 95
1619491093539 0.6404849740274844 96
1619491093612 0.634135529849628 97
1619491093680 0.642060039447956 98
1619491093748 0.6412684902888556 99
