1617118562792 0.5177889866446258 0
1617118566135 0.719434120501951 1
1617118569880 0.7556884354175731 2
1617118573588 0.7951836651441979 3
1617118577366 0.8253937972393048 4
1617118581211 0.8347831701330153 5
1617118585162 0.8573151752304105 6
1617118588788 0.8770658096170278 7
1617118592804 0.8819208696299846 8
1617118596700 0.893742155396535 9
1617118600680 0.8871745663127425 10
1617118604560 0.887370197723425 11
1617118608096 0.8957269074688177 12
1617118611684 0.9008889090415982 13
1617118615139 0.8973383503898413 14
1617118618897 0.9113129420086682 15
1617118622740 0.90905780857902 16
1617118626881 0.9204965919792313 17
1617118630980 0.9121100160790929 18
1617118634979 0.9169421672865489 19
1617118638832 0.9202931888261927 20
1617118642713 0.9091852391985014 21
1617118646599 0.9230333871494325 22
1617118650368 0.9040645842550408 23
1617118653837 0.9236106954057348 24
1617118657262 0.9269987754291119 25
1617118660657 0.924509793706082 26
1617118664026 0.9312384560508401 27
1617118667360 0.9220317968763102 28
1617118670763 0.934476202765808 29
1617118674126 0.9287539196376621 30
1617118677454 0.9320323190536645 31
1617118680860 0.9298560230582411 32
1617118684257 0.9338325568676128 33
1617118687615 0.9333128524644364 34
1617118690988 0.9320155027050687 35
1617118694353 0.9383635128441056 36
1617118697726 0.9324350193613717 37
1617118701107 0.9328544902683737 38
1617118704503 0.9323529156103907 39
1617118707878 0.9344662192905813 40
1617118711285 0.9357718505289606 41
1617118714658 0.9284509143121357 42
1617118718069 0.9335086427504691 43
1617118721437 0.9309543294090629 44
1617118724817 0.9259065379688887 45
1617118728176 0.9282800084458602 46
1617118731545 0.9290711547790852 47
1617118734938 0.9343522213380661 48
1617118738304 0.9169402201163023 49
1617118741724 0.915824359989264 50
1617118745086 0.9281802174095917 51
1617118748487 0.935059620045429 52
1617118751871 0.9308168738260997 53
1617118755252 0.9382124271194159 54
1617118759062 0.9307309629944033 55
1617118762862 0.9383908680761079 56
1617118766400 0.9303830870989596 57
1617118770019 0.9362756667193589 58
1617118773578 0.9307551569802662 59
1617118777240 0.9376760863426714 60
1617118780788 0.9372728704095098 61
1617118784307 0.9396755180073113 62
1617118787836 0.9368769138543112 63
1617118791195 0.9378197520418529 64
1617118794542 0.9406926905867748 65
1617118797984 0.9414876835612218 66
1617118801519 0.9396851892928639 67
1617118805298 0.9394294976610341 68
1617118808997 0.9367032257472161 69
1617118812677 0.9402195594997195 70
1617118816479 0.9397879237119344 71
1617118820053 0.9385272125760489 72
1617118823472 0.9390498472344498 73
1617118827032 0.9409267310716641 74
1617118830492 0.9380349701032444 75
1617118833959 0.9405798725828963 76
1617118837612 0.9399218570098304 77
1617118841179 0.9351939214988105 78
1617118844679 0.9355601393139832 79
1617118848156 0.9356963862598592 80
1617118851643 0.9411448456332405 81
1617118855414 0.9352541327398725 82
1617118859237 0.9313929263849229 83
1617118863116 0.9394278224532986 84
1617118867129 0.9384330637202324 85
1617118871106 0.9400483531935905 86
1617118874966 0.9384049646662626 87
1617118878841 0.9370331571279695 88
1617118882578 0.9325098277404953 89
1617118886086 0.9422982177926372 90
1617118889887 0.9437497800955824 91
1617118893502 0.9381346731464131 92
1617118896894 0.9387890627193299 93
1617118900382 0.9359102547918721 94
1617118903862 0.9439820749071463 95
1617118907316 0.9416180634800814 96
1617118910758 0.9437213674686263 97
1617118914620 0.9446793656245184 98
1617118918221 0.9450360563574904 99
1617118921935 0.9396852457864452 100
1617118925854 0.9341202092610709 101
1617118929820 0.945522756803868 102
1617118933714 0.9365064756425165 103
1617118938125 0.9386302951842432 104
1617118942075 0.9430430565834579 105
1617118945999 0.936760188460139 106
1617118949822 0.94139598999011 107
1617118953546 0.9403839269936812 108
1617118957376 0.9369775021895079 109
1617118961378 0.9375846931669694 110
1617118965195 0.942355326053336 111
1617118969213 0.9340740001504958 112
1617118972928 0.9441833613591954 113
1617118977035 0.9440981334559526 114
1617118981159 0.9373522392467257 115
1617118985291 0.9433153052678456 116
1617118989602 0.9416599909227484 117
1617118993729 0.9417045761248041 118
1617118997797 0.9452774880238843 119
1617119001509 0.9448267026898223 120
1617119005489 0.9485764148039991 121
1617119009673 0.9433568725049056 122
1617119013977 0.9462819975746213 123
1617119018315 0.9450066777564059 124
1617119022544 0.9444772551517272 125
1617119026630 0.9411980142541384 126
1617119030739 0.9463052699412334 127
1617119034868 0.9427621866308061 128
1617119039054 0.9421999163669401 129
1617119043227 0.9463435628838814 130
1617119047198 0.9460383919081136 131
1617119050890 0.9452193159238859 132
1617119054643 0.944601937974307 133
1617119058162 0.9482880471992475 134
1617119061796 0.951367481133291 135
1617119065425 0.9486016207799539 136
1617119069077 0.9476118192211404 137
