1.8329687499999998,9.6309375,-0.6021875,3.0961804492024423,2.4761649523191602,2.8602411768666904,0.03605195339325194,0.9195448741854263,0.44230597729449705
2.18296875,9.86515625,0.27843749999999995,4.005032256302493,4.700741295326295,4.031624292216941,-0.22717622219918449,0.009650770118483124,0.13136197033536412
1.9103124999999999,10.220625,-0.7921875,4.457877146394207,4.311572681096191,5.154889204904772,-0.04864624877230695,0.14615790211350446,0.45147897733814546
2.94078125,9.833281249999999,0.17953124999999998,4.36962001518993,4.207759964743525,3.090086684507966,0.25855886525440785,-0.17975090963310755,0.5128321196296217
2.33703125,9.393437500000001,-1.17140625,4.529624598023928,4.3188265980001725,3.8680174456639844,-0.9751541380564613,0.07697295977791305,0.885639829649365
2.1828125,10.18453125,-1.26390625,4.73285869901519,3.7798829883044576,4.191976941576724,-0.1421922832444762,0.25284725342981507,1.3327000307124286
2.48546875,10.14953125,-1.060625,5.375566228805431,4.256158563513987,4.123524309904696,-0.9352937097689061,-0.003478450474312878,0.8973424760726377
2.40484375,9.9765625,-0.75046875,4.128597670588155,3.960290085157115,4.2148366774732136,-0.027633119067405006,-0.21940183920132675,0.9926270630971197
2.136875,9.969843749999999,-1.4160937500000002,4.12327231812004,3.872083375017374,3.5526379359162026,-0.0953742672615613,0.3305313331174128,1.0275893359005384
2.42734375,10.3975,-0.7859375,4.429693218140048,3.9367173825409414,4.27138030923187,-0.8660798029676173,0.17221768088195022,1.05096741667119
2.296875,9.72875,-1.23328125,4.338688913067518,3.4932624883481056,4.134599457129848,-0.5703419967882344,0.33192751265666204,1.069510726479536
2.31484375,9.9275,-0.9799999999999998,5.206106388231606,4.481594303370175,4.796411093202917,-0.9242061606806318,0.13958350078446766,0.5784301537356908
2.30421875,10.1996875,-0.9149999999999998,4.964084383312641,3.9802343558317954,4.102266903798435,-0.13917958154883878,0.05657435729312937,1.0438824949423482
2.1690625,10.0275,-1.4576562499999999,4.282811473914507,3.7540419883107328,4.041251253552041,0.028601621459706628,0.11157872570981907,1.2699767409291007
2.18734375,10.21359375,-1.1153125,4.27427159079017,3.6806132162264666,4.1614593176365124,0.009752817683178053,0.2482390180177062,0.8946718535416083
2.44484375,10.248437500000001,-0.9573437499999999,4.376109142330198,4.007035694699231,4.529439204453013,-0.3358541585051532,-0.43249545127644484,1.0745799074688773
2.05140625,10.2271875,-0.9493750000000001,5.144554119159496,4.188576156027696,4.587780602794231,-0.37644944284974163,-0.029443792384683306,1.1647152845678599
2.458125,9.806718750000002,-0.8409374999999999,4.8392964606825855,4.171267813375022,4.491667535124761,-1.000350098734418,0.07088035220318598,1.0833696460738866
2.094375,10.265,-1.0834374999999998,5.034594656908836,4.039807003434694,4.568908587791372,-0.44143235427014027,0.038813049352556896,0.9816928247095768
2.34015625,10.3315625,-0.88671875,5.430207607733422,4.250600038064478,4.448954250259092,-0.849751582347528,0.015213416445284692,1.1492878458231914
2.15890625,10.181562500000002,-1.0490625,4.679367985231653,4.1537837490165215,4.794211587539055,0.0578365271215515,-0.06624715694872368,0.8165488494742128
2.19421875,10.2821875,-1.0456249999999998,4.868181065824118,4.267559119665918,4.738986862650602,-0.08214700192667679,-0.061816347285000975,0.9955151733267494
2.3865625,10.32609375,-1.1084375000000002,4.8980060416044555,4.3429071546270634,4.769198445084221,-0.24831529969811758,-0.23053724101955478,1.2378969468404328
2.5059375,10.239999999999998,-0.69640625,4.745080254441831,3.8311531390692277,4.499419187235275,-0.2812502867894389,0.09514994831093067,1.0495063319603277
2.1765625,10.13765625,-1.3862500000000004,4.968274731593831,4.375239544223372,4.0955812697955345,-0.7330298930988737,0.21460126098688015,0.952614980116958
2.2287500000000002,10.38203125,-0.8673437500000001,5.169631726486908,4.3408309183292815,4.721930299870587,-0.45119707569570283,-0.14082208384020667,1.0871547804531148
2.22875,10.19078125,-0.64046875,5.015720754537676,4.331346248817847,4.629133433243574,-0.47807876894011214,-0.08884771401370942,0.8806656921084214
2.24328125,10.040624999999999,-0.9667187500000001,4.458956595538742,3.8974762968329904,4.4888504425853215,-0.27548171593294324,-0.10548123454881846,1.1594346825405388
2.05484375,10.235156250000001,-1.051875,5.257736856346648,4.6466621058116475,4.893592709796659,-1.139624001285667,0.03024051702350781,1.1162781434215452
2.07328125,9.955156250000002,-0.9620312499999999,5.019587587232484,4.161549813541337,4.831623749995796,-0.28551536578690745,-0.04761488244994122,0.9203608528398074
2.0971875,10.25734375,-0.9717187500000001,5.16146795639029,4.408359687212006,4.69136392570417,-0.2670467781184776,-0.04064365620705679,0.9908564627552684
1.87328125,10.28984375,-1.03625,5.467363697057151,4.3980789457541505,4.860302684761516,-0.2587519667641195,-0.04734332723589345,1.0577914253517875
2.1256250000000003,10.0790625,-1.29109375,5.142036280441339,4.062699502312932,4.637568435205128,-0.08103559377668086,-0.0628698513470213,1.0328810262719028
2.0028125,10.209375,-1.3989062499999998,4.741836230812253,3.9538659384676915,3.8271195586512503,0.05399044748728075,-0.07935117721339728,0.9231069407927368
2.1784375,10.46875,-0.8992187500000003,5.1438793175573,4.263112309393221,4.854247271941185,-0.9329781458879396,-0.10334237847554309,0.9015731948716758
1.94234375,10.3778125,-0.9042187500000001,5.277557064526724,4.744514091542331,5.042458417245346,-0.6931267667813947,0.07912441958938299,1.163058268466937
1.9796875000000003,10.14109375,-1.191875,5.706525313388502,4.872342582496733,4.973139688303054,-0.49149970155144745,-0.31441323686244965,1.1903710951656306
1.7701562499999999,10.24640625,-1.0826562499999999,5.255676839198348,4.435540894012921,4.95455700661885,-0.4092828119216572,-0.12276411672148811,1.2061835326915535
2.3621875,10.13609375,-1.10234375,5.386314100555569,4.48368034417162,4.853615193269439,-0.46669558837745945,0.08584955603595729,0.8437773854994334
2.10390625,10.055,-1.0734374999999998,4.927241437022438,4.249280453794501,4.6289764050590865,-0.6009002525514172,0.022651562757727298,0.8529755048723286
2.0015625,10.25953125,-1.03640625,5.353125903020939,4.920604774087575,5.212322649017513,-0.6145045662296305,-0.006629048677336673,0.8652129710153074
2.03453125,10.385156250000001,-1.153125,4.802461260153322,4.197325410375748,4.64232830693554,-0.43356208329966406,0.06385295393156877,0.9937733726531006
2.17203125,10.36359375,-0.90890625,4.764362555633591,4.168423100821332,4.535515102081674,-0.33659662440114696,0.09304904900811131,1.1690874312134452
2.1396875,10.148750000000001,-1.1003125000000002,3.748263334845052,3.127864437199925,3.4531837523282407,0.05013506101551665,0.236723187422897,1.3806898653419086
2.15671875,10.151093750000001,-0.7093749999999999,3.800209720646801,3.1357714945784774,4.0069930570659835,-0.1705146733452534,0.5811141278946764,0.8915409847138255
2.06484375,10.16421875,-1.0003124999999997,4.408639597493306,3.7711995789998225,4.214175100460794,0.09697422669657958,0.20723539055378565,0.8875971563199775
2.2004687499999998,10.11875,-0.8754687500000001,4.408970057482069,3.9229021065405134,4.260518942015566,0.007150153111055741,0.2802765627546469,1.0625618198200455
1.87765625,10.13328125,-1.28359375,5.508852461659863,4.4851438991294845,4.134402302323872,-0.6607568926830437,-0.1113141180840079,1.3048912885181554
2.119375,10.414375,-1.076875,4.860008961861594,4.012607037123745,4.561981092066801,-0.21882173540519723,0.09954085378868018,0.783540924098991
2.2084375,10.096406250000001,-0.8748437500000001,4.832874150916176,4.3766987299174405,4.9000806728650845,-0.3912101823798923,0.009168674811026482,0.6907242334853012
2.1246875,9.90640625,-1.1264062499999998,5.27468037205514,4.741798962151488,4.829170919781256,-0.6425004477475964,-0.11248591135142325,1.0012754501094376
1.9279687499999998,10.348749999999999,-0.9110937499999999,5.12182102005951,4.729350014801188,4.769126661791542,-0.3996213545001866,-0.06592785542303901,0.9010642406991747
1.7551562500000002,9.8896875,-0.9271875000000002,5.0700058531116055,4.31917887477976,4.328678157341309,-0.6206196785983348,-0.31196266128089956,1.1253946719594794
2.0207812499999998,10.3240625,-1.20921875,5.208572352588417,4.431491255333102,3.880794983266758,-0.55167049387896,0.14945071313665784,1.013567237165823
2.3115625,10.501718750000002,-1.0109374999999998,5.02489310170811,4.284925449573008,4.603541340217741,-0.12967205054219483,-0.10008614126323846,0.858525778611263
2.2043749999999998,10.475000000000001,-0.98046875,4.733391977152853,3.948795702489558,4.403337665086955,-0.27515491508916357,0.14812017679382372,1.0655587153414163
2.0946875,10.00421875,-0.6748437500000001,4.736081571546646,4.044301471162658,4.788481293749193,-0.2361493773499831,-0.09628031731074303,0.9101040960122674
1.90484375,10.0953125,-0.9668750000000002,4.930370483096167,4.176697248106899,4.244586579912701,0.14121156062463644,-0.046729896711240865,1.0945326711214243
2.1521875,10.0640625,-0.56390625,5.301077858779641,4.881736601466097,4.616931346003636,-0.8137931920906458,-0.41534290731732776,1.1614083938049578
2.1809374999999998,10.20734375,-1.1453125,4.710479911441482,4.041259952890427,3.9316345077262396,-0.38846044119690254,0.15543830490515223,0.98113054933312
2.0509375,10.302968749999998,-1.0059375,4.87341343373346,4.161915003820169,4.515431775710242,-0.32607915157326167,0.20856432880186576,0.8345082193611616
2.05171875,9.88984375,-1.08171875,4.625639670185999,3.973112559830886,4.427599714675937,-0.4229516586261034,0.02576055593397116,1.1355447920926915
1.8714062499999997,10.220937500000002,-0.9773437500000001,4.818155400146506,4.006963360338318,4.2379764636953725,-0.5033215566927398,0.07393512113776664,0.9562515527168804
2.1821875,10.27484375,-0.9573437499999998,5.173871395274891,4.576203732416854,4.8052589167323685,-0.5817502346306802,0.08399201251498314,0.7816920523466494
1.959375,10.19484375,-0.84234375,4.5494473823064485,3.9617893653734213,4.206546141947801,-0.21401596323151104,0.060626340794601885,1.1756469514384682
2.16390625,10.063281250000001,-1.22890625,4.843240978798281,4.051754270794126,4.080293003107857,-0.12327599112967864,0.16373287545399826,0.8496859203884564
2.4378125,10.80671875,-0.7207812499999999,4.413805921746419,3.5011484966933977,4.153445973182802,0.11244541892064797,0.25149340010596777,1.2134669673438359
2.09515625,9.966406249999999,-0.65609375,4.789890066649331,4.316226783599413,4.587353409506503,-1.247270511373268,0.01284689749436559,0.6940203812938067
1.9814062499999998,10.17375,-0.8470312500000001,4.859221538473106,4.239333489771711,4.229065972413228,-0.23687405434197678,0.016367135291342632,1.2498093871218958
2.18734375,10.36265625,-0.9737500000000001,4.4635251771258035,4.0159028569969095,4.254769199087067,-0.5285265480124604,0.09169304757962515,0.8334159871224108
2.11625,10.264218750000001,-1.0699999999999998,4.022485821914105,3.4370357889682257,3.3904018935813496,0.24195775812696896,0.3014138167590959,1.3009688754588131
2.5965625,10.099531250000002,-0.5823437499999999,4.684807966565305,3.797880753495749,4.491864779168663,-0.8263800888865362,0.0804951965411952,0.6909433150401624
1.7203125,10.024687499999999,-0.9809374999999998,4.863105350734626,4.478577469726716,4.896184968533537,-0.7403830569224908,0.04733260201185517,0.5528630853388804
1.81875,10.29453125,-0.9957812500000001,4.654998825187822,4.674494601587795,4.6749137039787625,-0.5303108766834195,-0.20292361688067806,0.8709954397383669
1.8434375,10.428125,-0.8090625,4.521420621175799,4.066239000523088,4.39241630496174,-0.294450352796912,-0.042569911372619736,1.1625506600812139
2.0978125,10.254375,-1.0753125,4.188318005458008,3.5725974772390745,3.7362062847685156,-0.4012912694831922,0.14072006408422852,1.3263780822611968
2.2871875,10.33515625,-0.835,4.207551792889037,3.3862751439577288,3.836418007073786,-0.9565364789061173,0.30798579722601815,0.7908040254161303
1.87453125,10.12359375,-0.8753125000000002,4.537327796211493,3.974117971004502,4.10382099723462,-0.49242266524607925,-0.047271572174209756,1.0569219848715798
2.16171875,10.299375,-0.5187500000000003,3.842119188468577,3.503598986667139,3.8368364654360763,-0.051678403923809714,0.3948439798983501,1.00695572255875
2.0671875,10.2859375,-1.1140625,3.986038317031555,3.176190091303376,3.4780947185339492,-0.22285672938707635,0.3237676528800444,0.8903786476150835
2.09484375,9.82453125,-0.5257812499999998,3.6819610909929423,3.1146578512371845,3.6751202381212558,0.3402164216081577,0.3600689225225841,0.7616167596047195
1.9546875,10.107656249999998,-0.65890625,4.6843736136589005,3.867810969312737,3.954013829795103,-0.4877774945588579,-0.23158178149634862,1.4286182954106463
1.8826562500000001,10.276875,-0.7790625,4.506619867687526,3.8112427742634027,4.023268928507483,-0.03995192930935623,0.3128209570763075,1.06992621497304
2.076875,10.1559375,-0.8453125,3.980065119991757,3.4578622906492025,3.300993206952076,-0.059580431606870925,0.27282943270820614,1.817726870056705
2.1803125,10.55125,-0.743125,4.771200048451516,4.029769495579121,4.390628469749519,-0.4277653974959521,0.06717841846630904,0.7300864040206025
1.8764062499999998,10.0159375,-0.6895312499999999,4.242995097506117,3.9707727989767623,4.248268187482217,-0.2596349425987318,0.11492388935580407,1.0605424715699807
2.32375,9.813593749999999,-0.6326562499999999,4.609804937575992,3.9694459496837764,4.449987093445995,-1.1548104232588234,-0.08152656761263484,0.5787788410244652
2.26859375,10.08984375,-0.8315625,3.9247160992816967,3.362757189136013,3.280296870497204,-0.595749200446228,0.25724080270123106,1.7297129278810508
2.12421875,9.80046875,-0.66734375,4.662376608517209,4.042049460703498,4.477318617971692,-0.9682546854206111,0.10556438910845153,0.7379458772405638
2.1815625,10.282812499999999,-0.5800000000000001,4.604126959434736,4.0992680248849,3.9277565956917444,-0.20695283119165642,0.1907031724922336,0.8095677614545838
2.1521875,10.095781249999998,-0.85875,3.9276374374226233,3.8230668336622675,3.879817771171734,-0.5650890216101693,0.15145830751580666,0.9398709944806501
2.46921875,9.876875000000002,-0.5049999999999999,4.688417345133477,4.2049784017727125,3.990568568512512,-1.372374315767281,-0.30864655090268145,1.1918450590928416
2.166875,10.00578125,-0.3437499999999998,3.841960304893193,3.8886657434971754,4.0734243502856415,-0.5241278090278328,-0.037371950058183445,1.2221496073563816
1.844375,9.981406250000001,-0.5960937500000001,4.89502677310094,4.255666394345418,4.1473872110897645,-0.9078759464306322,-0.04405808234389262,1.0642617262145522
2.6671875,10.02078125,-0.59265625,4.059012144579485,3.7934583103216566,3.4105348014403747,-0.6353733771569157,-0.02601954170639779,0.558417952530319
5.4096874999999995,6.9243749999999995,-2.36890625,6.504543116341359,8.496690509214455,4.321650840964705,0.790259320153545,0.16210950759653012,0.10189548631322698
4.88328125,7.5509375,-2.2215625,7.120682475781267,7.455609615993433,4.021022576235272,0.6754908921661005,0.21995254596616404,-0.20991333463940973
5.675625,6.3675000000000015,-3.2209375,8.167987411803168,8.594999636416514,5.966861800485558,0.3416288136208384,0.2828170205096592,-0.5934135042408892
6.01796875,6.016249999999999,-2.8879687499999998,8.22243466447277,8.856687180458616,6.178473511841209,0.3020491063581316,0.20867142594195145,-0.5177250833392848
6.636875,3.3921875000000004,-1.2153125,8.64878078022417,8.756524258508266,4.8467456764661945,0.18499285099951798,0.517960882005574,-0.29741194069882415
5.2457812499999985,5.719687500000001,-2.03125,8.564829209601813,9.18446530982309,5.1172803140437795,0.4009704782427603,0.2663959132002697,-0.7344318006823423
5.89640625,5.7540625,-2.5140625,9.065906492042643,9.319952340065573,6.645482186876566,0.26351938090832877,0.3475555508726291,0.0124999576375433
5.869218749999999,6.54265625,-2.98,8.39351969242632,9.161779515019772,5.998775135392225,0.30417653458987526,0.17308593805653022,-0.5265763041128384
5.061875000000001,5.8512499999999985,-3.0657812499999997,8.469473101047964,9.090661331140875,7.083867412271946,0.3632312261523003,0.1414251482661387,-0.6399252822033561
5.43546875,5.39828125,-2.0576562500000004,9.017399141674579,9.615936731977724,6.477572303288936,0.2581780045743892,0.18302400725238172,0.016820203991487013
6.047656250000001,5.419843749999999,-1.381875,9.471307615336752,10.35830908802619,6.154868468080776,0.09118847080520029,-0.04837092255789068,0.08381585496933057
7.668593749999999,2.47921875,-1.685,9.071818462136516,8.050752741337199,4.368584224322566,-0.051617545351320314,0.6536295520300085,-0.1702081305887132
6.91015625,5.836875,-1.4237500000000005,9.185846703656987,10.085141588464438,7.09093534468479,0.008150557815367238,0.0011322049234199268,-0.04650335160945723
5.4375,5.589218750000001,-0.57296875,8.991795913498038,9.685437248888066,5.781582471436643,0.1594899846449476,-0.001055597934209543,0.24599349053944114
-3.335,9.375,-1.9478125000000002,3.2247960206809982,3.590276364710661,2.3303972761835587,-1.0395057022576821,0.3856159914929623,1.1716530022757123
-2.9851562499999997,9.623906250000001,-2.336875,3.3564075811179337,3.3050376402865576,3.0297565264184185,-0.10755373654009238,0.0026452578937321545,-0.23568803767110333
-3.9703125000000004,9.180781249999999,-2.204375,3.8483226738858254,3.6397146628751598,2.931895651174339,0.3643689217773486,-0.20895411811539163,0.2745354550943409
-3.765,9.4759375,-1.8670312500000001,3.1720754247022565,3.6613303246352618,3.2134549551881753,-0.3311662742198057,-0.03683087849351465,0.19826254993952916
-4.143906250000001,9.51609375,-2.43671875,4.10638246254668,4.424406604699769,3.4864613393666706,-0.016640667561286248,0.06211153771052593,0.6236025142060886
-3.5428125,8.96015625,-1.34609375,2.991183121248806,2.756719343365577,2.307022985085094,-0.9599029042873748,-0.6692480087587365,-0.142250314802843
-4.01375,9.34296875,-2.0387500000000003,4.028309780478656,4.16384238102542,3.4567422795892666,-0.18917620550342598,0.20181079188496595,-0.01589382079770039
-4.4765625,8.80125,-1.7759375,4.266406281473173,4.948217639968962,3.2268225076836425,-0.27117874949440063,0.09695708383754055,-0.11812298353496799
-3.7984375000000004,9.107343749999998,-1.959375,2.977286526116314,2.9113926232708525,2.6437401743316227,0.02189861957947368,-0.354225769577684,-0.1396758918899602
-4.3653125,9.45390625,-2.5045312500000003,4.235408026665642,4.2372933641312756,3.7760321145712514,0.16509668549448925,0.25788180490920964,0.403712620136779
-3.93203125,9.04625,-1.19296875,3.8149890152559336,3.9052630753254,3.157259333508009,-0.23084568299766012,-0.4894291504224242,-0.17290136866116743
-4.1759375,9.289375,-2.1531249999999997,4.168915745861716,4.139224291382988,3.5001628868346972,-0.053021672391551165,0.4193577177800729,0.4318320995880948
-0.8112499999999999,8.908906250000001,2.0378125000000002,3.5562376976940113,3.1058961655552713,4.287890094771991,0.6375148402487808,0.40464206482121257,0.03922614020224713
-1.4828125,9.83171875,-2.9384375,4.328145701665293,3.3924951891489012,3.0845163816380925,-0.05328349308832705,-0.32422804322113785,0.6109447804982714
-2.8740625,9.5315625,-1.2103125000000001,3.651663456028465,3.6781700692863226,3.4974678200583558,-0.30773614827257595,-0.5317221088124795,0.04915150953149867
-3.1379687500000006,9.03140625,-1.625,3.80957600154183,3.9136994436160957,2.8047053098320327,0.39102203022369714,-0.11755446513976157,-0.5172626302322622
-1.39546875,9.849218749999999,-1.7503125,3.530298734565311,3.088836909282916,2.718076047932388,0.11184127189531769,0.2514244244441064,-0.17934306115188348
-1.239375,9.925,-2.135625,3.1855777905075557,3.3592149380472813,3.7306810181755017,0.10356502478648962,0.008073637559103647,0.07242497040377868
-1.606875,9.815312500000001,-1.8279687500000001,3.3286267227454327,4.446266330005857,4.056920853495104,-0.1514014296273738,-0.8710316717344798,-0.5117355927422363
-0.7818749999999999,10.1515625,-1.60375,3.7170451449202226,3.40700391599331,3.404702859648695,-0.36290589721311234,-0.440321940139888,-0.27852909065461545
-1.58078125,9.5421875,-1.7421875,3.5307596140417767,3.900928362562398,3.8321340614393637,-0.39037439692704134,-0.842384881355968,-0.21706644458104307
-0.9109375,10.188125,-0.9759374999999999,4.193227694282026,3.809627555204708,4.987358932450496,-0.5084267422946119,-0.47044364951448603,0.18270156012420172
-1.4665625,9.54296875,-1.9971875,4.5054016950316145,4.272362739050073,3.725577333091309,-0.6377443841066465,-0.18474352999693888,-0.38405248899696004
-1.2598437500000002,9.8521875,-1.4515625,4.2332735162148385,4.04636081434216,3.523827029465798,-0.10996980621034837,-0.14640281281765513,0.017126784015624636
-1.8275,9.74046875,-2.3525,5.133783022781543,3.9097951631477366,5.0015769388263935,-0.1683924272263955,-0.5250566793004949,-0.17567429831123144
-0.7567187499999999,9.7265625,-1.723125,3.195920766523857,2.6162396791184386,3.1949803769937306,0.20893717739189432,-1.6150209734736538,-1.1326380108049772
-1.76015625,9.7390625,-2.53125,5.1706139299976694,4.491593786852698,4.554707900897707,-0.0015996555304592535,-0.6106001442412481,0.10026406631993942
-1.35453125,10.0371875,-1.5003125,3.62835961975566,3.8268241029401584,4.242289317378502,0.03609559648342722,-0.11311828994685778,-0.27983712613438594
-1.6021874999999999,9.95234375,-2.1364062500000003,5.488183746909696,4.62649325292234,4.94794413342157,-0.11956044777335298,0.05078897559030221,0.1380161568441723
-0.27796875,10.13875,-0.8175,2.312135227776143,3.5451875391155263,2.2615232698338525,-0.7751060407419216,-0.42558828502481144,-0.9204339536862028
-0.30765624999999996,9.85109375,-1.3289062500000002,2.4513476792034083,2.7460125165794382,2.243131263705033,-0.05138584289208525,-0.5617847405805886,-1.1212252279512223
-1.08140625,9.713281250000001,-1.7537500000000001,2.817728954310712,3.9172483385532804,2.5563477976402194,0.7299440570849005,-0.8090601855603863,-0.9387668686451192
-1.2465625,9.6946875,-2.3353124999999997,2.1957004995203127,3.8025961397897294,2.6244249184047446,-0.04999174427783906,-0.132652257351607,-0.9722327306198382
-1.06796875,10.1925,-1.3551562499999998,2.179124092731627,2.8538324013508576,2.498455768186809,0.36077383657144013,-0.3473067357692064,-0.9693544520662039
-1.3479687499999997,9.524843749999999,-2.15328125,2.299307082910727,3.709273004995175,2.6632405394365786,-0.18668642331919547,-0.8801693333008045,-1.814266797569517
-1.7971875000000002,9.985781249999999,-1.6414062499999997,2.0542862726124005,3.41245458059861,2.5415619380532393,-0.5545215021677857,-0.45722941414497936,-0.8509735400364807
-1.60625,9.68,-1.6021874999999999,2.6467046137602885,2.7411425537538174,2.3900924856255563,-0.29621812870576036,-0.7279187064799135,-1.3876214469746617
-2.25046875,9.603281249999998,-1.9551562500000002,2.2922658207052335,3.726629280717152,2.329596928781015,0.12753530902868745,-0.5133302991772747,-1.07789312289764
-2.28828125,9.706875,-2.0134375,2.156584071720469,3.4924654950872456,2.6392051471217144,0.22885826218602856,-0.9228261279144163,-1.398116869041342
-1.046875,9.869375000000002,-1.05484375,2.5794572315460087,2.790716123932171,1.9884855985362173,-0.10869011655087633,-0.6255534258535405,-0.9638364927207324
-2.2073437499999997,9.63890625,-1.94921875,2.358332463168825,3.555054551791145,2.516627396367694,-0.10806280284671853,-0.81312990780881,-0.8000271178844236
-2.4781250000000004,9.619375,-1.92046875,1.9334593955847639,3.3066991070212297,2.5559981108704752,-0.015655718841305066,-0.4124012413887292,-0.8612056608568684
-2.20640625,9.712968750000002,-1.3473437500000003,2.5541830685095652,2.5527979011319006,2.4382353007525626,-1.0912675058504224,-0.8789881242223908,-0.6075031521036236
-2.46125,9.80390625,-1.8843750000000004,2.172391035817447,3.3294334245800647,2.5440432109881703,-0.4786032255367294,-0.6473205527955159,-1.291190345841411
-2.5045312500000003,9.243281249999999,-2.3362499999999997,2.4386605760690516,3.0257452876768127,2.7758864012239406,-0.4873260915728358,-0.43783114999612627,-1.4271472039551234
-2.2340625,9.8496875,-1.41109375,2.098756863263048,2.1991049093537467,2.025434457396965,-0.7863146547229614,-0.06326388333207712,-0.991475735105869
-3.5745312499999997,9.513749999999998,-1.33296875,2.492524404148019,2.97684790298396,2.266565187463938,-0.11792694408972794,-0.26406839306390756,-0.7817527639703137
-3.1209375,9.26375,-1.07140625,2.856857823045058,3.068987770829333,2.7381727867249244,-0.8841381010234349,0.6154315764172561,0.04700734950403526
-3.301875,2.7815624999999997,7.702812499999999,2.1322053394021414,2.5352910451452613,1.7747151785128086,-0.2984722869002518,1.7277465504854401,0.3893634153034892
-6.919843749999999,-0.67546875,-6.63890625,1.2453268800142143,0.1283906354585002,1.195176656905136,5.354078566650885,4.479884974393562,5.347438394415035
-7.149218749999999,-0.7710937499999999,-6.8365625,0.09819153297732701,0.06968942682313796,0.07481683362552827,-0.08201442510768027,1.7494476524279798,-0.3672391906036795
-7.104531249999999,-0.7485937500000001,-6.889843750000001,0.12727835744319418,0.11740511045494358,0.1288348286991428,-0.15272184014517326,-0.3482115062275198,-0.1643926795623318
-7.0821875,-0.6468750000000001,-6.89875,0.17853106128556467,0.19453369727376285,0.1927798290797043,-0.9936354528684407,-1.2557799982772457,1.0026381805207756
-7.1587499999999995,-0.91875,-6.744218750000001,0.11263186716023134,0.11924895177736365,0.08219269826716662,-0.8302703814736724,-0.7920410118929746,0.6963428189970939
-7.231718750000001,-0.9298437500000001,-6.686562500000001,0.1652229051870155,0.13204511761491788,0.12931573219740125,-0.5713384815360044,-0.4702719777718588,0.7315244520651418
-7.294218750000001,-0.7146875,-6.68125,0.16192981395789197,0.14242288209325774,0.1360663900454481,0.4892210635503438,-0.6369298999673187,-1.0768083696648618
-7.25046875,-0.63015625,-6.72046875,0.1681185378637273,0.10614689390621611,0.16109420465503255,-2.268749683531443,-0.14171218337968783,2.2826756011676226
-7.315156249999999,-0.63171875,-6.664062500000001,0.06743033876481352,0.03489066348520046,0.04400705731754863,-0.3314037000560782,-0.12321629484371066,-0.07904527613322157
-7.32015625,-0.64703125,-6.647656250000001,0.06815635029795475,0.03883779117608904,0.04656118915940089,-0.07312132752337952,0.13697493158012825,0.036004729419903216
-7.3225,-0.6468750000000001,-6.633593750000001,0.029047375096555653,0.02269877474666859,0.029067119928494915,0.5546494668642893,0.011898923225080415,0.1825659596012374
-7.307968750000001,-0.65140625,-6.647656250000001,0.10288312069254853,0.06530857494186733,0.07390327689580152,-1.370159988492212,-2.7528929049949937,0.5041817455475435
-7.13875,-0.67734375,-6.850625,0.29445659697143817,0.09201294384996873,0.325710161608446,1.0148421703399009,-0.1334626005616999,-1.359792838166277
-5.9087499999999995,-0.2534375,-8.18765625,0.23580646195556215,0.07916001890948487,0.34820855006150775,-0.7767789081318577,1.4016089932369449,-6.581174268938984
-6.0565625,-0.30984375,-8.02984375,0.219275930265385,0.1657981848089342,0.14214310776797254,0.30414318529422124,-0.7378888116226792,0.09342975984562278
-6.386406249999999,-0.14171875,-7.735312500000001,0.2016832850311038,0.1605999950138153,0.16749037985433668,0.2639538866054835,1.1834321776112255,0.5566194211315754
-6.374687499999999,-0.15578124999999998,-7.744375,0.084000906803141,0.06422141113707718,0.07751763912168641,-0.550975756247555,-0.18868402677965626,0.38109336710739944
-6.971562499999999,-2.4973437499999998,-5.981718750000001,1.6289473391100615,2.0953596366342313,1.4077026438131164,0.9264559540144601,-0.05287096685113417,-0.07416234059291854
-7.441875,-3.8657812500000004,-5.13,0.174247265043099,0.14910990794859175,0.11781871667948175,-2.73475651367183,3.2508093616814118,0.019719089362608456
-7.397441860465117,-3.9246511627906973,-5.151162790697675,0.10035038668668192,0.04541021487426577,0.03841083315732574,-2.907674650384543,3.5667533038695134,-0.03431619444218033
