1619415997771 0.48715983043586186 0
1619416015754 0.5129463274274126 1
1619416033925 0.5174791980732778 2
1619416051851 0.49377845830768635 3
1619416069837 0.5266463728359337 4
1619416087831 0.5158482844700453 5
1619416105736 0.5217369023147774 6
1619416123743 0.5444358795696411 7
1619416141644 0.516045250548158 8
1619416159557 0.5283189703870095 9
1619416177547 0.5419694052348962 10
1619416195499 0.5561863946525513 11
1619416213477 0.554812188071031 12
1619416231439 0.5484051726945727 13
1619416249343 0.5383718190187206 14
1619416267217 0.5313110690272199 15
1619416285113 0.545340647199699 16
1619416302921 0.5243509538223701 17
1619416320647 0.563518449891068 18
1619416338565 0.5679387792954889 19
1619416356452 0.586325115878628 20
1619416374317 0.5979557162511293 21
1619416392123 0.5645020235091306 22
1619416410057 0.5867820419359194 23
1619416427822 0.5891802215762594 24
1619416445646 0.5622764321310365 25
1619416463306 0.561053642005092 26
1619416481181 0.5918465931897269 27
1619416499236 0.5878202023630168 28
1619416517093 0.5999690341339861 29
1619416535047 0.5635314745777901 30
1619416552880 0.6045679044836683 31
1619416570775 0.6115357031709796 32
1619416588798 0.6251576893349894 33
1619416606831 0.5454552990212369 34
1619416624717 0.5445435217337677 35
1619416642648 0.5499161432418198 36
1619416660419 0.558234813412424 37
1619416678341 0.5738502575558161 38
1619416696030 0.5841941763987138 39
1619416713892 0.5376607166805696 40
1619416731682 0.5789316716391059 41
1619416749589 0.5771352926371638 42
1619416767503 0.6244233736061092 43
1619416785307 0.6081917461041139 44
1619416803173 0.5708464374115653 45
1619416821063 0.6069045306083509 46
1619416839008 0.5401441373731412 47
1619416856974 0.5731303424720158 48
1619416874979 0.6236547178568277 49
1619416892984 0.6338026638029478 50
1619416911024 0.6304452427022545 51
1619416929026 0.5881331744696432 52
1619416946912 0.6442119043995523 53
1619416964740 0.6515304244775479 54
1619416982726 0.6285940199945471 55
1619417000651 0.6455182313117142 56
1619417018650 0.6345496252667332 57
1619417036539 0.6185705110362588 58
1619417054520 0.6153667465387385 59
1619417072419 0.573434369657059 60
1619417090497 0.5987194306236526 61
1619417108600 0.6083379073932642 62
1619417126528 0.643866658334862 63
1619417144482 0.6322070785465 64
1619417162443 0.5973877178591255 65
1619417180327 0.614551866557735 66
1619417198298 0.6395506636976775 67
1619417216298 0.6325008475828047 68
1619417234391 0.6442372203446034 69
1619417252384 0.6371663153751287 70
1619417270296 0.6261943790857362 71
1619417288075 0.6172652227982578 72
1619417305932 0.6476176603185703 73
1619417323751 0.6590542901212854 74
1619417341659 0.665796714226671 75
1619417359550 0.6422885753403775 76
1619417377475 0.6577088532427958 77
1619417395298 0.6090337496188272 78
1619417413355 0.6229743161789973 79
1619417431154 0.6478438932887884 80
1619417449052 0.643280841152615 81
1619417467094 0.6535900011843094 82
1619417485037 0.6651447210973496 83
1619417502842 0.6375758205748364 84
1619417520643 0.6359376532196419 85
1619417538581 0.6547537634075478 86
1619417556382 0.6726021591210852 87
1619417574092 0.6708161868689837 88
1619417591961 0.6072704291782145 89
1619417609773 0.632630371901446 90
1619417627472 0.6565580996234921 91
1619417645244 0.6315504396578655 92
1619417663039 0.6616713048275608 93
1619417680756 0.6463603856632026 94
1619417698540 0.6656644206622432 95
1619450837011 0.6565009299427563 96
1619450855233 0.6545968791535837 97
1619450873296 0.6293299052988095 98
1619450891384 0.6526076899969279 99
1619450909227 0.6636029100955485 100
1619450927047 0.6709039210353235 101
1619450944870 0.6765810247278403 102
1619450962639 0.6684104311517943 103
1619450980491 0.6766446088605208 104
1619450998287 0.6713533279707555 105
1619451016604 0.6709580243001803 106
1619451034488 0.6695931683971399 107
1619451052909 0.6767094675282822 108
1619451071410 0.6413363872259268 109
1619451091782 0.6666887655028432 110
1619451112234 0.6677151502208054 111
1619451134635 0.6455123956222762 112
1619451156504 0.6727480185830693 113
1619451176368 0.6702184157989595 114
1619451196272 0.6795096968659539 115
1619451216969 0.648358997117557 116
