1619490854445 0.451625943024417 0
1619490854602 0.4446292361595593 1
1619490854749 0.4485701922138329 2
1619490854908 0.4663202811540449 3
1619490855081 0.5059858365318092 4
1619490855234 0.5155031010959247 5
1619490855381 0.5069504784651555 6
1619490855527 0.5169550743129099 7
1619490855674 0.526831697500989 8
1619490855825 0.520417298426485 9
1619490855991 0.542721174175432 10
1619490856138 0.5425861779480771 11
1619490856284 0.5672873867534381 12
1619490856432 0.569312278207317 13
1619490856584 0.5649669018143718 14
1619490856742 0.5679943900106396 15
1619490856901 0.5638758089166289 16
1619490857055 0.5725649306736973 17
1619490857205 0.5519230058438392 18
1619490857352 0.5750659855646885 19
1619490857502 0.5734841770255438 20
1619490857665 0.5838876216078204 21
1619490857826 0.572155109917413 22
1619490857976 0.5810565878244931 23
1619490858124 0.5907178627419827 24
1619490858271 0.5820062844114783 25
1619490858418 0.5837410988226331 26
1619490858573 0.5808558178924305 27
1619490858720 0.6072705249562548 28
1619490858881 0.5915270646008685 29
1619490859032 0.6033662774324029 30
1619490859179 0.5927741512822627 31
1619490859327 0.6010191060044479 32
1619490859474 0.599641913800336 33
1619490859634 0.5894599538166448 34
1619490859793 0.6093090573276349 35
1619490859958 0.5855236812739552 36
1619490860105 0.6115768175518418 37
1619490860251 0.5836837652389423 38
1619490860399 0.6039386230805631 39
1619490860559 0.5561703106318243 40
1619490860717 0.5853121325325111 41
1619490860873 0.5874787698919799 42
1619490861021 0.5917065657429109 43
1619490861169 0.5873524240036518 44
1619490861332 0.5967632497068392 45
1619490861483 0.5992139960067557 46
1619490861631 0.6036101574985689 47
1619490861781 0.6103013868371294 48
1619490861936 0.6037676062880422 49
1619490862094 0.6265068406584985 50
1619490862254 0.612695698716048 51
1619490862416 0.6004485460444626 52
1619490862565 0.6121306407966133 53
1619490862715 0.6077321247549154 54
1619490862869 0.5821056420225329 55
1619490863020 0.6213463629232334 56
1619490863173 0.6135550306398351 57
1619490863334 0.6257913822265712 58
1619490863488 0.5923359524293964 59
1619490863634 0.624552139425594 60
1619490863783 0.6272237257084606 61
1619490863936 0.6263510819373712 62
1619490864086 0.6334738570758219 63
1619490864251 0.6374232192762567 64
1619490864398 0.6287307589795491 65
1619490864548 0.6184302503256089 66
1619490864706 0.6231053868467279 67
1619490864879 0.6372178042417573 68
1619490865057 0.6294603553648714 69
1619490865207 0.6407736207771545 70
1619490865355 0.6507892244677036 71
1619490865503 0.6525779937057231 72
1619490865669 0.6523489183072381 73
1619490865820 0.6675146862087886 74
1619490865969 0.6575744876394498 75
1619490866118 0.6370855196339688 76
1619490866266 0.6577945925319622 77
1619490866425 0.650413041182899 78
1619490866604 0.664290338598639 79
1619490866754 0.6697857914732578 80
1619490866909 0.6702142044340194 81
1619490867062 0.6435108307060834 82
1619490867210 0.661072006793203 83
1619490867358 0.6341268252555355 84
1619490867507 0.6551720141019306 85
1619490867655 0.6387738282629755 86
1619490867806 0.6412349106191813 87
1619490867956 0.66255710558275 88
1619490868107 0.6678673339381003 89
1619490868255 0.6655725849616411 90
1619490868403 0.6668589567586176 91
1619490868551 0.6618676652473979 92
1619490868701 0.6599359823838951 93
1619490868860 0.6485071462696516 94
1619490869008 0.6615784800589334 95
1619490869157 0.6556002409680604 96
1619490869306 0.6565547641618078 97
1619490869458 0.656998330390054 98
1619490869606 0.6719320943677021 99
