1617073695583 0.47633135318756104 0
1617073695686 0.548066345608849 0
1617073695808 0.5463770778995811 0
1617073695862 0.5254442517353687 0
1617073695946 0.5194041669847846 0
1617073696057 0.5072878150057045 0
1617073696168 0.4921800112754336 0
1617073696281 0.47782196007815164 0
1617073696379 0.4836745686724913 0
1617073696476 0.48428134128391626 0
1617073703814 0.5 1
1617073703910 0.5664092906397329 1
1617073704032 0.5663012758664349 1
1617073704081 0.5376986247587532 1
1617073704162 0.5364548374603036 1
1617073704275 0.5346556547678603 1
1617073704384 0.5389442313842829 1
1617073704499 0.5404893182426549 1
1617073704600 0.5520313526175294 1
1617073704705 0.561353892690705 1
1617073713702 0.5680473446846008 2
1617073713800 0.63867742794921 2
1617073713917 0.6452700827526403 2
1617073713970 0.6282079726525793 2
1617073714048 0.6317248087775154 2
1617073714159 0.6454752875815482 2
1617073714271 0.6501893739711698 2
1617073714383 0.6447150036459058 2
1617073714480 0.6571154358657391 2
1617073714580 0.6638448045986853 2
1617073724756 0.7307692170143127 3
1617073724860 0.7608787932065936 3
1617073724981 0.7718474209381669 3
1617073725033 0.7463949553480955 3
1617073725116 0.7351604829228269 3
1617073725233 0.7461722486695901 3
1617073725342 0.7517935816772545 3
1617073725463 0.7566807053582698 3
1617073725566 0.7608024172187777 3
1617073725675 0.7691882452412346 3
1617073734022 0.7189348936080933 4
1617073734133 0.782958755867458 4
1617073734294 0.7805431960698437 4
1617073734360 0.7651503003434676 4
1617073734466 0.7652744319389282 4
1617073734615 0.7680044733392618 4
1617073734748 0.7741901094908424 4
1617073734882 0.781828280582005 4
1617073734983 0.7766637224659656 4
1617073735090 0.7814068992025244 4
1617073745201 0.7485207319259644 5
1617073745313 0.7886991725098628 5
1617073745455 0.7980231250289316 5
1617073745511 0.7773305157638524 5
1617073745603 0.779843311752766 5
1617073745723 0.7845698257211337 5
1617073745864 0.7894135050038955 5
1617073745998 0.7989913044623017 5
1617073746112 0.7961253564818297 5
1617073746232 0.8065528238360774 5
1617073755744 0.7633135914802551 6
1617073755855 0.8212582086940948 6
1617073755984 0.8224340256705296 6
1617073756043 0.7920603086664693 6
1617073756133 0.7916023901204015 6
1617073756261 0.7982969028947914 6
1617073756387 0.8056569079510636 6
1617073756521 0.8136407417189738 6
1617073756634 0.815074215411893 6
1617073756743 0.8265404152352408 6
1617073765871 0.7573964595794678 7
1617073765967 0.8213601818042636 7
1617073766090 0.8264137107111952 7
1617073766140 0.8055416771285321 7
1617073766221 0.8053930636453158 7
1617073766333 0.8059714082551531 7
1617073766443 0.8140463848561009 7
1617073766558 0.8222645449815527 7
1617073766657 0.818616414051609 7
1617073766768 0.8264989142193911 7
1617073775381 0.7455621361732483 8
1617073775482 0.8293769964494099 8
1617073775606 0.8287674567716963 8
1617073775658 0.8099269401017807 8
1617073775738 0.8070769619236124 8
1617073775853 0.8078665586856821 8
1617073775965 0.8148186650098524 8
1617073776082 0.8254958732014926 8
1617073776182 0.8173481052184833 8
1617073776320 0.8238897887322006 8
