1617120481155 0.487478111232825 0
1617120481651 0.4879401081346804 1
1617120482150 0.4883162273120278 2
1617120482614 0.5148487283231029 3
1617120483096 0.5085654585850262 4
1617120483599 0.5124428978011427 5
1617120484107 0.5152686797133836 6
1617120484604 0.5489821740794488 7
1617120485216 0.5135498407774708 8
1617120485734 0.5327851916919122 9
1617120486241 0.531454174508673 10
1617120486741 0.5447313899861707 11
1617120487231 0.531409945279327 12
1617120487760 0.5359738904488225 13
1617120488371 0.5348289957639676 14
1617120488861 0.5364403065922279 15
1617120489315 0.5557457796937272 16
1617120489771 0.5658681699391758 17
1617120490247 0.5509292871508518 18
1617120490727 0.5644707180376609 19
1617120491199 0.5548803434680747 20
1617120491686 0.5500251017922184 21
1617120492183 0.538408642888209 22
1617120492649 0.541877286242881 23
1617120493115 0.5729621516423942 24
1617120493594 0.5509043775895766 25
1617120494075 0.5785042343189744 26
1617120494548 0.5734204922211769 27
1617120495008 0.5738749761816105 28
1617120495478 0.5740628935779174 29
1617120495969 0.5526815907551033 30
1617120496447 0.5636267555708422 31
1617120496907 0.5850960758964298 32
1617120497367 0.5865278934713904 33
1617120497848 0.562113233764067 34
1617120498314 0.5899524331347836 35
1617120498766 0.5918129058906939 36
1617120499236 0.5948869738323712 37
1617120499735 0.5768782592078056 38
1617120500255 0.5972158070041877 39
1617120500835 0.6143701009878032 40
1617120501399 0.561514333315171 41
1617120501903 0.5645476306248544 42
1617120502390 0.545046847724936 43
1617120502845 0.5702045823923222 44
1617120503313 0.5531905127600301 45
1617120503773 0.5961386677769216 46
1617120504268 0.6062546165296543 47
1617120504753 0.5962027014885329 48
1617120505213 0.6125127258102621 49
1617120505706 0.6065195346523098 50
1617120506178 0.6059767212980924 51
1617120506647 0.5928505250226306 52
1617120507165 0.6111268898379135 53
1617120507750 0.6089792552777097 54
1617120508289 0.6155092477769671 55
1617120508881 0.6104763146935084 56
1617120509412 0.6137649839743458 57
1617120509912 0.5537776616732291 58
1617120510374 0.5749466777919259 59
1617120510846 0.5961161837066089 60
1617120511325 0.5966916244765967 61
1617120511780 0.6058043245922259 62
1617120512247 0.614341241617312 63
1617120512712 0.6026637666965926 64
1617120513167 0.5824899448268476 65
1617120513686 0.5902286411645808 66
1617120514174 0.6238436492793868 67
1617120514703 0.6255933361268327 68
1617120515250 0.6227261077262011 69
1617120515826 0.6213787676668319 70
1617120516347 0.6214104165743883 71
1617120516825 0.6244091635008 72
1617120517295 0.6333842623075036 73
1617120517784 0.6034547237814575 74
1617120518276 0.5986312442093372 75
1617120518763 0.6426883284131072 76
1617120519235 0.645822122869918 77
1617120519730 0.6438158999274045 78
1617120520266 0.6512887515754882 79
1617120520808 0.6478427683699618 80
1617120521286 0.6355135645434619 81
1617120521777 0.6319304595138696 82
1617120522351 0.6167611872636989 83
1617120522894 0.6324319484191987 84
1617120523515 0.6004938426829326 85
1617120524076 0.5653600582368148 86
1617120524639 0.5887826890680808 87
1617120525177 0.6159218247294047 88
1617120525761 0.6199406024079904 89
1617120526224 0.6380634627086729 90
1617120526715 0.6310782572046322 91
1617120527213 0.6321022093271373 92
1617120527711 0.6439784626226349 93
1617120528239 0.6289065031552229 94
1617120528719 0.6417417589255272 95
1617120529175 0.6279534848950332 96
1617120529644 0.6234440936971988 97
1617120530148 0.6438112608531118 98
1617120530618 0.645328299854215 99
1617120531078 0.6366534432981872 100
1617120531539 0.6163291975674858 101
1617120532010 0.6395812758524511 102
1617120532480 0.6414461125890392 103
1617120532971 0.6350376208678089 104
1617120533464 0.6551561536765579 105
1617120533976 0.6420376060698659 106
1617120534471 0.6542573047381819 107
1617120535015 0.6531554580561502 108
1617120535516 0.6492183816449816 109
1617120535999 0.6543382868693081 110
1617120536477 0.6298407666948646 111
1617120536937 0.6521142240847108 112
1617120537420 0.6394462730255356 113
1617120537928 0.6584662352432837 114
1617120538404 0.6105707392143819 115
1617120538879 0.6086660123263361 116
1617120539357 0.6174657960503824 117
1617120539833 0.6218000061629048 118
1617120540384 0.6454828065335997 119
1617120540950 0.6511567949759279 120
1617120541563 0.6350200835460134 121
1617120542039 0.6358440682968562 122
1617120542535 0.6518060487671646 123
1617120543014 0.6652007067060391 124
1617120543501 0.6303101643558007 125
1617120543962 0.6513340767414373 126
1617120544440 0.6325809720799783 127
1617120544908 0.6378083386590327 128
1617120545372 0.6485923429261641 129
1617120545841 0.621011962213924 130
1617120546333 0.6536947227263858 131
1617120546803 0.6501249272068857 132
1617120547291 0.6520638420474553 133
1617120547780 0.6423901702068374 134
1617120548283 0.6522631955482405 135
1617120548744 0.6330931143767837 136
1617120549208 0.6536112249621429 137
1617120549688 0.6100957836105436 138
1617120550157 0.6473618267592954 139
1617120550610 0.6564237452876887 140
1617120551059 0.6205156295309154 141
1617120551553 0.6520703147038748 142
1617120552025 0.6577377179537298 143
1617120552494 0.6530643798947631 144
1617120552949 0.6664083926981403 145
1617120553418 0.642473782677735 146
1617120553900 0.6623755773514501 147
1617120554372 0.6519154113751566 148
1617120554825 0.6597173414032432 149
1617120555285 0.6615798307812546 150
1617120555776 0.6489194726420805 151
1617120556258 0.6463031280758037 152
1617120556764 0.6641296158274037 153
1617120557382 0.6584561568163818 154
1617120557920 0.6572273373459868 155
1617120558417 0.6378709958013319 156
1617120558986 0.6507443361644452 157
1617120559463 0.6574137064137578 158
1617120559933 0.6472147279312326 159
1617120560463 0.6476777724925816 160
1617120560968 0.6452782832501492 161
1617120561436 0.6517621660648772 162
1617120561938 0.6582024479729593 163
1617120562422 0.6446599304663717 164
1617120562881 0.5953783786308361 165
1617120563345 0.6164560062106953 166
1617120563806 0.6199959600223482 167
1617120564252 0.6410036847126968 168
1617120564717 0.6304712897624688 169
1617120565193 0.6415803902758079 170
1617120565640 0.6507253263278328 171
1617120566107 0.658047825680018 172
1617120566558 0.6609043413302762 173
1617120567030 0.6575655263105447 174
1617120567506 0.65815694541101 175
1617120567990 0.6640427234425026 176
1617120568463 0.6664817822845707 177
1617120568913 0.6473704481545219 178
1617120569388 0.6542883346809921 179
1617120569853 0.6656917440230729 180
1617120570326 0.6668112673895681 181
1617120570777 0.6608558991400043 182
1617120571287 0.6561367030885547 183
1617120571951 0.6642538044841257 184
1617120572441 0.651490792381214 185
1617120572923 0.6586739830826976 186
1617120573432 0.6543174136266536 187
1617120573896 0.6488549298623008 188
1617120574354 0.6494568902839787 189
1617120574845 0.6404257364388068 190
1617120575313 0.660222106041778 191
1617120575922 0.6427882223552247 192
1617120576420 0.6586102468123299 193
1617120577048 0.6614946061932938 194
1617120577669 0.6602690267835966 195
1617120578281 0.6624648624626504 196
1617120578780 0.65755820504883 197
1617120579298 0.6654672337716007 198
1617120579921 0.6677623433535217 199
1617120580443 0.6588099341682232 200
1617120580906 0.670990900161465 201
1617120581379 0.666020551715442 202
1617120581845 0.651671329296749 203
1617120582378 0.6642752564063626 204
1617120583086 0.6632570778463152 205
1617120583581 0.6440078958348694 206
1617120584067 0.6552717218243908 207
1617120584572 0.6575610677961269 208
1617120585086 0.6739801611816096 209
1617120585553 0.6605494776722676 210
1617120586094 0.6536846519927277 211
1617120586637 0.6628993818818651 212
1617120587092 0.6740834810150252 213
1617120587557 0.6488861900811083 214
1617120588069 0.6732637996592806 215
1617120588572 0.666151681833181 216
1617120589146 0.6618798509190795 217
1617120589725 0.6455800953934757 218
1617120590254 0.6631677728264561 219
1617120590767 0.6644257513234012 220
1617120591430 0.6658463401957964 221
1617120591917 0.6612762040462475 222
1617120592396 0.6708713733451557 223
1617120592917 0.6717107666791587 224
1617120593542 0.6457837682804481 225
1617120594085 0.6707586960513849 226
1617120594736 0.6619763869340829 227
1617120595230 0.6710760847161792 228
1617120595694 0.6714552747501611 229
1617120596165 0.6747575378774971 230
1617120596666 0.6671590095181805 231
1617120597115 0.6678481475999433 232
1617120597590 0.667755708787328 233
1617120598068 0.6698702106300125 234
1617120598540 0.6710101710994896 235
1617120599021 0.6657914670254689 236
1617120599511 0.6678390575584673 237
1617120600005 0.6624486631380403 238
1617120600489 0.6619641443942254 239
1617120600982 0.6634262016949455 240
1617120601555 0.6678251920814445 241
1617120602176 0.6491822580684294 242
1617120602653 0.6725998901359258 243
1617120603135 0.6684653582043685 244
1617120603607 0.6710737763646719 245
1617120604084 0.6559307518158866 246
1617120604541 0.6653150459317058 247
1617120605016 0.6407263369198961 248
1617120605482 0.6657733084469943 249
1617120605948 0.6509265259459405 250
1617120606440 0.6373349667467401 251
1617120606908 0.6634332296427462 252
1617120607396 0.6565894578562202 253
1617120607859 0.6729425353599852 254
1617120608334 0.657650037503871 255
1617120608808 0.671182197489085 256
1617120609271 0.6516438608887839 257
1617120609738 0.6483814096561032 258
1617120610206 0.6608664793037691 259
1617120610686 0.6648923975659476 260
1617120611234 0.6647146589953268 261
1617120611836 0.6683695552479388 262
1617120612341 0.669748169934753 263
1617120612924 0.6637912294419964 264
1617120613508 0.6660166807840814 265
1617120614080 0.6446863173772182 266
1617120614549 0.6682555045405048 267
1617120614993 0.6717839156280819 268
1617120615472 0.6600614987681855 269
1617120615946 0.6568146875061829 270
1617120616416 0.6612866900937353 271
1617120616893 0.6680319760176743 272
1617120617363 0.666012325182479 273
1617120617844 0.6597562610728781 274
1617120618332 0.6710956378837597 275
1617120618798 0.6740528271321989 276
1617120619302 0.6734276970500384 277
1617120619991 0.6687718866947702 278
1617120620541 0.6626991185794343 279
1617120621133 0.6635912968894082 280
1617120621611 0.6608563467856109 281
1617120622085 0.6574961431375894 282
1617120622557 0.6712623220240415 283
1617120623020 0.6725169495138844 284
1617120623485 0.6649240908037389 285
1617120623936 0.6739863399585867 286
1617120624396 0.6738590375103083 287
1617120624870 0.6762926830151053 288
1617120625382 0.6658396118937722 289
1617120625882 0.6726636172488452 290
1617120626359 0.6702521376449563 291
1617120626811 0.6682977545723677 292
1617120627514 0.6539931820580602 293
1617120628038 0.6653374274367461 294
1617120628662 0.6692601497635439 295
1617120629189 0.6724632793172203 296
1617120629809 0.6704321950303893 297
1617120630398 0.6694889304048444 298
1617120630923 0.6644367207825727 299
1617120631412 0.6748094451676704 300
1617120631883 0.6433593994579755 301
1617120632346 0.6686612990657302 302
1617120632812 0.6475410707739138 303
1617120633305 0.6650089625944724 304
1617120633828 0.6705593109344732 305
1617120634360 0.6655747332429478 306
1617120634999 0.6768983389329851 307
1617120635512 0.6606976728872999 308
1617120636040 0.6631329827269746 309
1617120636513 0.6650499326235808 310
1617120636983 0.6639873309628002 311
1617120637459 0.6675973471985185 312
1617120637995 0.6667906248455149 313
1617120638558 0.6710100909856976 314
1617120639049 0.6714414421827827 315
1617120639537 0.6749033970548045 316
1617120640026 0.6555607679160942 317
1617120640497 0.673070317129634 318
1617120641072 0.6689941524069117 319
1617120641585 0.6662335017155686 320
1617120642066 0.6685022379552137 321
1617120642540 0.6674608640987637 322
1617120643034 0.6699254930064621 323
1617120643489 0.6670299225746187 324
1617120643981 0.6661479101181359 325
1617120644446 0.6671865964434339 326
1617120644921 0.6742318792897398 327
1617120645380 0.6728004338808425 328
1617120645854 0.6777303384983536 329
1617120646324 0.6700882861895059 330
1617120646793 0.6807299544826549 331
1617120647277 0.6599317585672589 332
1617120647724 0.6697736073644195 333
1617120648196 0.6748830818242373 334
1617120648692 0.6588125597647531 335
1617120649228 0.6821290982335502 336
1617120650037 0.6726060255502359 337
1617120650646 0.6742968965972651 338
1617120651193 0.6658159582385973 339
1617120651825 0.6644922723773103 340
1617120652366 0.650889022581705 341
1617120653113 0.6688726646895077 342
1617120653613 0.6623097348258027 343
1617120654080 0.6724646269139946 344
1617120654544 0.6860006586510997 345
1617120655027 0.6655866825408676 346
1617120655495 0.6719604657395848 347
1617120655970 0.669604551519046 348
1617120656437 0.6721686019202046 349
1617120656901 0.6773860525610267 350
1617120657371 0.6690485304005068 351
1617120657843 0.6507646404360988 352
1617120658307 0.6786270935459588 353
1617120658807 0.6620638454191565 354
1617120659307 0.6643035783417772 355
1617120659878 0.650192227510706 356
1617120660376 0.680149849198847 357
1617120660853 0.6724732531090155 358
1617120661341 0.6703723033192471 359
1617120661801 0.6665419901590337 360
1617120662336 0.6617487472433956 361
1617120662867 0.643142762822964 362
1617120663351 0.6748330819299956 363
1617120663798 0.6722834608624266 364
1617120664270 0.6752935186657759 365
1617120664733 0.673620226285815 366
1617120665199 0.678687583571832 367
1617120665663 0.6728785683190398 368
1617120666146 0.6610798854303729 369
1617120666607 0.6826403503885362 370
1617120667074 0.6670978750355938 371
1617120667543 0.6773098431714754 372
1617120668008 0.6814742709638301 373
1617120668475 0.6751612937137004 374
1617120668925 0.6682896733308674 375
1617120669382 0.6598484169711337 376
1617120669861 0.6753416025454321 377
1617120670330 0.680686596506477 378
1617120670841 0.6830135054769122 379
1617120671313 0.6574921759759034 380
1617120671800 0.6698701712445531 381
1617120672282 0.6735510380371579 382
1617120672781 0.6709816290192633 383
1617120673245 0.682731513539599 384
1617120673732 0.6621165418662717 385
1617120674188 0.6690383164668129 386
1617120674643 0.6801404219111487 387
1617120675112 0.6688175312691454 388
1617120675573 0.6821836424123146 389
1617120676021 0.667194754144384 390
1617120676501 0.6785064477852916 391
1617120676982 0.6780967507578213 392
1617120677455 0.6781488507142918 393
1617120677984 0.6777784507387487 394
1617120678664 0.681448792242359 395
1617120679216 0.6898917265209643 396
1617120679945 0.6689716687664007 397
1617120680550 0.687462627439416 398
1617120681325 0.6884911811416761 399
1617120681850 0.6786032820086008 400
1617120682512 0.6821776858489552 401
1617120683070 0.6723172948804969 402
1617120683548 0.6792041317899353 403
1617120684030 0.684698508066834 404
1617120684482 0.6834548486470189 405
1617120684978 0.6817113616923551 406
1617120685445 0.6810998700943699 407
1617120685928 0.6782879355678958 408
1617120686428 0.6738971791916745 409
1617120686910 0.6915975009049298 410
1617120687374 0.6799039848307171 411
1617120687891 0.6865532744306739 412
1617120688413 0.6907983281987167 413
1617120688880 0.6760906585356724 414
1617120689327 0.685426118151032 415
1617120689938 0.684886910523083 416
1617120690468 0.671273284638262 417
1617120691386 0.6851874396817775 418
1617120691924 0.6726292173444748 419
1617120692555 0.6683374160714087 420
1617120693141 0.6843729138542959 421
1617120693794 0.6853258483257868 422
1617120694348 0.6727801917494577 423
1617120694981 0.6696532443021826 424
1617120695470 0.6795321452088722 425
1617120695958 0.6416769075903269 426
1617120696444 0.6765029729543686 427
1617120696912 0.6780571035286059 428
1617120697368 0.6869229629076452 429
1617120697852 0.6784419586361194 430
1617120698299 0.6846688635649354 431
1617120698756 0.6792259878737802 432
1617120699237 0.6860744120224616 433
1617120699730 0.6926708105306845 434
1617120700196 0.6779317530069995 435
1617120700651 0.6796610902294644 436
1617120701141 0.6674413130051304 437
1617120701622 0.6858337810486679 438
1617120702092 0.6862224234633606 439
1617120702572 0.6818295809965486 440
1617120703078 0.6759590898721941 441
1617120703560 0.6873933818605668 442
1617120704029 0.6847257889126533 443
1617120704638 0.6843593044588488 444
1617120705130 0.6684053151989359 445
1617120705737 0.6792544568651064 446
1617120706399 0.6923221179810868 447
1617120706925 0.6948548093409358 448
1617120707411 0.6867787285573963 449
1617120707880 0.6932656297014459 450
1617120708368 0.693523631363556 451
1617120708820 0.6790529337667676 452
1617120709265 0.6939795725242953 453
1617120709720 0.6898222478415602 454
1617120710192 0.6791380874230623 455
1617120710653 0.6877338850108293 456
1617120711091 0.6660354774370234 457
1617120711540 0.6771842617291691 458
1617120712013 0.6783715977651982 459
1617120712471 0.6915207902185995 460
1617120712918 0.6871769221948386 461
1617120713404 0.6901446077895533 462
1617120713910 0.6941117951340547 463
1617120714437 0.6943080609686428 464
1617120714930 0.6790344962840444 465
1617120715464 0.6939919979601745 466
1617120716028 0.6851420905271387 467
1617120716505 0.6846850826048962 468
1617120716978 0.6583390286716183 469
1617120717450 0.6805308840628029 470
1617120717899 0.6922291493546624 471
1617120718363 0.6930538915013398 472
1617120718853 0.6983946573967076 473
1617120719360 0.6897900527681957 474
1617120719872 0.6807380557891054 475
1617120720389 0.6881251236454183 476
1617120720877 0.6901475709325497 477
1617120721357 0.6794932426140844 478
1617120721808 0.6912187618418619 479
1617120722276 0.6848766865229824 480
1617120722737 0.6848308569426501 481
1617120723225 0.6740023590667519 482
1617120723703 0.694709428485556 483
1617120724182 0.6944158320293846 484
1617120724675 0.6809809197777876 485
1617120725157 0.6803726928440734 486
1617120725678 0.6676038434467295 487
1617120726187 0.679444981726072 488
1617120726713 0.6857408683704895 489
1617120727187 0.6808759395671654 490
1617120727652 0.6924700919737186 491
1617120728149 0.6912361755144554 492
1617120728637 0.6900663990594227 493
1617120729113 0.6911974263321192 494
1617120729587 0.6935879885553985 495
1617120730068 0.6828731417207635 496
1617120730550 0.6944741917670744 497
1617120731018 0.6858401074326897 498
1617120731498 0.689734992627985 499
