1617117530566 0.3203116353276553 0
1617117531517 0.459259460157587 1
1617117532437 0.4319541334731619 2
1617117533354 0.4819757390639835 3
1617117534299 0.47486355375131456 4
1617117535275 0.47812026384277073 5
1617117536192 0.48999037568411413 6
1617117537168 0.3710642897006224 7
1617117538458 0.5364909900088617 8
1617117539394 0.5394580452603972 9
1617117540362 0.5457726306411285 10
1617117541442 0.5459808005164489 11
1617117542640 0.4900911029072475 12
1617117543982 0.5502931266434937 13
1617117545136 0.5621208203131327 14
1617117546134 0.3842068628083864 15
1617117547105 0.500482445488664 16
1617117548530 0.5482909006300286 17
1617117549868 0.5914647474416113 18
1617117551039 0.47930917150196767 19
1617117552125 0.5707742427857482 20
1617117553180 0.5273905822448381 21
1617117554261 0.5808483425002384 22
1617117555210 0.5810773712450501 23
1617117556175 0.5894761598979262 24
1617117557135 0.6060809961281328 25
1617117558137 0.5949069054238447 26
1617117559213 0.5427210769628149 27
1617117560203 0.5835730734818751 28
1617117561238 0.5967186980778231 29
1617117562163 0.5952128051833375 30
1617117563080 0.5685124639241761 31
1617117564024 0.6003844057644989 32
1617117565017 0.5355095484880348 33
1617117565921 0.6070570927930741 34
1617117566815 0.5618390613653254 35
1617117567747 0.577437038020044 36
1617117568644 0.6026853687070021 37
1617117569560 0.6088572285602575 38
1617117570493 0.6196441948177355 39
1617117571395 0.6097770706035059 40
1617117572343 0.6083803114250175 41
1617117573260 0.5921238784467749 42
1617117574169 0.5992915393384145 43
1617117575055 0.6300071787028444 44
1617117575962 0.6187256650966799 45
1617117576873 0.6057495463175765 46
1617117577783 0.5905593894031326 47
1617117578696 0.5783873794149487 48
1617117579620 0.593782488816052 49
1617117580534 0.6287643690841602 50
1617117581454 0.640380165566159 51
1617117582351 0.5737080545779786 52
1617117583242 0.6074855948720984 53
1617117584180 0.6161780349227512 54
1617117585077 0.6070784263831046 55
1617117585975 0.5965366531220007 56
1617117586894 0.6211148476289298 57
1617117587794 0.6059223497720868 58
1617117588713 0.5932314575403279 59
1617117589600 0.6102287641991462 60
1617117590549 0.6199648629513081 61
1617117591482 0.6177144757992008 62
1617117592402 0.6021693462288465 63
1617117593311 0.5761651180102586 64
1617117594236 0.5950153083454385 65
1617117595134 0.6288999412594383 66
1617117596060 0.6239397031278973 67
1617117596983 0.6493633553846383 68
1617117597895 0.624629768536519 69
1617117598819 0.5934147246124384 70
1617117599722 0.6145362171390473 71
1617117600644 0.630715985630523 72
1617117601566 0.6198638213411274 73
1617117602479 0.6042289639700522 74
1617117603417 0.6189595636287809 75
1617117604328 0.6331207456014251 76
1617117605262 0.6436909940407367 77
1617117606183 0.6014156482400171 78
1617117607098 0.5642419595069815 79
1617117608010 0.6344684098196596 80
1617117608905 0.6152772458001309 81
1617117609779 0.6183719663347883 82
1617117610710 0.6231340883726939 83
1617117611605 0.6361450109823102 84
1617117612542 0.6124613843045937 85
1617117613429 0.643979174162336 86
1617117614332 0.5410352086125488 87
1617117615257 0.5800073110451446 88
1617117616187 0.6181383864687288 89
1617117617099 0.6026448172830989 90
1617117618022 0.5553560551526366 91
1617117618930 0.6025205108247391 92
1617117619818 0.6304724017199794 93
1617117620748 0.6455243986501997 94
1617117621640 0.6495050580119711 95
1617117622545 0.6257005485359259 96
1617117623490 0.6554481886181257 97
1617117624393 0.6149998964516129 98
1617117625296 0.5862271813693756 99
1617117626213 0.6518917676897346 100
1617117627120 0.6402103525398517 101
1617117628021 0.6187986736598428 102
1617117628933 0.6417739244094136 103
1617117629859 0.6422870745427398 104
1617117630770 0.6512288946823919 105
1617117631695 0.6151721539212842 106
1617117632592 0.6356219625696354 107
1617117633527 0.6245093176148064 108
1617117634444 0.6202354972969752 109
1617117635350 0.653395784804415 110
1617117636276 0.6533263955545991 111
1617117637198 0.6145816723775739 112
1617117638121 0.6332249193920916 113
1617117639009 0.6452920528084015 114
1617117639942 0.6480990039956379 115
1617117640845 0.6216218553734375 116
1617117641782 0.6336799694537261 117
1617117642665 0.6526317985827608 118
1617117643601 0.6559822175146927 119
1617117644509 0.6561898188740056 120
1617117645427 0.6554709956473551 121
1617117646356 0.6583522483233487 122
1617117647263 0.6285948570701518 123
1617117648194 0.6543431308119461 124
1617117649093 0.6416995535457362 125
1617117650019 0.6543690877031662 126
1617117650956 0.6337829953799368 127
1617117651872 0.6513608970733068 128
1617117652801 0.6531178824441096 129
1617117653710 0.6402774573517889 130
1617117654634 0.6322681099020115 131
1617117655558 0.639291048975337 132
1617117656452 0.6613547301735794 133
1617117657392 0.6460558520642855 134
1617117658315 0.618430456266387 135
1617117659246 0.6524777106885221 136
1617117660150 0.6552351457428001 137
1617117661082 0.6444695167924172 138
1617117661973 0.6579890646741695 139
1617117662921 0.6642255267051745 140
1617117663815 0.6325798529453972 141
1617117664750 0.6569649882073761 142
1617117665662 0.6539629637977052 143
1617117666598 0.649337521330316 144
1617117667506 0.6423570946714445 145
1617117668447 0.6391463967982557 146
1617117669363 0.6536960745224661 147
1617117670271 0.6417093908662563 148
1617117671165 0.6467358929706877 149
1617117672177 0.6659202751943396 150
1617117673096 0.6672398681461137 151
1617117673995 0.646587260314239 152
1617117674887 0.655569737592546 153
1617117675793 0.6611917360963132 154
1617117676692 0.649797353908942 155
1617117677621 0.653959890323188 156
1617117678550 0.6507794225175605 157
1617117679459 0.6481944565866127 158
1617117680360 0.6441325753343194 159
1617117681246 0.6393051686399291 160
1617117682193 0.6404959042156858 161
1617117683113 0.6500484055736399 162
1617117684020 0.6487045258421399 163
1617117684931 0.6731819216138317 164
1617117685828 0.6667266280968447 165
1617117686740 0.6633325805082987 166
1617117687664 0.6604985601268452 167
1617117688578 0.6647651051408903 168
1617117689484 0.6523483108329141 169
1617117690455 0.6719272502801085 170
1617117691356 0.6437550470450949 171
1617117692323 0.6485340264719673 172
1617117693249 0.6583515805164787 173
1617117694180 0.6439149681804689 174
1617117695103 0.6452275823669114 175
1617117696028 0.6668148584480842 176
1617117696921 0.667448039076916 177
1617117697911 0.6688527937669008 178
1617117698902 0.6731628083307507 179
1617117699872 0.6638662739292613 180
1617117700813 0.6654869667484455 181
1617117701783 0.64447214378426 182
1617117702686 0.6636378753240385 183
1617117703621 0.6730946941090953 184
1617117704546 0.6673688082620316 185
1617117705455 0.6520941588547459 186
1617117706366 0.670120930193769 187
1617117707310 0.6576811119280663 188
1617117708222 0.6533110141168057 189
1617117709112 0.6731606530791121 190
1617117710048 0.6736452852370921 191
1617117710935 0.6392431758085059 192
1617117711847 0.6707405714416352 193
1617117712749 0.6480094008630987 194
1617117713690 0.6570484615469584 195
1617117714631 0.6636085186565972 196
1617117715543 0.6600877364864509 197
1617117716437 0.6630985845592908 198
1617117717346 0.6305570365296044 199
1617117718249 0.6487030374112953 200
1617117719151 0.64394061978091 201
1617117720089 0.66031119124586 202
1617117721014 0.6667084397088501 203
1617117721951 0.6603736666920861 204
1617117722883 0.6385593625855419 205
1617117723798 0.6714883707638541 206
1617117724732 0.67351475813414 207
1617117725644 0.6682322877828106 208
1617117726583 0.6661679915797963 209
1617117727489 0.6599416281270152 210
1617117728417 0.673912447563874 211
1617117729332 0.6752445248179004 212
1617117730245 0.6680866623764666 213
1617117731192 0.6743863737475402 214
1617117732123 0.6623776155037344 215
1617117733046 0.6729018800012025 216
1617117733954 0.6535957744064875 217
1617117734843 0.6767093170122682 218
1617117735780 0.6665739851607626 219
1617117736698 0.6617289198613401 220
1617117737573 0.6652345452997489 221
1617117738480 0.6645330922596369 222
1617117739396 0.6452559574455509 223
1617117740340 0.6468760099548876 224
1617117741273 0.6516248271107805 225
1617117742203 0.6380976217493246 226
1617117743111 0.6571025226800902 227
1617117744029 0.6551457751411744 228
1617117744957 0.6627260035769142 229
1617117745886 0.6720094391235554 230
1617117746784 0.66821136008799 231
1617117747715 0.6730907996702582 232
1617117748620 0.6697550303689064 233
1617117749527 0.6743087836911656 234
1617117750433 0.6616348223855836 235
1617117751345 0.6698261714058952 236
1617117752252 0.6691824722168296 237
1617117753170 0.6655467887823666 238
1617117754096 0.6729590631270816 239
1617117755013 0.6537176156069506 240
1617117755914 0.6710438786407152 241
1617117756833 0.6804494778902005 242
1617117757733 0.6323574330928146 243
1617117758630 0.6467814339402463 244
1617117759542 0.6673241682245755 245
1617117760434 0.6668563509679223 246
1617117761343 0.6482127687872986 247
1617117762260 0.6429492546502 248
1617117763167 0.681695890616242 249
1617117764076 0.6482881834736162 250
1617117764964 0.6728834222848988 251
1617117765872 0.6702181053176428 252
1617117766765 0.6709506775862006 253
1617117767658 0.6487122055738466 254
1617117768564 0.6734775872276431 255
1617117769499 0.6750513207606442 256
1617117770403 0.6746791211809534 257
1617117771316 0.675202360228136 258
1617117772221 0.6731072679458157 259
1617117773097 0.6806711214079141 260
1617117774010 0.6725621281010223 261
1617117774899 0.6719616298028326 262
1617117775855 0.6623453873623777 263
1617117776752 0.6684310476473277 264
1617117777657 0.6675563052177363 265
1617117778554 0.6756395193635841 266
1617117779467 0.675103920043798 267
1617117780439 0.6799644243662081 268
1617117781613 0.6806042415045949 269
1617117782729 0.6786441012493096 270
1617117783691 0.679687538754124 271
1617117784611 0.6556730569056753 272
1617117785550 0.6671435675534167 273
1617117786491 0.6702293623305637 274
1617117787376 0.6709012901191961 275
1617117788302 0.6353312266027602 276
1617117789224 0.6618238919731533 277
1617117790152 0.6641566538404372 278
1617117791051 0.6745853024911985 279
1617117792011 0.6794696462777909 280
1617117792916 0.6734811050635887 281
1617117793851 0.6374023064864034 282
1617117794753 0.6367840376979996 283
1617117795678 0.6709582617302281 284
1617117796574 0.6611732227772499 285
1617117797512 0.6816036693264429 286
1617117798421 0.6753555033093752 287
1617117799340 0.6829434391558417 288
1617117800370 0.6702739183757307 289
1617117801298 0.6499129596181479 290
1617117802218 0.6381668641139157 291
1617117803135 0.6528691742605196 292
1617117804073 0.6582202208168001 293
1617117804990 0.6636156035695671 294
1617117805935 0.67441706522053 295
1617117806825 0.6755869282559157 296
1617117807770 0.666362370369252 297
1617117808689 0.6795898745632817 298
1617117809601 0.651682667598733 299
1617117810531 0.6588005604679467 300
1617117811436 0.6637516085293916 301
1617117812399 0.6718907564150475 302
1617117813318 0.6742084937104855 303
1617117814226 0.6923597433575767 304
1617117815147 0.6684509955404165 305
1617117816113 0.6843536464102091 306
1617117817056 0.6644381488252584 307
1617117817972 0.6615397847393024 308
1617117818909 0.6517842223725364 309
1617117819810 0.6629176086034362 310
1617117820739 0.6779977549263334 311
1617117821679 0.6828040357328501 312
1617117822591 0.6786144865939474 313
1617117823522 0.6745010714236623 314
1617117824441 0.6449824613191264 315
1617117825371 0.680604262669755 316
1617117826307 0.6621203505565967 317
1617117827232 0.6777752406161002 318
1617117828192 0.6806117016703853 319
1617117829100 0.6893665777283365 320
1617117830062 0.6862332941853734 321
1617117830990 0.6680918463672636 322
1617117831933 0.6777953271839686 323
1617117832848 0.6633596249642439 324
1617117833805 0.6651042505272048 325
1617117834706 0.674180971074509 326
1617117835605 0.6813253722190363 327
1617117836536 0.6866134280061774 328
1617117837452 0.6771410669562832 329
1617117838383 0.6861739976528498 330
1617117839297 0.6922471889809058 331
1617117840234 0.6932306333763508 332
1617117841126 0.6737265555152586 333
1617117842119 0.679799353503865 334
1617117843163 0.6843831078443711 335
1617117844149 0.6924082919042183 336
1617117845096 0.6837998356854195 337
1617117846026 0.6826168685604485 338
1617117846955 0.6663095736405713 339
1617117847864 0.6868212565074318 340
1617117848770 0.6736942144131878 341
1617117849659 0.680719862080002 342
1617117850568 0.6855854741527729 343
1617117851435 0.680019535027648 344
1617117852321 0.6665204364807442 345
1617117853292 0.6773096830199806 346
1617117854247 0.6856633255007828 347
1617117855186 0.6809509538675487 348
1617117856073 0.6843565130802172 349
1617117856975 0.6867072858716321 350
1617117858087 0.6760226524430614 351
1617117858967 0.6909526403980001 352
1617117859872 0.6828265991529772 353
1617117860771 0.6769174125509271 354
1617117861656 0.6892049935001909 355
1617117862577 0.6929271848239427 356
1617117863482 0.6879715975122066 357
1617117864368 0.6878176979574583 358
1617117865253 0.678610397930011 359
1617117866146 0.6637861714293507 360
1617117867032 0.6735674713877331 361
1617117867924 0.6900968392177277 362
1617117868807 0.6686664138265878 363
1617117869725 0.6791362649263218 364
1617117870602 0.6836886017622127 365
1617117871482 0.6754949696119356 366
1617117872352 0.6853719195913962 367
1617117873242 0.6825817609393494 368
1617117874153 0.6954397951848362 369
1617117875053 0.655328681463699 370
1617117875938 0.6843651648700286 371
1617117876836 0.6780747680007392 372
1617117877751 0.6758303636412017 373
1617117878695 0.6808834854650162 374
1617117879595 0.6773409192429009 375
1617117880503 0.6667648688382349 376
1617117881397 0.6657759397625594 377
1617117882297 0.6865652964452732 378
1617117883181 0.663372238394127 379
1617117884106 0.6889140525857964 380
1617117885030 0.6849484494253644 381
1617117885930 0.6869661654128477 382
1617117886817 0.6752744624013323 383
1617117887720 0.6783555507898462 384
1617117888611 0.692986975856621 385
1617117889511 0.6906155546561085 386
1617117890418 0.677568183356874 387
1617117891314 0.6687534874088686 388
1617117892239 0.6621623959946528 389
1617117893132 0.6787398010266114 390
1617117894013 0.6709803700860433 391
1617117894874 0.6765484453695373 392
1617117895765 0.6746668458754043 393
1617117896660 0.6753717174035325 394
1617117897568 0.6909683040931117 395
1617117898461 0.6787448443828155 396
1617117899362 0.6871056179514732 397
1617117900245 0.6732924360429224 398
1617117901158 0.6663761985584119 399
1617117902068 0.6870318836065458 400
1617117902966 0.6795233983341877 401
1617117903864 0.6864542796983677 402
1617117904765 0.6951046872481996 403
1617117905660 0.691574876564019 404
1617117906562 0.6884503721257221 405
1617117907438 0.6866447082601165 406
1617117908344 0.691446211582845 407
1617117909245 0.7011897283041474 408
1617117910121 0.6795885215477163 409
1617117911017 0.6989613318152103 410
1617117911942 0.6773864765973618 411
1617117912952 0.6953195878753108 412
1617117913888 0.6578458228233092 413
1617117914804 0.683131482222858 414
1617117915711 0.673886219636449 415
1617117916598 0.686708123721604 416
1617117917485 0.6805166008226983 417
1617117918381 0.6790160831437234 418
1617117919314 0.6794706278419153 419
1617117920240 0.6975485921284457 420
1617117921148 0.6998870474649601 421
1617117922074 0.6914731908014818 422
1617117922974 0.7020128624127644 423
1617117923864 0.7048239328137854 424
1617117924773 0.6986419211074673 425
1617117925662 0.6996511689621442 426
1617117926565 0.703280840092705 427
1617117927444 0.6934375843470708 428
1617117928336 0.6953184165362821 429
1617117929224 0.7000917376667105 430
1617117930115 0.6940119330651221 431
1617117930980 0.6894854078536662 432
1617117931864 0.6963444684269413 433
1617117932759 0.6965603872541397 434
1617117933677 0.692069682238915 435
1617117934590 0.677412653749584 436
1617117935474 0.6967889952426815 437
1617117936380 0.7004607696083084 438
1617117937254 0.6968340097730935 439
1617117938150 0.6928954302808082 440
1617117939031 0.7074645299576542 441
1617117939935 0.6863030771129276 442
1617117940801 0.6995858547398309 443
1617117941695 0.7023725412228704 444
1617117942599 0.697974398039156 445
1617117943501 0.6921551532893262 446
1617117944385 0.7033453745314537 447
1617117945264 0.7040663309068335 448
1617117946143 0.7063724190395674 449
1617117947038 0.7021723557906259 450
1617117947928 0.6870772391907293 451
1617117948833 0.6680180880429005 452
1617117949746 0.6926725753373512 453
1617117950629 0.6899300141662581 454
1617117951509 0.693298620101154 455
1617117952392 0.6640969597557912 456
1617117953300 0.6879069496860268 457
1617117954275 0.6941000915037608 458
1617117955169 0.6698270151764361 459
1617117956080 0.6905348186039016 460
1617117956957 0.6997082249839564 461
1617117957852 0.7049171415019062 462
1617117958757 0.7023033462104927 463
1617117959642 0.7049444477769705 464
1617117960567 0.7001654761019511 465
1617117961465 0.691603172993071 466
1617117962343 0.6892027746913777 467
1617117963235 0.692673029890631 468
1617117964115 0.6889669650843253 469
1617117965016 0.6968912301477628 470
1617117965904 0.6991973441940397 471
1617117966797 0.7016918733870247 472
1617117967675 0.6897459186998119 473
1617117968574 0.674119424478984 474
1617117969484 0.6800944578409475 475
1617117970361 0.7048965442957567 476
1617117971248 0.684397004197192 477
1617117972156 0.6990895789489869 478
1617117973053 0.7004570902903338 479
1617117973992 0.7005091352548153 480
1617117974894 0.6999722242523977 481
1617117975845 0.7089925082762893 482
1617117976754 0.6943708952354885 483
1617117977665 0.7043789238202417 484
1617117978535 0.6986544234521344 485
1617117979422 0.6965519399141824 486
1617117980322 0.7039330612797122 487
1617117981223 0.7010215818069684 488
1617117982102 0.6951273914345335 489
1617117982995 0.6885109690549852 490
1617117983884 0.7073372388137759 491
1617117984775 0.695059321754929 492
1617117985667 0.6782058827124542 493
1617117986561 0.6844735451715117 494
1617117987475 0.6992146137278201 495
1617117988356 0.7024421926558001 496
1617117989253 0.7048441354445486 497
1617117990133 0.6985341588412074 498
1617117991007 0.7040560745667299 499
