1618925037748 0.4948055650322337 0
1618925068517 0.5214279893171795 1
1618925100723 0.5162502345296663 2
1618925133354 0.5079337462794576 3
1618925167816 0.5366535280360357 4
1618925203244 0.5238310538462099 5
1618925236731 0.5284277295341774 6
1618925267720 0.5542896459808673 7
1618925298694 0.5330088199284578 8
1618925329630 0.5461160487249181 9
1618925358138 0.5395374483302483 10
1618925386908 0.5247475371962849 11
1618925415623 0.542817656892115 12
1618925443738 0.5438522701884626 13
1618925471638 0.5425715278670834 14
1618925501897 0.562685556219194 15
1618925532789 0.5490209884324728 16
1618925562990 0.5762130115737197 17
1618925593455 0.5564630693452582 18
1618925623864 0.5736366348955841 19
1618925652950 0.5731187681192746 20
1618925684575 0.5843921616404859 21
1618925714128 0.5807795120058349 22
1618925743196 0.5690509454216495 23
1618925774394 0.5829011093650548 24
1618925805923 0.5546733951633 25
1618925835507 0.5762412554114348 26
1618925864164 0.5842789458835884 27
1618925893086 0.612297414022735 28
1618925921863 0.5773942748213166 29
1618925950973 0.6207580944613421 30
1618925980157 0.6310590680018937 31
1618926010933 0.6199322130952323 32
1618926039865 0.6033043797356563 33
1618926068272 0.5732183105899277 34
1618926096622 0.5893898974873996 35
1618926125615 0.5946276359720712 36
1618926153848 0.6107303126194907 37
1618926183011 0.6081605861596207 38
1618926211697 0.6191870583244478 39
1618926240817 0.5805379494930516 40
1618926268582 0.6285035769620874 41
1618926297737 0.6367729079807022 42
1618926326865 0.6449857796968017 43
1618926355395 0.6054777092816178 44
1618926382950 0.6179552575562857 45
1618926410164 0.6382195459329283 46
1618926437254 0.5561898802306873 47
1618926464281 0.6534521664422026 48
1618926491430 0.6505770371118815 49
1618926518637 0.6047237931331607 50
1618926546004 0.6358041627290638 51
1618926573335 0.6415258589538039 52
1618926600502 0.6476356126920239 53
1618926627676 0.6566963019368325 54
1618926654951 0.6509289804802328 55
1618926682154 0.6444488013513455 56
1618926709293 0.6405540198012186 57
1618926736507 0.6568548536879713 58
1618926763488 0.6385720522925699 59
1618926790625 0.5947624793573821 60
1618926817669 0.6501869554037317 61
1618926844679 0.6342803320613855 62
1618926871721 0.6392467307025189 63
1618926898892 0.645796546424434 64
1618926925822 0.628749622010078 65
1618926952672 0.6302391355469688 66
1618926979950 0.6525088282844288 67
1618927007253 0.6514308574179611 68
1618927034490 0.6656001249727537 69
1618927061601 0.6460074635429817 70
1618927088496 0.6555155195707405 71
1618927115605 0.6268797071059431 72
1618927142825 0.6262700633353646 73
1618927169901 0.6623599922817746 74
1618927196948 0.6718084989212961 75
1618927224228 0.658099321536684 76
1618927251475 0.6643444442447693 77
1618927278730 0.6367663997702122 78
1618927305752 0.6589947844467081 79
1618927332665 0.6542164042217556 80
1618927359654 0.6508471969157191 81
1618927386712 0.6501160124841069 82
1618927413873 0.6700025070452684 83
1618927440797 0.6333190724251485 84
1618927471434 0.6602231549492511 85
1618927499074 0.6601003154861882 86
1618927526152 0.6699487040332335 87
1618927553171 0.6572639862453901 88
1618927580464 0.6667083645815368 89
1618927607667 0.6480996200628302 90
1618927634695 0.6734097760177533 91
1618927661829 0.6744422890744298 92
1618927688812 0.6829202401953595 93
1618927715956 0.6483362802163866 94
1618927743113 0.6737507371404785 95
1618927770097 0.6766154498461571 96
1618927797102 0.6630296394211144 97
1618927824110 0.6536479136666025 98
1618927851093 0.6749278843175477 99
1618927878341 0.672556698141776 100
1618927905428 0.6724896922834703 101
1618927932465 0.6739265619267776 102
1618927959714 0.6695531662045293 103
1618927986725 0.6769310947174677 104
1618928013792 0.6870189502328863 105
1618928040842 0.6862452946044163 106
1618928067741 0.6882895303177303 107
1618928094637 0.6777556327460006 108
1618928121690 0.6402484559614284 109
1618928148796 0.6753046302957323 110
1618928175934 0.6764393626772228 111
1618928203176 0.6778060008822082 112
1618928230229 0.6739832675621205 113
1618928257190 0.6755649064061332 114
1618928284030 0.6881436809284261 115
1618928310953 0.6637956209901904 116
1618928338122 0.6510540051897542 117
1618930405982 0.6433145449425992 118
1618930435480 0.6526695513255582 119
1618930464465 0.6793349761194847 120
1618930493108 0.6697507806335152 121
1618930521583 0.6782879284166311 122
1618930550703 0.6708194305721863 123
1618930580014 0.6636444661296439 124
1618930608720 0.6897084627026792 125
1618930638630 0.6878473920818533 126
1618930667400 0.6935317570951621 127
1618930696079 0.6811355720020701 128
1618930725093 0.7023415174265268 129
1618930753272 0.6967656844416767 130
1618930781869 0.6848929079456764 131
1618930810240 0.6686396676934298 132
1618930837907 0.6732083174198438 133
1618930866411 0.6965144895846629 134
1618930894753 0.695329950753823 135
1618930923304 0.6768731060582551 136
1618930951862 0.6928528063440785 137
1618930980426 0.6899861146718504 138
1618931010243 0.676956769878618 139
1618931037798 0.6871951894753328 140
1618931067407 0.6694393083424972 141
1618931095796 0.671509168810168 142
1618931124319 0.6908010598102305 143
1618931152550 0.6958884587139043 144
1618931180116 0.7014798352341274 145
1618931207362 0.7100427068589629 146
1618931234601 0.6999406437400808 147
1618931261713 0.704219039753802 148
1618931288815 0.6946089021285928 149
1618931316139 0.7050020065342055 150
1618931343254 0.6910076047851431 151
1618931370510 0.6961629655057138 152
1618931397821 0.6894992379366808 153
1618931425085 0.693826013359819 154
1618931452368 0.6565856073623302 155
1618931479597 0.6917938010666699 156
1618931506602 0.6917719724186021 157
1618931533714 0.6940725132388613 158
1618931560987 0.7034617409267591 159
1618931588141 0.7030590128241111 160
1618931615499 0.6979436035682397 161
1618931642661 0.7051527136057236 162
1618931669760 0.7017752269421853 163
1618931696798 0.6972857314228973 164
1618931724019 0.704425505131458 165
1618931751314 0.6892098638520437 166
1618931778721 0.6707167931851602 167
1618931805812 0.6792931453588176 168
1618931832867 0.6779308547206838 169
1618931859920 0.6968034374255307 170
1618931886945 0.7021359949579347 171
1618931914050 0.7007446062856807 172
1618931941354 0.6962063168027571 173
1618931968484 0.7014000249923034 174
1618931995734 0.7106975722876706 175
1618932022972 0.7020888081517299 176
1618932050176 0.6846434262088454 177
1618932077119 0.7049022415021104 178
1618932104315 0.7079805886656234 179
1618932131330 0.7076877473920437 180
1618932158360 0.707895876015103 181
1618932185406 0.7170537746710444 182
1618932212567 0.704371760250398 183
1618932239548 0.7132292733378797 184
1618932266723 0.7118697622256369 185
1618932293943 0.7039795166167429 186
1618932320976 0.7094023461829818 187
1618932348043 0.7186168838111081 188
1618932375032 0.7191518652942144 189
1618932402387 0.6910538012506022 190
1618932429565 0.7028778510701348 191
1618932456755 0.707051882264346 192
1618932483702 0.7019882366942548 193
1618932511114 0.7037104783267432 194
1618932539493 0.7119536434383154 195
1618932569495 0.7141419712861662 196
1618932596868 0.707560793678409 197
1618932625340 0.7058259123462918 198
1618932653141 0.7125636929905252 199
1618932680399 0.7089309992705933 200
1618932707622 0.6739328428215484 201
1618932734907 0.6975926473719839 202
1618932762215 0.7081476793293281 203
1618932789403 0.7024780175064407 204
1618932816857 0.7073722357281489 205
1618932844150 0.7113892821785303 206
1618932871361 0.7129975472031477 207
1618932898831 0.6953890240590946 208
1618932927268 0.7098350051626988 209
1618932955463 0.7081284765983497 210
1618932983240 0.7236649042611116 211
1618933011667 0.721427787033797 212
1618933040343 0.7221971451793554 213
1618933068802 0.7244563433039414 214
1618933097697 0.7117884885768717 215
1618933126406 0.7003913868695238 216
1618933155270 0.7164903608367996 217
1618933183501 0.711763961748959 218
1618933211437 0.7174130008308086 219
1618933239719 0.7195785955393501 220
1618933267009 0.7224366568308169 221
1618933294583 0.7157478760074676 222
1618933322172 0.7164857305718474 223
1618933350763 0.7102417247127149 224
1618933378647 0.7037518327006845 225
1618933406928 0.7086071467655797 226
1618933435044 0.7181289151925818 227
1618933462997 0.6713312390082238 228
1618933491376 0.7106061871402622 229
1618933519707 0.7219521836890953 230
1618933547415 0.7139888269107889 231
1618933575241 0.7031169148049887 232
1618933602569 0.7108523527471045 233
1618933629818 0.7089736313387193 234
1618933657276 0.7195054247340491 235
1618933685963 0.7145151156295196 236
1618933713802 0.7179935668766569 237
1618933741803 0.7167400377420003 238
1618933769397 0.719000378745163 239
1618933796910 0.7188446644929353 240
1618933825108 0.7154249823493684 241
1618933853155 0.7183362357916158 242
1618933881528 0.7132991202872746 243
1618933910135 0.721478290594868 244
1618933938335 0.7224472879082465 245
1618933966036 0.7254798555610905 246
1618933993443 0.705884576389711 247
1618934021435 0.7193139787131861 248
1618934049947 0.7277455012405123 249
1618934077963 0.7256177873067667 250
1618934105503 0.7272743888412179 251
1618934133583 0.7211588233906345 252
1618934160966 0.7260693167292483 253
1618934188541 0.7343536305658062 254
1618934216128 0.7226936196040848 255
1618934244023 0.7170963753139019 256
1618934272159 0.7191739975026159 257
1618934299619 0.7238048100194467 258
1618934327393 0.7189843529639689 259
1618934354632 0.7121974915181852 260
1618934381958 0.7231135920582752 261
1618934409332 0.7264435387182959 262
1618934436466 0.7308332043874555 263
1618934463532 0.7140512576478554 264
1618934490729 0.7187757655609786 265
1618934517931 0.7258477221951251 266
1618934545312 0.7314188481279799 267
1618934572509 0.7291903451266045 268
1618934599955 0.729282586404067 269
1618934627512 0.7292776866719296 270
1618934654689 0.7276725379622716 271
1618934682055 0.7160409273371261 272
1618934709378 0.7064428099078871 273
1618934736778 0.723708267814435 274
1618934763987 0.7292651067001853 275
1618934791160 0.7264564862838389 276
1618934818381 0.7216572219063773 277
1618934845530 0.7255314952763608 278
1618934872843 0.7304473752300458 279
1618934900175 0.7120956382492766 280
1618934927403 0.7200818361492141 281
1618934954655 0.7258707530608414 282
1618934981934 0.7211164487338955 283
1618935009028 0.7266868649481227 284
1618935036357 0.7331113682581878 285
1618935063602 0.7338107549605065 286
1618935090733 0.722681853176118 287
1618935117891 0.7301459497854037 288
1618935145096 0.7239859377089146 289
1618935172421 0.7188049442919664 290
1618935199832 0.7299038028480281 291
1618935227067 0.7017653360669956 292
1618935254455 0.726680615844 293
1618935281663 0.7074957313474138 294
1618935308960 0.7123333340984104 295
1618935336332 0.7298768098139312 296
1618935363678 0.7275002889295884 297
1618935390936 0.7271118768492723 298
1618935418158 0.7313132760058799 299
1618935445401 0.7341134175951137 300
1618935472595 0.7158349345387818 301
1618935499897 0.732128177664929 302
1618935527039 0.6858593894028734 303
1618935554244 0.7231999904063985 304
1618935581445 0.7181051817839159 305
1618935608596 0.7170046738699392 306
1618935635763 0.7163671494908476 307
1618935662949 0.7044383959780756 308
1618935690117 0.6986711725083599 309
1618935717360 0.7109366500501589 310
1618935744456 0.713515441730966 311
1618935771604 0.7205603504459326 312
1618935798954 0.7238904595628484 313
1618935826080 0.7382971294574238 314
1618935853341 0.7230226075060141 315
1618935880631 0.7288432497175451 316
1618935907864 0.7349655251333719 317
1618935935070 0.735725072329058 318
1618935962243 0.7365455820858383 319
1618935989511 0.7323197643422695 320
1618936016634 0.7290404017284235 321
1618936043973 0.7356941712236233 322
1618936071173 0.7259945643778196 323
1618936098389 0.7290824956519549 324
1618936125510 0.7372943616509802 325
1618936152811 0.7371674935039191 326
1618936179950 0.7274290009881327 327
1618936207022 0.7309711280982473 328
1618936234198 0.7325398425952595 329
1618936261177 0.7154986593419815 330
1618936288238 0.7342634444943006 331
1618936315326 0.7067750282794998 332
1618936342342 0.7349591992960148 333
1618936369364 0.7368890386347189 334
1618936396496 0.710122723575102 335
1618936423587 0.7173416625415756 336
1618936450508 0.7330558230222953 337
1618969212930 0.7270228639872081 338
