1622181660546 0.7444621005817977 0
1622181661097 0.7350870324927133 1
1622181661605 0.7872682053607916 2
1622181662334 0.816106378893455 3
1622181663107 0.82129126707098 4
1622181663769 0.8102346568634035 5
1622181664219 0.8250729554840275 6
1622181664586 0.8378489224986455 7
1622181664977 0.8388585252899688 8
1622181665359 0.8354312523630898 9
1622181665729 0.841173582500139 10
1622181666113 0.836804192209865 11
1622181666462 0.8458952966777599 12
1622181666822 0.8494896072566703 13
1622181667354 0.850306479888719 14
1622181667777 0.842725108066039 15
1622181668184 0.8465507625424069 16
1622181668559 0.8264668334662054 17
1622181668934 0.8517674804461896 18
1622181669342 0.8404370967130597 19
1622181669723 0.8532410032627692 20
1622181670198 0.8451207690270295 21
1622181670642 0.8441452075362815 22
1622181671129 0.8517092130610199 23
1622181671508 0.840904492467101 24
1622181672046 0.8558373925345008 25
1622181672460 0.8573378944338728 26
1622181672846 0.8609057044382425 27
1622181673255 0.8567496491773786 28
1622181673642 0.8419307709821938 29
1622181674062 0.8561677282018237 30
1622181674466 0.8512328422592373 31
1622181674889 0.8614993866909211 32
1622181675277 0.8642838271989164 33
1622181675727 0.8592590350031908 34
1622181676148 0.8592783857592875 35
1622181676537 0.8515920070415599 36
1622181676922 0.8645610856928067 37
1622181677306 0.8546940384249789 38
1622181677696 0.8655718565645912 39
1622181678070 0.8657110865696356 40
1622181678434 0.861214295958796 41
1622181678873 0.8605462437787684 42
1622181679312 0.864167416224706 43
1622181679712 0.8589408481159894 44
1622181680093 0.8600463659375587 45
1622181680598 0.8563887785761342 46
1622181680979 0.8706390431602371 47
1622181681492 0.8709076664554846 48
1622181681870 0.8732391695516672 49
1622181682377 0.8598858820332544 50
1622181682763 0.8704084498715046 51
1622181683137 0.8755321547548512 52
1622181683521 0.8637730397696604 53
1622181683963 0.8714124586081272 54
1622181684338 0.8716765599868751 55
1622181684707 0.875139401690829 56
1622181685091 0.8673011022197362 57
1622181685450 0.871969684594423 58
1622181685816 0.877955526370068 59
1622181686194 0.8721799114836044 60
1622181686565 0.8725656724325609 61
1622181686945 0.8681679675749925 62
1622181687434 0.8765725707136902 63
1622181687878 0.8725848460596847 64
1622181688329 0.8764745650415146 65
1622181688730 0.8826035313713878 66
1622181689154 0.8724802651825257 67
1622181689591 0.8781477807080152 68
1622181690116 0.8738841642649465 69
1622181690548 0.8832303576479961 70
1622181690937 0.8807511073404991 71
1622181691341 0.8717966869424919 72
1622181691750 0.8836377072661574 73
1622181692140 0.8778978308212929 74
1622181692539 0.8867920719298611 75
1622181692940 0.8704387337080319 76
1622181693345 0.8802799566463849 77
1622181693761 0.8862250357755344 78
1622181694166 0.871230249823166 79
1622181694558 0.8791079195974704 80
1622181694970 0.8830778501397402 81
1622181695385 0.8731764996742415 82
1622181695825 0.8837031666874164 83
1622181696224 0.8784195155931551 84
1622181696658 0.8753132432102879 85
1622181697065 0.8900440108289326 86
1622181697503 0.8728655764894632 87
1622181697921 0.8868156531526633 88
1622181698330 0.8734618076519836 89
1622181698727 0.8916329694534801 90
1622181699131 0.8853834747449916 91
1622181699522 0.8774265689197226 92
1622181699939 0.8862085945179652 93
1622181700340 0.8842810902375297 94
1622181700762 0.8841654013039734 95
1622181701185 0.8858485307428325 96
1622181701591 0.8783088759343644 97
1622181702011 0.8773720094898569 98
1622181702420 0.8898177405445727 99
