1619407436107 0.493737353887825 0
1619407454863 0.5192575366079101 1
1619407473291 0.5295526545926893 2
1619407491925 0.49563494548468434 3
1619407510457 0.5339451854671386 4
1619407529051 0.5226318956553171 5
1619407547638 0.5258143711412594 6
1619407567353 0.5289264587655252 7
1619407587126 0.5309125675993038 8
1619407608284 0.5340771417382566 9
1619407627816 0.5447156630605507 10
1619407645863 0.5391042842689052 11
1619407664549 0.5388678357153962 12
1619407683490 0.5444126902853014 13
1619407702313 0.5420724990021499 14
1619407720321 0.5561604035003423 15
1619407739131 0.5324453676855034 16
1619407757556 0.5648012482980062 17
1619407775492 0.549225381652631 18
1619407794130 0.5485873299775146 19
1619407812830 0.5729271094109037 20
1619407830989 0.5827709579687175 21
1619407848983 0.5520894439223414 22
1619407867091 0.5553994329506338 23
1619407885050 0.572502518767521 24
1619407903195 0.5664510139726017 25
1619407921097 0.5780955542683577 26
1619407939221 0.5814885500260983 27
1619407957311 0.5169984174136106 28
1619407975334 0.54610547771732 29
1619407993389 0.5579132144924799 30
1619408011278 0.6092503596596374 31
1619408029247 0.5733330552617687 32
1619408047649 0.5640878884818851 33
1619408065660 0.5790081737424315 34
1619408083678 0.6034408387263961 35
1619408101921 0.568355988705803 36
1619408119956 0.6020371429707877 37
1619408137967 0.6007562753367137 38
1619408155853 0.5995017031450743 39
1619408173843 0.5620845803181277 40
1619408192005 0.624829216906748 41
1619408209976 0.6247885408131473 42
1619408228057 0.5942100585722029 43
1619408245988 0.6344263346672072 44
1619408263992 0.6057033794766491 45
1619408282059 0.6028791340946988 46
1619408300090 0.6265592701940754 47
1619408317985 0.5776557106221054 48
1619408336015 0.6353031360813879 49
1619408354078 0.6339769620288769 50
1619408372060 0.6459096670636773 51
1619408390099 0.6346082508263707 52
1619408408041 0.6148418930918347 53
1619408425938 0.6067862824612719 54
1619408443963 0.6461973315161634 55
1619408461881 0.6301863677792108 56
1619408479880 0.6490160549501752 57
1619408497885 0.6585911329771755 58
1619408515916 0.6327728012948208 59
1619408533871 0.5896459585258306 60
1619408551956 0.6447106794830304 61
1619408569962 0.6543234528011919 62
1619408587959 0.6427257401736511 63
1619408606034 0.6470035203635482 64
1619408624101 0.6192513699873711 65
1619408642119 0.6392602752231858 66
1619408660340 0.6141401396430175 67
1619408678488 0.6320265951318806 68
1619408696442 0.6232596815826627 69
1619408714483 0.6428734300088936 70
1619408732654 0.6451360306762303 71
1619408750579 0.6548548187841272 72
1619408768528 0.6426273897655176 73
1619408786600 0.6660164860726625 74
1619408804738 0.6548828766374375 75
1619408822693 0.6397115692933281 76
1619408840789 0.6530556615954416 77
1619408858837 0.6206720557294133 78
1619408876876 0.6536694748184532 79
1619408894886 0.6633712568718829 80
1619408912893 0.6329294347498183 81
1619408931034 0.6494238927985131 82
1619408949105 0.6644073749828597 83
1619408967096 0.633491498270422 84
1619408985137 0.6408990275089498 85
1619409003152 0.6625237289157958 86
1619409021146 0.6575019315829833 87
1619409039096 0.6639662312570506 88
1619409057153 0.6299359517028181 89
1619409075233 0.6432216205281083 90
1619409093293 0.636292226619728 91
1619409111376 0.658785793889176 92
1619409129409 0.6444299825764122 93
1619409147392 0.6427387164219441 94
1619409165487 0.6677817620035202 95
1619409183536 0.6699577637517761 96
1619409201551 0.6702265390464133 97
1619409219558 0.6472498516141614 98
1619409237539 0.6661865900376496 99
