1622210940444 0.7102914219964842 0
1622210941031 0.7432507069017816 1
1622210941685 0.7736578338392506 2
1622210942309 0.7904193890599552 3
1622210942967 0.7859882527018437 4
1622210943577 0.791160713043974 5
1622210944058 0.7787359709369964 6
1622210944683 0.7892681447890483 7
1622210945301 0.7982304057183517 8
1622210946025 0.7800250078160134 9
1622210946574 0.811959820335385 10
1622210947056 0.7872064024168373 11
1622210947524 0.8063505838753845 12
1622210947974 0.8155115145883098 13
1622210948490 0.8052225442071913 14
1622210948970 0.8182291251357182 15
1622210949463 0.8049338572021971 16
1622210949956 0.8191328277250621 17
1622210950518 0.8138813525715669 18
1622210951068 0.8109963672515568 19
1622210951574 0.825742539144938 20
1622210952111 0.7965338603806196 21
1622210952662 0.8144142736371809 22
1622210953250 0.8181060574092439 23
1622210953757 0.8226127090455211 24
1622210954360 0.8200327835356485 25
1622210954842 0.8210602869899842 26
1622210955307 0.8040244974414378 27
1622210955766 0.8272570501085545 28
1622210956225 0.7975831092887836 29
1622210956676 0.821973443072915 30
1622210957146 0.8130910617493097 31
1622210957612 0.8211154790535368 32
1622210958082 0.8309689225458222 33
1622210958549 0.8058174457825744 34
1622210959005 0.8342219971747884 35
1622210959529 0.8149899353934976 36
1622210960059 0.8158458471575578 37
1622210960608 0.8234121896822323 38
1622210961162 0.825161595145399 39
1622210961636 0.8252948664159984 40
1622210962104 0.8277399248511583 41
1622210962605 0.8408234201444477 42
1622210963130 0.8211075093453293 43
1622210963605 0.8223205167937134 44
1622210964051 0.8349021312287931 45
1622210964538 0.8354261556285767 46
1622210964972 0.824819989596039 47
1622210965405 0.8322549149941821 48
1622210965858 0.8425706316144481 49
1622210966292 0.8247189098885027 50
1622210966749 0.8369500726849715 51
1622210967189 0.826229202020662 52
1622210967624 0.8267425355757597 53
1622210968064 0.8231268540309051 54
1622210968508 0.8308417463979371 55
1622210968958 0.8281916028305563 56
1622210969403 0.8181776364440971 57
1622210969855 0.8524055554596087 58
1622210970309 0.8210226288295003 59
1622210970769 0.8461544990692099 60
1622210971222 0.8453591328171477 61
1622210971682 0.8137842724494126 62
1622210972146 0.8380839036280968 63
1622210972613 0.8324097352437831 64
1622210973059 0.8307326941739243 65
1622210973553 0.858856039970295 66
1622210973994 0.824571164147196 67
1622210974438 0.8420533599299905 68
1622210974902 0.8177709970198548 69
1622210975372 0.839068963908772 70
1622210975849 0.8439294954630984 71
1622210976314 0.8197635297597203 72
1622210976803 0.849049234900601 73
1622210977298 0.833920143263847 74
1622210977795 0.8373455796867484 75
1622210978245 0.8498936470592782 76
1622210978705 0.8294346122727276 77
1622210979155 0.8545376823399443 78
1622210979616 0.8240150368771147 79
1622210980035 0.8415326239231743 80
1622210980524 0.849583998058995 81
1622210981045 0.853681752519754 82
1622210981494 0.8353972238280042 83
1622210981942 0.8399896484688306 84
1622210982417 0.8478787921857922 85
1622210982908 0.8342984684362917 86
1622210983372 0.8346425858332757 87
1622210983820 0.8411599902801039 88
1622210984300 0.832797488323363 89
1622210984783 0.8457532625050809 90
1622210985270 0.8432740418022874 91
1622210985747 0.8405417976211869 92
1622210986203 0.8407176705974376 93
1622210986773 0.8310762917429638 94
1622210987263 0.8288380743085423 95
1622210987757 0.8480728717322348 96
1622210988260 0.8433763983084358 97
1622210988782 0.8338377013032855 98
1622210989337 0.8489402699825541 99
1622210989789 0.8321101766455834 100
1622210990474 0.8427755671456671 101
1622210990957 0.8359117766503347 102
1622210991525 0.8257233078962928 103
1622210991988 0.80800456206651 104
1622210992551 0.8374977821511077 105
1622210993015 0.8431476237414437 106
1622210993476 0.8281235406985666 107
1622210993934 0.7906299539771938 108
1622210994449 0.8113095830794876 109
1622210994902 0.8046566442785401 110
1622210995349 0.8073030758897001 111
1622210995843 0.8193337874961154 112
1622210996314 0.8220373077440284 113
1622210996746 0.8430321745855301 114
1622210997188 0.8259703246256871 115
1622210997619 0.828170272251682 116
1622210998068 0.8431821320987735 117
1622210998511 0.8260864586109559 118
1622210998941 0.8502741588263136 119
1622210999378 0.8273915198097234 120
1622210999814 0.837844028451821 121
1622211000269 0.8319938918458634 122
1622211000702 0.8520171471241742 123
1622211001128 0.83393112809617 124
1622211001568 0.8503857220728046 125
1622211002010 0.847258681319602 126
1622211002464 0.8228703634427724 127
1622211002890 0.8548194096705812 128
1622211003323 0.8338543135740414 129
1622211003746 0.8374436836483424 130
1622211004178 0.8470357419890878 131
1622211004689 0.85214358371266 132
1622211005126 0.8462293684454838 133
1622211005553 0.8270764588796576 134
1622211005981 0.8508228102552442 135
1622211006436 0.8298927028063232 136
1622211006853 0.8536539246462954 137
1622211007290 0.8217529695552135 138
1622211007734 0.8432663729671769 139
1622211008167 0.8382832084757719 140
1622211008636 0.8363589448546631 141
1622211009067 0.8451201739548083 142
1622211009517 0.8440008426320004 143
1622211009950 0.8499277300782512 144
1622211010385 0.8432020492515435 145
1622211010813 0.8258470295958321 146
1622211011249 0.8598381375478777 147
1622211011672 0.825739581510598 148
1622211012145 0.8523986348028569 149
1622211012626 0.8333384306098539 150
1622211013062 0.8540186095842377 151
1622211013540 0.8447073262727444 152
1622211013998 0.838494506241167 153
1622211014477 0.8652824249557142 154
1622211014931 0.8283617567979995 155
1622211015474 0.8530060488812143 156
1622211015970 0.838637857360305 157
1622211016477 0.8470283011022197 158
1622211017029 0.8665491437193625 159
1622211017539 0.8259622647477727 160
1622211018056 0.8470090503343708 161
1622211018612 0.8363585526954855 162
1622211019063 0.8401363904584891 163
1622211019685 0.846524609791062 164
1622211020145 0.8532914174620969 165
1622211020720 0.8454036686227953 166
1622211021192 0.8434811653773027 167
1622211021760 0.8556251216622606 168
1622211022430 0.8391188329017234 169
1622211022914 0.8552374244845706 170
1622211023581 0.8455867019571666 171
1622211024126 0.8552380687153689 172
1622211024583 0.8347594541843795 173
1622211025117 0.8511230805035024 174
1622211025646 0.8232441016647526 175
1622211026100 0.8425529261504067 176
1622211026609 0.8630915430117452 177
1622211027123 0.8386893908871557 178
1622211027578 0.8523199554652378 179
1622211028030 0.8507996692511579 180
1622211028486 0.8483953143882995 181
1622211028961 0.8422089978990137 182
1622211029539 0.852835200550169 183
1622211030022 0.8387835925404223 184
1622211030496 0.8512010497858825 185
1622211030961 0.8564813971422395 186
1622211031476 0.8263241095826369 187
1622211031979 0.8589113532886665 188
1622211032494 0.8482563215294456 189
1622211032955 0.8531250284058153 190
1622211033406 0.8457556885930204 191
1622211033865 0.8512563115985186 192
1622211034406 0.842155521063818 193
1622211034925 0.8420487957993126 194
1622211035399 0.8575660337773297 195
1622211035848 0.8442143476761014 196
1622211036323 0.8512671009753127 197
1622211036771 0.8474883560373817 198
1622211037213 0.8607431183226334 199
1622211037635 0.8438142659901019 200
1622211038063 0.85500485679198 201
1622211038502 0.8542717419817815 202
1622211038932 0.8573499353764611 203
1622211039392 0.8462925993075977 204
1622211039865 0.8458095544740287 205
1622211040460 0.847067564268232 206
1622211040993 0.8560368622969117 207
1622211041530 0.8418194050564772 208
1622211041993 0.8545489917943067 209
1622211042477 0.8459388191489743 210
1622211042900 0.856537507176954 211
1622211043352 0.8557001863900535 212
1622211043796 0.834580334238864 213
1622211044300 0.8552626854891331 214
1622211044754 0.858812454108473 215
1622211045213 0.8405082005159752 216
1622211045657 0.8554665867521797 217
1622211046117 0.850253183101709 218
1622211046570 0.8570296534373073 219
1622211047010 0.8424616275054457 220
1622211047458 0.8595030787117041 221
1622211047898 0.8565685822623671 222
1622211048338 0.8433865830614269 223
1622211048798 0.8600991385004697 224
1622211049274 0.8384091893272546 225
1622211049750 0.8645675326777703 226
1622211050349 0.8453917662076142 227
1622211050856 0.8440144239691258 228
1622211051361 0.8506482115258944 229
1622211051913 0.8532394980374687 230
1622211052428 0.8400825520846499 231
1622211052885 0.8665485088771973 232
1622211053317 0.851667861957337 233
1622211053761 0.858784522010094 234
1622211054205 0.8570834234280607 235
1622211054659 0.848631590854406 236
1622211055120 0.8572946318558284 237
1622211055566 0.8614435927251596 238
1622211056013 0.8483188684497561 239
1622211056475 0.8545258252037686 240
1622211056919 0.8280016536446936 241
1622211057371 0.833060200565801 242
1622211057849 0.8599910540614587 243
1622211058357 0.8496346468701369 244
1622211058870 0.8563793699316448 245
1622211059340 0.8425225433483963 246
1622211059825 0.8559358950241491 247
1622211060317 0.8452552617178678 248
1622211060768 0.8566506981031459 249
1622211061258 0.8514728837093124 250
1622211061712 0.8481360090685867 251
1622211062182 0.8591243293935501 252
1622211062650 0.8481413280966671 253
1622211063094 0.8534943048151885 254
1622211063569 0.8588190967188485 255
1622211064006 0.8594512978075493 256
1622211064526 0.8531416922239106 257
1622211065007 0.8685002534569225 258
1622211065461 0.8337333005783224 259
1622211066407 0.8440134863678164 260
1622211067053 0.8648581935423039 261
1622211067564 0.8445064412571209 262
1622211068005 0.8473663703820604 263
1622211068519 0.8693414701312683 264
1622211069019 0.8536541645626181 265
1622211069484 0.8496325923543356 266
1622211069917 0.8582688287600854 267
1622211070366 0.853329521388495 268
1622211070798 0.843700659599566 269
1622211071217 0.8563198118625324 270
1622211071758 0.8551586668135788 271
1622211072196 0.8668634448150193 272
1622211072647 0.8511744455550093 273
1622211073081 0.8555447067727372 274
1622211073523 0.8564215061302904 275
1622211073965 0.8536092011650643 276
1622211074403 0.8610671556733719 277
1622211074826 0.8629499609079845 278
1622211075258 0.8541787499297547 279
1622211075688 0.8632345755344881 280
1622211076128 0.8451763799837879 281
1622211076566 0.8669735501676784 282
1622211076982 0.8516187423492598 283
1622211077413 0.8612158757800443 284
1622211077848 0.8497576893499253 285
1622211078290 0.8572954566687304 286
1622211078735 0.861587175474493 287
1622211079166 0.8572374306317538 288
1622211079601 0.854952791302689 289
1622211080046 0.864697888119102 290
1622211080498 0.8615596224924419 291
1622211080914 0.8609201526325655 292
1622211081331 0.8534105883095641 293
1622211081767 0.8626344111726805 294
1622211082200 0.858369829669671 295
1622211082661 0.8555073763753936 296
1622211083092 0.8548716314937859 297
1622211083525 0.8632979887191392 298
1622211083952 0.8676418429435603 299
1622211084391 0.8416394551460995 300
1622211084828 0.857924089452842 301
1622211085261 0.8538538706876778 302
1622211085685 0.867426078421618 303
1622211086105 0.8503304550041981 304
1622211086552 0.8700307466266542 305
1622211086987 0.8491065920841533 306
1622211087426 0.8654568525262631 307
1622211087851 0.8565800173191649 308
1622211088302 0.8598279733056521 309
1622211088731 0.839621827138086 310
1622211089151 0.8621450556176049 311
1622211089590 0.8554822216759509 312
1622211090001 0.8578866142112191 313
1622211090445 0.8546911321611613 314
1622211090874 0.8602591636930859 315
1622211091314 0.8639034099596054 316
1622211091753 0.8693538593685644 317
1622211092188 0.847738119926548 318
1622211092643 0.845965186278728 319
1622211093072 0.8492491989149056 320
1622211093517 0.8556088032127259 321
1622211093947 0.8489524810091735 322
1622211094379 0.85998471319093 323
1622211094808 0.8588878551767615 324
1622211095235 0.8557282940988599 325
1622211095686 0.8587992594179967 326
1622211096108 0.8528998922807997 327
1622211096548 0.863614624318493 328
1622211096975 0.8533340413634751 329
1622211097415 0.8738232512926711 330
1622211097837 0.853851672014063 331
1622211098285 0.853781657545663 332
1622211098722 0.8602312591434801 333
1622211099139 0.8583966916303071 334
1622211099564 0.8573429595874931 335
1622211099978 0.8643930920158336 336
1622211100429 0.850232512556214 337
1622211100857 0.875621646344523 338
1622211101298 0.8429796490254875 339
1622211101731 0.7230110257836262 340
1622211102156 0.3146503327402259 341
1622211102605 0.31229580629516435 342
1622211103036 0.5430333905559936 343
1622211103481 0.5538789659267028 344
1622211103900 0.5678541793788295 345
1622211104337 0.573440172007024 346
1622211104786 0.5814477271409493 347
1622211105214 0.5920568555628161 348
1622211105651 0.592722593344273 349
1622211106083 0.5796179577687443 350
1622211106542 0.5771348921537899 351
1622211106973 0.5792794089804227 352
1622211107398 0.5741256662007819 353
1622211107820 0.562029358530014 354
1622211108256 0.5692886814731617 355
1622211108700 0.565445386422837 356
1622211109146 0.557843582632723 357
1622211109581 0.584294455745654 358
1622211110007 0.5726671552397363 359
1622211110459 0.5767329382311888 360
1622211110882 0.5695428259830216 361
1622211111317 0.5629687892605033 362
1622211111750 0.5397944074911106 363
1622211112181 0.58113044824342 364
1622211112662 0.5827662860640971 365
1622211113093 0.5849349675557055 366
1622211113534 0.5867080979903821 367
1622211113963 0.5885873365048241 368
1622211114404 0.5927797090045487 369
1622211114842 0.5869292977325385 370
1622211115270 0.5976770654244443 371
1622211115703 0.6077825750457014 372
1622211116132 0.6063724694181565 373
1622211116563 0.6051965120134519 374
1622211116998 0.5977313225857459 375
1622211117428 0.5981003193517566 376
1622211117862 0.6046876558910912 377
1622211118309 0.6015535530860879 378
1622211118738 0.5784279129471371 379
1622211119164 0.6017687421737576 380
1622211119589 0.6133162183102034 381
1622211120027 0.6002162464860984 382
1622211120452 0.5962176273497608 383
1622211120882 0.5843380456374289 384
1622211121321 0.5900642163392803 385
1622211121795 0.6014988937000443 386
1622211122296 0.5823415211428316 387
1622211122838 0.5900667497837069 388
1622211123304 0.5939657970319908 389
1622211123754 0.5930219709425957 390
1622211124293 0.5831836124525868 391
1622211124857 0.5843235531456945 392
1622211125418 0.5917980715765918 393
1622211125865 0.5865721498698815 394
1622211126343 0.5759602723467233 395
1622211126791 0.5906469851052722 396
1622211127250 0.5895743767469567 397
1622211127695 0.6025914871027687 398
1622211128129 0.5979398981650287 399
1622211128576 0.5914826122770869 400
1622211129002 0.5837046368617049 401
1622211129470 0.5417087201718995 402
1622211129930 0.6059748828879147 403
1622211130429 0.5980275453355643 404
1622211131033 0.6147064639436555 405
1622211131494 0.5932142810966246 406
1622211132028 0.5935652695588417 407
1622211132578 0.6167603502844852 408
1622211133163 0.630251836178156 409
1622211133745 0.6270528517268241 410
1622211134452 0.6212995100407586 411
1622211134967 0.6219587529666649 412
1622211135445 0.6226050085026256 413
1622211135896 0.6133486305772149 414
1622211136361 0.6118012107072313 415
1622211136804 0.6127764465211054 416
1622211137253 0.6323995126836893 417
1622211137729 0.6561225288798499 418
1622211138177 0.6335825356626653 419
1622211138639 0.6453734080512172 420
1622211139088 0.6452547541332833 421
1622211139526 0.6574542252489887 422
1622211139980 0.6502502361228434 423
1622211140474 0.5691011256424354 424
1622211140942 0.5091520726217911 425
1622211141390 0.4525280457207558 426
1622211141852 0.4440711908239183 427
1622211142381 0.5459436551308482 428
1622211142814 0.7271694514142907 429
1622211143333 0.7533844129055419 430
1622211143764 0.7257383008643105 431
1622211144188 0.7285183321402039 432
1622211144646 0.7614354514809418 433
1622211145103 0.775664790438574 434
1622211145541 0.748186893827031 435
1622211146042 0.7557131456962681 436
1622211146511 0.7273476033737184 437
1622211147007 0.7454519650134834 438
1622211147529 0.7211041176954277 439
1622211148039 0.7355643784780733 440
1622211148537 0.4792793812308237 441
1622211149006 0.4414735010349685 442
1622211149472 0.7681201791877024 443
1622211149927 0.7806419668196523 444
1622211150422 0.774231412518629 445
1622211150885 0.770861057288123 446
1622211151326 0.7762213108871304 447
1622211151775 0.7877554443685217 448
1622211152266 0.786994321054223 449
1622211152717 0.7873942834546589 450
1622211153168 0.7847572201390552 451
1622211153640 0.8223765333304022 452
1622211154110 0.8020054955796454 453
1622211154554 0.8190166766474889 454
1622211154997 0.813822217538724 455
1622211155469 0.8307904059898581 456
1622211155974 0.8235631266850657 457
1622211156593 0.8130099924845493 458
1622211157175 0.8362298976090854 459
1622211157637 0.835351498973486 460
1622211158068 0.8230839383954389 461
1622211158526 0.8341664654146854 462
1622211158984 0.8377949657025255 463
1622211159437 0.8358443127836722 464
1622211159866 0.8075685431203935 465
1622211160306 0.8159751377171169 466
1622211160745 0.8349818729380776 467
1622211161175 0.815378676158653 468
1622211161636 0.8376700099732721 469
1622211162082 0.849089924833729 470
1622211162514 0.8264136899205461 471
1622211162942 0.8439926501205768 472
1622211163375 0.834792856881096 473
1622211163825 0.8351045747089519 474
1622211164255 0.8461196208524393 475
1622211164689 0.8279252654594175 476
1622211165152 0.8452676003092442 477
1622211165588 0.8373967695716039 478
1622211166045 0.8492080864932937 479
1622211166488 0.8502057258987937 480
1622211166918 0.8528256187706894 481
1622211167352 0.8466889809430506 482
1622211167771 0.8490031938696528 483
1622211168191 0.8535263346912918 484
1622211168622 0.8448017063585754 485
1622211169054 0.8492066734624275 486
1622211169481 0.8565992637324633 487
1622211169900 0.8484638085152838 488
1622211170337 0.8531482322943271 489
1622211170770 0.838730389847762 490
1622211171204 0.8347571795488191 491
1622211171626 0.8520360332330807 492
1622211172068 0.8400283351700047 493
1622211172506 0.8455551457632525 494
1622211172951 0.8571970137594577 495
1622211173410 0.843634632644458 496
1622211173827 0.8409970575374135 497
1622211174257 0.8512706144874514 498
1622211174699 0.8358067091937507 499
