-0.03125,9.017343749999998,3.458291421875,2.0456695878122644,3.6159776695709747,2.1523688094145403,-0.48477306560141525,0.9130720073685159,-0.7344101986370107
0.86296875,9.83125,2.2956670275,1.912556927002027,2.800410963144517,2.096426197339817,-0.49756598393712786,0.5600948317649059,0.5092800956850864
0.48078125,9.70203125,2.33269735240625,2.465644125203075,4.493407733727648,2.7678416129071692,-0.491808257881319,0.5009740694240518,0.6441772067103129
0.7846874999999999,9.728125,2.1151974393749997,2.8784256595131565,4.747438742035015,2.623667158300037,-0.9686029814793468,0.18179079923549524,1.2328789560738134
1.0784375,10.002187500000002,2.1254126881250004,2.1372128599168008,3.397211847948807,2.927360385505912,-0.7274406411917862,-0.17294010831648546,1.4945272844938287
1.085,9.837499999999999,2.35270223546875,2.173229883146281,3.0493867211293484,2.591618145381359,-0.8232315240190141,0.018016460703135916,1.6021776909475018
1.11078125,9.6540625,2.0992360815,2.136618461997471,3.466391188411047,2.775616317222628,-0.47829333771223564,0.0007409589675411379,1.6951776748342375
1.1271875000000002,9.709531250000001,1.8791823431874999,2.496044038041747,3.729309348629239,2.39963213982332,-0.8581403752377584,0.0022539722936028724,1.1752642988140425
1.2084375,9.53453125,2.16180456265625,2.028431674618041,3.158259474025755,2.5414503128042942,-0.7156552554757537,0.07308336863308289,1.80749564588405
1.05640625,9.71515625,2.37738916640625,2.267419628666237,3.3698850092526804,2.7733591845359933,-0.4479328650743506,0.04567381394093559,1.4242650401943013
1.130625,9.805,2.15137648578125,2.0798241174135375,3.2943867980247856,2.670095651959691,-0.5966588495839567,-0.171911328225734,1.5013610134880864
1.12,9.8159375,2.1354151755312496,2.113771806510816,3.086582717358106,2.8540850111623386,-0.43976048072609075,-0.11538256304952164,1.0996622447640072
1.24140625,9.56640625,2.18712990265625,1.8529266269771552,2.979129155048659,2.8227501201242844,-0.1858696525845749,-0.42411285117241343,0.4702594250387269
1.0903125,9.513906250000002,2.2190525703125,2.0163944994330225,3.018950882129575,2.758511630509898,-0.4056193259168979,0.1606380093078704,1.1382963859283324
1.16328125,9.691875,2.0362419746875,2.078121939612408,3.251049289748619,2.943365284921559,-0.09656007523721462,-0.36456414651062,0.4939929384077914
1.0642187499999998,9.599374999999998,2.3158847353125,1.9291471599254522,3.131141901826712,2.7410759510484186,-0.43339158290830604,-0.25073448467976817,0.5028353433252662
1.14703125,9.708593749999999,1.960265991,2.160326711176677,3.69734823352642,2.7524344843202435,-0.513767540436034,0.26419004069981755,0.8724907150380736
1.0803125,9.72609375,1.88812069978125,1.924789735878636,2.666946180317656,2.264626675171001,-0.6350657928005382,0.23876071871403162,1.1355807695177231
1.0040624999999999,9.908750000000001,2.3286538235625,2.0577860666487537,2.926220632061089,2.5026543139579496,-0.3242302563760654,-0.0332420191996229,1.0861523968646734
0.788125,9.4859375,2.591696790625,2.3313306788988557,2.71005922372441,2.292018707844938,-0.3717931264235961,0.12250846123799705,1.1817711978894347
0.950625,9.65046875,2.54381274296875,2.3035169273037694,2.5819641443624732,2.5391638819419544,-0.40771735622987354,0.03418265285108503,1.3802631108487473
0.9685937500000001,9.94921875,2.5872276203125,2.128924954046276,2.9031067974066054,2.3397313743171595,-0.07787034973882902,0.20028754670629803,1.044080642101086
1.1709375,9.61734375,2.1168999843750003,1.9769244727843676,2.6925668760192267,2.1632391690350667,-0.11164055947627047,-0.17588131552896902,1.1494759517110615
1.2609374999999998,9.846250000000001,2.1477585818750002,2.058271968446772,3.188606915645138,2.6455069877738255,-0.5847777019806427,0.11605856396517708,0.809669921191046
1.3465624999999999,9.76953125,2.1788299947187495,2.1914045287426394,3.1175753948819644,2.617885175969106,-0.5082793722020699,0.29475591338596197,1.3531585204224088
1.27703125,9.490468750000002,2.16329428984375,2.242290040120465,3.4616810537329172,2.514584109858053,-0.09338102636290556,0.5077688450165688,0.8746024980211551
1.1657812500000002,9.90453125,2.4242091076562504,2.3701119466490264,3.6261459092641926,2.986933416268041,-0.5187286044521711,0.10469552482221682,0.7553583044850634
1.134375,9.62828125,2.13498948659375,2.341956897420403,3.7720454309828293,2.9327584861001097,-0.6499064562501287,0.09163722920647821,1.225586182794604
1.2317187500000002,9.6940625,2.2496983571875,2.386121692914768,3.6208082310575014,2.9272535644869992,-0.5655622448876892,0.12220117736342613,1.5283084608914204
1.2967187500000001,9.7190625,2.2733211657187504,2.3665996537011575,3.6924744915968954,2.855312824586691,-0.25457466645480714,0.1087219847688991,1.3750687680381908
1.3209374999999999,9.78,2.40846053165625,2.279877819334569,3.3259970309668048,2.72288338335866,-0.314937434977559,0.014660491846978234,1.185184135177295
1.111875,9.916250000000002,2.3165231904375,2.5275703965221226,3.7345672021668053,2.7562062785509465,-0.5068326684296589,0.10384283966009548,1.6121269165576997
1.268125,9.90140625,2.28247235009375,2.266827267211818,3.472519738599183,2.7220117102442547,-0.24648657764020432,0.17993130510022123,1.5397501050162663
1.18921875,9.42234375,2.1818094624375,2.3635165172150665,3.8694717590823604,2.7524582535200723,-0.31263641668441733,0.231490814162349,1.5019785121106348
1.2537500000000001,9.840625,2.5597741270625,2.4161659323192186,3.41304706008795,3.001145120713846,-0.5401562682895659,0.10867891468497073,1.1457815702167662
1.30375,9.71890625,2.22905501828125,2.378929972172363,3.600691824665218,2.8173953425823153,-0.39279569828520383,0.05691725086867949,1.3273803394056938
1.1960937500000002,9.6878125,2.39122230196875,2.5832492966632037,3.731497047411903,2.8272454378179948,-0.5974867885445735,0.2052950803860079,0.9750941190445753
1.321875,9.68546875,2.2909850374062497,2.460744853570764,3.5985330907570434,2.804977555409894,-0.43569061885957405,-0.16493158500782923,1.4186826900189966
1.1193750000000002,10.04515625,2.071144148125,2.664716726853907,3.6471799860420844,2.862554277554731,-0.4366969438927664,0.10382342478400008,1.301513660333805
1.16375,9.664375,2.237780554625,2.592334553544353,4.103464190092927,2.8404096151995546,-0.38515251327523836,-0.01043587977521431,1.3920159060755788
1.03953125,9.5634375,2.1645712303437503,2.5233741236236527,4.027057788707998,3.0217239148325925,-0.23559912583706955,0.16336072606132235,1.2179546765688767
1.07328125,10.060312499999998,2.164145544,2.4098068223196725,3.763485738294188,3.247301744179551,-0.1307892555235527,0.05214738307985754,1.1972379123282737
1.1043749999999999,9.849062499999999,2.0949797076562495,2.4938554958888455,3.8727234113855524,2.902920814339729,-0.2421337136339052,-0.04077233056523646,1.2973015189571178
1.1471874999999998,9.64390625,2.005170553125,2.5182158048594148,4.10176471822933,2.850642974246493,-0.560263900485334,0.05446077847281371,1.55340491084705
1.37796875,9.85453125,2.12094350103125,2.588810163284175,3.9343292509999004,2.8774419453659372,-0.5792394369515942,0.14797406818973752,1.364508967717206
1.10421875,9.989531249999999,2.16669939203125,2.235492678281107,4.07370931618512,2.9048947299867613,-0.29970685700207284,0.10763024103511225,1.3412666146370193
1.2081250000000001,9.400625000000002,2.18244791390625,2.41246364933754,4.182490613782056,3.0563986901159823,-0.30795735879882574,0.30389256779436674,1.2143615726403898
1.03125,9.907656249999999,2.4359140528125,2.723808512450903,3.8740118668295196,3.393021076698735,-0.4041432007194373,0.0791601959004513,1.021300969756941
1.18953125,9.81734375,1.96281980146875,2.545586517440222,4.243184329820699,3.0158145008343973,-0.8902192406101792,0.3109322865857214,1.4679602630731023
1.2832812500000002,9.754999999999999,2.23224730125,2.475475367661419,3.9664392879508443,2.9145168603350844,-0.7923985831504701,-0.08245439683643352,1.3670134950146402
0.9178125,10.04140625,2.2118167738437498,2.6503192430052174,4.087811099471321,2.8751101225040836,-0.5591165933498791,-0.01794998458151118,1.4471045017589372
1.1096875000000002,9.735468749999999,2.2335242103125,2.48144298289196,4.017697540914876,3.103831992498899,-0.6040771142774448,0.18264983293017747,1.274843068778623
0.8890624999999999,9.925468749999999,2.4565573899375,2.714108807895098,4.07042186453363,3.3052980577527324,-0.3644437013907947,-0.04068006259558328,1.1079721057785004
0.9820312500000001,9.821875,2.182235074,2.568095220493866,3.6732954699254723,3.01122471000687,-0.32788053038146037,0.07104903556638424,1.218241361288379
1.2356250000000002,9.819375,2.1500995836562504,2.5756576071704482,3.691946418811492,2.922722129493993,-0.062733973825754,-0.0707136473475981,1.3243897877880437
1.04203125,10.15203125,2.16563530321875,2.8477316519509768,4.179752975538559,2.974609992773374,-0.6547060094020445,0.02424505788839406,1.1983441696369215
0.97109375,9.760312500000001,2.16095329046875,2.773718238432112,4.1277929820115435,2.9382163608635974,-0.42579118293331353,0.07682022992853701,1.44778501911292
0.9942187500000002,9.7028125,2.5304052225,2.5830594775669486,4.070842383935265,3.169549278083289,-0.7229194839133938,-0.02987127294689943,1.1240188589525881
1.17421875,9.74984375,2.09349003696875,2.1942181157871334,3.666319890310437,2.9331940852223415,-0.4035149984666775,0.25699071775461285,1.3117043128489803
1.185625,9.71,2.2548060413125,2.3243647485657237,3.5027542734254142,2.8236528109662173,-0.5032744517853702,0.10452541982482053,1.1487609676908557
1.3112500000000002,9.83671875,2.20075023165625,2.4126725974528744,3.7279376229892094,2.913381496411753,-0.28098401839290116,-0.01292070774544779,1.3433256590064389
1.0134375,9.948125000000001,2.39675556275,2.6747723143463538,4.030589238483004,3.02078135101692,-0.6822290964335553,0.10574963114919671,1.134689366073169
1.0857812500000001,9.675,2.3231205790000002,2.507425724652365,3.8329072679886216,2.891872114976089,-0.3982058468824158,0.06961279030766936,1.3898517422021976
1.00703125,9.8121875,2.6759726784374998,2.3324200680888163,3.5282602249329273,2.9735670540662884,-0.25285925148489524,-0.13916335295584364,1.1897735076159701
1.12296875,9.59078125,2.2288422210312504,2.33708798486994,3.5631737541338673,2.8870663507236216,-0.5082890790957834,-0.08702061377188493,1.3172830539813019
1.165625,9.668125,2.2620418243750002,2.3985131299150733,3.7270065380107664,2.9267869355313563,-0.4845865894228324,0.15163500489450216,1.2377506063446573
1.3504687499999997,9.58125,2.38164549634375,2.4125203559293418,3.5598343096975738,2.7440383368860966,-0.28093073735134566,0.03627359435970406,1.2922575962838228
0.99953125,9.964375,2.2326729228125,2.768508414791878,3.7206664704559316,2.8471722310543486,-0.39549667070912414,0.14938332858318404,1.305270017771224
1.06015625,9.6409375,2.10711034884375,2.4095354143664163,3.930412557365162,3.056568331887885,-0.5208690628401975,0.12159294753802989,1.2792787207224727
1.07609375,9.69296875,2.2292678565625,2.6969708802118975,3.9315751772061334,2.978677596602497,-0.30994134001397855,0.18026961682940904,1.069378302525454
1.04,10.198437499999999,2.26651100046875,2.3272549548770973,4.188252998995375,3.0855374662537915,-0.21985073317245551,0.008650976382369563,1.220148280988601
1.24328125,9.749062499999999,1.7302098069374998,2.2644439540201557,3.785368508625514,3.2992366773270896,-0.3700773381078787,-0.00819223246590048,1.1636201717687897
1.1354687499999998,9.764062500000001,2.0724210303125,2.803036260963,3.8395278513241378,2.903986432004713,-0.616025618818418,0.2513066366734887,1.1088631567430784
1.20671875,9.774375,2.15669694525,2.7278746618747785,4.071866845732434,2.926607622693756,-0.48934028364200816,0.06623483127047186,1.1872472356779482
1.01953125,9.928593750000001,2.2603392681249996,2.469497310744322,4.001564095445797,2.8312662362114067,-0.31668682864397885,-0.028821988951917607,1.1549418352588388
1.1521875000000001,9.55421875,2.2714057982187503,2.4510778679682432,3.9407335154319223,2.7525697267220157,-0.37604331832154897,0.02723853729059506,1.4308073655744933
0.93828125,9.715937499999999,2.4714546438125002,2.629533914669753,4.0844907572540485,2.98352068847792,-0.8415050567628043,0.2573237506951557,1.0422950711440075
0.8610937500000002,9.825468749999999,2.21543468028125,2.88019699694499,4.015484065498634,2.5952573516226347,-0.4042759322592665,0.11593404815795143,1.2104413371846534
1.2556249999999998,9.65796875,1.92302283734375,2.321983846708456,3.948532630803934,2.688186053234377,-0.21167313336936602,0.2643451717286845,1.443579649040756
1.4653125,9.96640625,2.2205422946875,2.8400715047941576,3.787388763707911,3.0248931756119743,-0.3755312330633023,0.10768745721507217,0.9471880800132102
1.01671875,9.6059375,2.0947669041249997,2.811523749837166,4.194923166292054,2.7945685426126476,-0.22493410348912732,0.12163345950064086,1.3048597755853457
1.1687499999999997,9.719843749999999,2.4591112244687503,2.3367682678220363,4.498976096078522,2.9545187471847254,-0.04476703767739382,0.0821168724994347,1.1769401013053382
1.1451562499999999,9.763125,2.14350225640625,2.529135840674822,3.8879187374963227,2.779784372708617,-0.2247127859069951,0.0777595648326035,1.1992679312847627
1.2759375,10.0346875,2.3337614232187502,2.3514408606413535,3.7512697720030412,2.6442217692440324,-0.34286090138040076,0.011124704686279841,1.158164164936201
1.20953125,9.3715625,2.18968374734375,2.5095289832503305,4.116134115719962,2.895777488477478,-0.3249345001118867,0.07588894524674221,1.149379159944135
0.98703125,9.88390625,2.4763494578125,2.4270440352460514,4.188736987889182,2.96708228336453,-0.24896386870935142,0.048211564411772385,1.180469300216423
1.1790625,9.6909375,2.14818423475,2.341756631482817,3.9830754130563166,2.6829356961889936,-0.3211484636783161,0.26847914297248243,1.3979566427739916
1.334375,10.13046875,2.38483776140625,2.2732499278290983,3.8193395329262674,2.9740386094951266,-0.3986705241674846,-0.06359182003899952,1.0654215595111305
1.0546875,9.93734375,2.2963055088125,2.5658526657514362,4.095506013527014,2.755142226686891,-0.26756492480906324,0.022280228132084415,1.1890382859365685
1.0365625,9.32390625,2.3846249221874998,2.6004676374824873,4.04089625624204,2.8248928902392842,0.09091026578831733,-0.004497948579685018,1.2077385880832363
0.97390625,9.864843749999999,2.61574522171875,2.1638259065162653,3.7344456550585843,2.7529832626271156,0.04922649977511471,0.03236876111443191,1.2354135344952821
0.9300000000000002,9.686250000000001,2.3180129314687496,2.588535420850949,3.6373958318417863,2.677838286910107,-0.41785220528676575,-0.17693576795976187,1.5732885803519847
1.07609375,9.70734375,2.36759950515625,2.011082277956558,3.490146505783953,2.7055194690791526,-0.23002865276386314,0.10057995519898565,1.1535573926235974
1.05953125,9.68328125,2.2716186004687504,2.211286693934877,3.6493188810925306,2.6297815534987166,-0.16821568735072476,0.1355456548008036,1.6718359348216747
1.11296875,9.66078125,2.35610732859375,2.4080397108485228,3.225740372712664,2.7300192650069106,-0.1479309244094992,-0.12071470423671728,1.4369471657543964
1.2659375,9.858281250000001,2.17436083828125,2.2928616936251847,3.714175360480229,2.7786494083226847,0.11025792773768701,0.11745617474415539,1.330275005399129
1.2546875,9.865468749999998,2.2375677604375004,2.25665749003781,3.464664454211033,2.839533718783715,-0.18717434254754778,-0.12040311134108303,1.2496263189288725
1.04640625,9.82265625,2.1483970409375,2.5075799882478202,3.5273122922185296,2.703389505289226,-0.555417135669196,-0.03523651128960977,1.5045663597249384
0.9526562500000002,9.75140625,2.40909900734375,2.270796420165387,3.5318974482508603,2.649851806757777,-0.5575333697754177,0.18182885918041786,1.488330242616515
1.045,9.724218749999999,2.41973993459375,2.2134284774982,3.4676621288194207,2.53499435087613,-0.4933319917338332,0.38576311996960777,1.546726083388893
1.07359375,9.763437499999998,2.38654029665625,2.258086418288932,3.1460169355223995,2.5216392435069577,-0.3863688645510368,6.686706505176668e-05,1.6433950394804158
1.0890625,9.69171875,2.39079664859375,2.100998809160479,3.011541110195648,2.6391806719427855,-0.3792398170937419,0.059512853256037015,1.2034743307616964
1.148125,9.697031249999998,2.28651586678125,2.074238470951448,3.308574409624701,2.640238735642324,-0.6011700026050306,0.3004956904926065,1.296769049890813
1.1859375,9.739999999999998,2.13711769703125,2.054098584803989,3.299429874993557,2.8270320023499176,-0.5201884369125439,-0.03897295970914946,0.7554489783905406
1.1834375,9.761875,2.1622301931249996,2.104561429037829,3.359077661259858,2.5622707672414466,-0.4109942372309086,0.2333375852630859,1.2247856154187233
1.2734375,9.71171875,2.2033040683125,2.052229137692414,3.3437584367592166,2.5438731473458103,-0.362524866349558,0.08367533747287337,1.045257260750121
1.3896875000000002,9.64375,2.28757995990625,2.122756145284651,3.2109595041825116,2.5998518122384224,-0.5656910671209465,0.17075500322960166,0.8915024658526735
1.1175000000000002,9.685,2.1926631444687503,2.0861679882022925,3.0682736391984338,2.555332802741707,-0.7845332571669048,0.02995431850069605,1.0630269754982924
1.21484375,9.771562499999998,2.33929473578125,1.9404139315068671,2.6411060767401504,2.4438729000060824,-0.682787436430932,-0.3826535554509239,0.9428016238967566
1.35296875,9.839062499999999,2.00623465390625,1.8757845689266766,2.1819040700942263,2.107108790420075,-0.5180656975546771,0.04348665550996639,1.2521205145356944
1.2865625,9.5009375,2.3488714934375,1.7143131083888234,2.507101612638337,2.5344553283355213,-0.6667954202120128,-0.30987981031989115,0.44680457293669906
1.234375,9.81296875,2.34057163734375,1.8481154886464752,2.4548667731719043,2.2839406089513785,-0.3385592839357014,-0.09754932268973701,1.0717871278703393
1.500625,9.6425,1.9936784146250002,1.9400546665944751,2.473978324480633,2.2323345095561966,-0.5071031588061982,-0.4469134187812607,0.9009030629080489
1.48515625,9.67921875,2.11413333890625,2.1216097898967985,3.240715249315872,2.6697385103075453,-0.7937265108725096,-0.09260578660261681,0.8097201070884097
1.40765625,9.708437499999999,2.0496495165625,1.976080987544776,3.430154068492223,2.8236589800122704,-0.2159456502036437,0.058648419592786764,0.8056623913772893
1.2528125,9.66328125,2.0881695830625,2.3656708012408973,3.2654876428947692,2.7923414161932176,-0.18284208256321585,0.20754021360874175,0.8614426509966943
1.3034374999999998,9.63265625,2.24267538359375,2.1420100218238356,3.3549824152796894,2.4800060068386727,-0.49861515628237785,0.43667820459359075,0.9293991540942574
1.17609375,9.623906250000001,2.2807698060937502,2.226530103930988,3.166029955434872,2.5580169924636715,-0.3124703217877373,0.0858495960970717,1.104689157346698
1.300625,9.7228125,2.13945865328125,2.4308144693445857,3.3747090007649176,2.666684523067583,-0.4924970246785121,0.12136850026389996,0.7599846934232152
1.29203125,9.66734375,2.3182257521875,2.1875258424812807,3.00245849377405,2.5169411033928264,-0.44651402218889547,0.19002863321670793,1.2491053807359456
1.1467187500000002,9.6096875,2.2656597146875,2.2172435411786493,2.9943942254392204,2.4433784764337165,-0.2659348123849598,0.23843489623080744,1.130779022373036
1.25671875,9.604062500000001,2.31631037421875,2.1943443316622937,3.0677952785500127,2.554394976932148,-0.5076250973533907,0.22669559264694347,1.0026382411743089
1.3371875,9.665781249999998,2.1666993820312497,2.0351078509120226,3.096149728234802,2.664713113509711,-0.2842616120942001,0.03148030071448006,0.960766428857757
1.33359375,9.659062500000001,2.200963088125,2.0722725803959614,3.383978205617429,2.5617704608713066,-0.06918574356623478,0.46469710808904496,0.9134667943782951
1.3820312499999998,9.7346875,2.09519253075,2.219504575693287,3.434949949030371,2.6462898898011513,-0.03043184957096313,0.15010552230239546,1.0120071577868026
1.4606249999999998,9.69453125,2.0068731162500004,2.1130375610421597,3.3997733976360007,2.8390699463869584,-0.13225324508126213,-0.3061804504424679,0.23885732134353183
1.45796875,9.69203125,2.1111538779062498,2.073734689280053,3.4639767517296414,2.8565787312604307,-0.2967515858315005,0.07768965094441625,0.567116284099296
1.31015625,9.705156250000002,2.2147962406875,2.417500318114961,3.183615766795035,2.778125952162076,-0.42850315492404784,0.028450145256220024,0.8210430479652192
1.375,9.82625,2.1286049550625004,2.312852675809681,3.291936882368798,2.798046599574344,-0.6252477669734823,-0.1461842297429797,0.6121308554656544
1.339375,9.468125,2.08008249090625,2.2174414274958876,3.3526910250386925,2.980821060971336,-0.38191427589315,0.28127989330908443,0.14451190382564916
1.3371875,9.50328125,2.18989653640625,2.359733478561456,3.5617617896061544,2.837859055177436,-0.4020152730655076,0.18188413348781735,0.5575649005235919
1.3709375000000001,9.82265625,2.24608048640625,2.4420839709341995,3.521977091327531,3.1651759938358226,-0.23788262929512488,-0.05326953291665299,0.2504373040230531
1.3490624999999998,9.6153125,1.9830375091249999,2.5729425753587565,3.8744511582085726,3.1199374493486762,-0.5779026652635726,0.08039559114994654,0.2681325471149913
1.3478124999999999,9.702031250000001,2.0600775920937497,2.5298557695733863,3.758586910199555,2.9119745498809744,-0.6344587992753238,0.3186506488886218,0.5862935587511722
1.330625,9.6578125,2.14903548515625,2.3854958047280235,3.3595979431836405,2.669570217189864,-0.12550839748194115,0.21130518406315377,0.9618527255672921
1.35609375,9.813749999999999,2.1928759839375,2.383123355747859,3.3640249794702775,2.46893108447534,-0.043229060178110554,0.22986320962435827,1.452463563561355
0.89203125,9.8753125,1.8129959560937499,3.1720361065920164,3.6420945934096425,2.5032370206155465,-0.47889754486904973,-0.08995502352196737,0.25564632384807495
1.11125,9.7715625,2.1692531709375,2.409479650775246,3.647743831273483,2.855356958472816,-0.7322412843129436,0.22157266675009124,0.7057380507346248
1.33015625,9.36953125,1.9664377236875001,2.544047275127948,3.9028396832016345,2.9588790284022686,-0.5779660847246841,0.1311927617110419,0.6372786684857213
1.1639062500000001,9.74546875,2.3248231031874997,2.4709870353182626,4.563766238565845,3.1068538985251664,0.04871963724285403,0.11142501319112406,0.5170431662551473
1.2420312500000001,9.588125000000002,2.07242103984375,2.4065575645563597,3.7728615114227293,2.9740605238147,-0.6213629110950977,0.3402121660988092,0.530783173870602
1.323125,9.631718750000001,1.9698428201562501,2.3204962258911346,3.825542263313586,2.918586184679842,-0.12719782282886638,0.0810827681919786,0.8584118348719657
1.31078125,9.709843750000001,2.0945540871875,2.2923870642080577,3.87925350912852,2.724488188385233,-0.5137160757787577,0.09573257328416428,0.9682261092011623
1.4132812499999998,9.7771875,2.054331495625,2.8653032423983396,4.097842217538854,3.183566459162752,-0.609715776478568,0.06270167562926891,0.36102157480597297
1.3034375,9.87484375,1.9813349610937498,2.6489680884438287,3.9824179967183175,2.633079059433139,-0.9082686887104532,0.1328812866045338,1.23090226729581
1.25484375,9.28578125,2.2171372209375004,2.3645738200753934,4.023218085643436,3.270812833787244,-0.2903888031504145,0.4599701190584595,0.2574236722400611
1.5262499999999999,9.638593750000002,2.3007746864062497,2.452490761960175,3.6575888006938313,3.085866796427192,-0.7311178988636512,0.0020158237259843333,0.5530362120370883
1.4029687499999999,9.77703125,2.1671250004062497,2.236959906664274,3.767360100126272,2.964803433180358,-0.5261357046131198,-0.06092397536661679,0.776053567828699
1.1018750000000002,9.602187500000001,1.940686710625,2.781235042094609,3.9645867804657464,2.8085940449419597,-0.5729387241227805,0.251337767589048,0.8394574842041657
1.39640625,9.559999999999999,2.18627863275,2.2854535704014944,3.5762593935563456,2.861100867246504,-0.5964940308576488,0.05670688950827912,0.11802909303984091
1.521875,9.67171875,2.0832747590625,2.439974945440014,3.5665111430357874,2.741992044864834,-0.666134911208552,0.39962460873123695,0.7224514957387536
1.34953125,9.760468750000001,2.00857567546875,2.602659354924005,3.8325894598526253,2.9879293810139367,-0.7458251055538838,0.20661810210019002,0.5760256140786911
1.1862499999999998,9.85703125,2.0168755626562502,2.6296390555549634,3.8999541983238006,2.951518380590689,-0.46892488127344173,0.01405611110645152,0.5893236354796151
1.226875,9.45734375,2.0496495286875,2.469471018128174,3.824975589050986,2.566308567556726,-0.4091998431363282,0.4370566768505965,1.0416302217742974
1.1745312499999998,9.670625,2.11349487171875,2.3120586941670487,3.665321811843402,2.7046986571600256,-0.05414966233131275,0.30932177900727564,0.8300362251596112
1.21671875,9.84171875,2.29928497125,2.5463896345411157,4.0724472658830635,3.1957415970960708,-0.6113949607820455,0.16720434083051458,0.40839389948714017
1.4271875,9.643125,1.781073285875,2.3037431963749238,4.069678609469672,3.191509142029843,-0.5444554848344634,0.21034513037824748,0.46460362685303097
1.50234375,9.60921875,1.96728898078125,2.267036709966545,3.764301605497152,2.9358157968020913,-0.38516694578663935,-0.031790579637700864,0.3604975083371323
1.2821875,9.7553125,2.0675262174375,2.406027891534874,3.841793188387911,2.8962453031339983,-0.5492088776336846,0.08557095818077316,0.5222284443627884
1.570625,9.784062500000001,1.9076999267187502,2.3909137080570266,3.764922276235427,3.29478000189861,-0.6936266680915231,0.00994267926806728,0.27689405330926786
1.2428125,9.86890625,2.20394250403125,2.428720386302991,3.929154694868979,3.126035614149886,-0.46346985162580373,0.06057942499327605,0.9010347109675089
1.265625,9.3771875,2.0477341826562503,2.3555346228351217,3.9887170825772724,2.9785551816650155,-0.5634246882994979,0.2599869892248139,0.6471500670059256
1.2546875,9.87546875,2.24352665709375,2.623642487524501,4.1079975085524865,3.4486567767568634,-0.5365113199130654,0.020871224563328947,0.1398615528999094
1.3698437500000002,9.582656250000001,2.02049347978125,2.2726680989722055,3.808207518877607,2.9289550307833028,-0.0026876431931870236,0.08258241156513799,0.6991635938764433
1.42578125,9.72953125,2.0492238813125,2.487404398092204,4.0392598446712284,2.9970693482419977,-0.43011357224000846,-0.013334908019596253,0.7892574928372985
1.2709375,9.915468749999999,1.9772914189062503,2.6307304824123943,4.071042146093975,2.996023305632269,-0.24751119917470574,-0.15278749637247904,0.8073792907646108
1.37359375,9.597187499999999,2.072633864125,2.473789076995235,3.8008376826488854,3.060291075963919,-0.4695046820187785,0.1980694878807169,0.640976793679816
1.30765625,9.56625,2.1386074096875003,2.450650259489497,3.8596132011511206,2.9220869008778463,-0.5983302777944751,0.1499584155095905,0.7330099197302588
1.1920312499999999,9.974531250000002,2.26608533225,2.498315794995388,3.9874721510342157,3.1895591729836865,-0.11392771451263504,0.08201713708189333,1.1389574487072107
1.1753125,9.70921875,2.09859761484375,3.200901225021439,4.0767175462801495,2.8789544390719897,-0.31303060749614126,-0.03599523486726258,1.2371438978927207
1.1398437499999998,9.74296875,2.0317728078124997,2.5376831782328417,3.5822512473336428,2.818087004094173,-0.5359924647100669,0.37582833776722957,0.9903925191977828
1.33625,9.62015625,2.08561574375,2.4863191292551323,3.8325699162684477,2.8529797856085573,-0.42489268464088786,0.10069056186897209,0.9354799642959416
1.2493750000000001,10.04375,2.08582854515625,2.6959969601939466,4.233693164661322,3.0845152981633768,-0.36957183162026264,0.033086224838203185,1.326377916167145
1.104375,9.6634375,2.3690892527500003,2.7517414230583146,4.253459701653908,3.218893278751691,-0.18096975586045894,0.03467012074899371,0.9740632780278078
1.24953125,9.752343750000001,2.1403099551562503,2.472663309626573,4.054474280882287,2.914848777419062,-0.614419899112003,0.17159456947458746,1.0946294929174938
1.34171875,9.65203125,2.0513520728124996,2.5471556162508873,3.8677719602535308,2.96717492113151,-0.49899742354951737,-0.1513845518302144,1.0625486359575522
1.33015625,10.05625,2.06497243125,2.8280572462533247,4.084255019278302,2.9001194165323,-0.19161406765983002,-0.08989767430750978,1.0662783428755902
1.16640625,9.215312500000001,2.4199527282812503,2.5641746766671214,4.343017013245947,3.0511821557382692,-0.20833370621758326,0.0805680726872856,1.0993033174686018
1.114375,9.7775,2.04560595921875,2.5985896866136833,4.303319576210904,2.8594103158420743,-0.031980052421325664,0.15406141647389812,1.2515291000914703
1.410625,9.7446875,2.09646947553125,3.0710446487107608,4.272736962690747,2.9582615608935616,-0.2301703162163267,0.08164348808951016,1.0626764080572855
1.0440625,9.9796875,2.02028066740625,2.712935862878765,4.258655512875366,3.0334959103533623,-0.09720698573422276,-0.012049342787860864,1.2827065400857065
1.0457812499999999,9.85171875,2.3835608386875005,2.6574581397735013,3.990050733812596,3.282545290493053,-0.24947270398010493,0.20818959550632385,0.823990013446755
1.36859375,9.529218750000002,2.01921656125,2.557369172599243,3.8361432066788694,3.060790590738082,-0.17963711926499576,-0.09009207555895281,0.94344644386312
1.22421875,9.7075,1.91557422525,2.87047078275471,4.396055760565373,3.0068782134298666,-0.40894051512040425,-0.022508368321474608,1.1135460866555644
1.256875,10.035625,2.0924259217187497,2.878223125363112,4.441400354547539,2.9089623194130767,-0.051857977023905016,-0.22479098127615868,1.179035163080409
1.2024999999999997,9.27515625,2.2173500391562504,2.4265607091107366,4.482108875918337,2.88464041956495,-0.09098449341758003,-0.04354724029439186,1.104717744667731
1.1621875,9.7846875,2.35142533,2.677813047029936,4.355672296252756,3.087137466423335,-0.27844812799005525,0.14655076945911216,1.121089695411706
1.3,9.609375,1.85258010390625,2.6711099050769143,4.415611464947409,2.9438118356454175,-0.1866615580285595,-0.019322561260160118,0.9561334131877463
1.2404687500000002,9.986875000000001,1.8142729110312499,3.8672496806869656,5.345842682344384,2.8861513843163786,0.07375227924885629,-0.28514469142648163,0.9360879990495887
1.19875,9.78875,1.91408448734375,3.2075918244845307,4.754042523211167,2.950425758201646,-0.33683955534005805,-0.11565255939148845,1.3425376393137856
1.0984375,9.639531250000001,2.4218680808124997,2.679948821077326,4.470145561698572,3.2179565702426385,-0.14467283034453057,0.08309568451508417,0.885153571857081
1.223125,9.83546875,2.02794207578125,2.4014090102219154,4.132532111826046,3.0694267356775495,-0.11132600368515468,-0.015126603023353767,1.279798028605269
1.3196875000000001,9.9625,2.2352267282812504,2.3714973966554864,4.059452318355272,2.7526227444704454,-0.004359619836614474,-0.0858986008527719,1.233427944328079
1.3709375,10.0171875,2.09008489265625,2.757868696311293,4.379521759261364,2.845950872687446,-0.23354936455457403,-0.1750213698751821,1.3305326235199175
1.2196874999999998,9.419062499999999,2.18117097690625,2.4892631745847504,4.059649661127638,2.5903736749053623,-0.2090358556575008,0.10673776151603272,1.4797396584275808
1.13859375,9.774531249999999,2.6021248642187498,2.4658554975831284,3.936822135971276,2.9137452611469303,-0.4964335210743154,0.0771883733889749,1.1670638783737313
1.34015625,9.779375,2.2767262470312497,2.365489835760437,3.9879160735119537,2.79644644519349,-0.005446842658731209,-0.1845671076824398,1.238755369804027
1.16625,9.7265625,2.13711768525,2.498906323274244,3.831218482231697,2.8733231485646704,-0.22830116514680973,0.10665080667267886,1.2731694996083922
1.1665625,9.710625,2.1992605268750003,2.4734409349312854,3.766713950431463,2.8145520198597707,-0.30653437630693176,0.0889756730663042,1.3286775126258745
1.28421875,9.75265625,2.1560584700625,2.4223695815561337,3.9691636564691986,2.868812160526832,-0.15088515157361904,0.003530980541631549,1.4216523621822401
1.24109375,9.895624999999999,1.85960309203125,2.3706487226518687,4.26668118792288,3.0396766452597563,-0.16428066612038228,-0.24668966422092203,0.956362284391555
1.18984375,9.7546875,2.1786171975624997,2.483635498233575,3.993663719236229,3.1405392507179863,-0.24429544367020672,-0.02839579200418002,0.9513475997611319
1.25640625,9.60921875,2.28545177490625,2.3548675435066273,3.82253977443642,2.947023725150315,-0.14757430777601066,0.05089478202719605,0.5670171898319079
1.2067187499999998,9.8390625,2.2379933395312497,2.3656731697126796,3.974294245031909,2.986010598428143,-0.288838474814052,-0.05670480212224152,0.5591976997620858
1.24890625,9.7225,2.1343510768750003,2.267549005250148,3.84622217247002,3.149975699289766,-0.15363068196810775,-0.13124492942098165,0.4784993429597133
1.290625,9.6834375,2.21522189459375,2.337172353373837,3.7142770236741565,2.860161947381523,-0.19238547480773502,0.11344039931235458,0.8531412040657271
1.3621875,9.67,2.12413579759375,2.1030680480773203,3.3485467930133512,2.644243990966624,-0.14908947676022044,0.21348396104402723,0.7965425826840828
1.2674999999999998,9.697343750000002,2.2760877909375,2.1822014400600143,3.287131748475552,2.446917008867243,-0.33510214909595365,0.35150767360379054,1.2283474353603598
1.29578125,9.64890625,2.27587496959375,2.016622179449695,3.0474195627138276,2.398175797266665,-0.22321676550529776,0.0581677754731976,1.1433959167808452
1.32953125,9.789375,2.283536433125,2.242128194990964,3.2742393558466367,2.6541776133932213,-0.2740580230885114,0.017613807114474727,0.7456607914823506
1.33328125,9.82796875,2.2226704799375003,2.285655714646989,3.421354894120667,2.5210614179702113,-0.4317339786571498,0.39454042371385317,1.4079537496006178
1.2659375000000002,9.8578125,2.27949287515625,2.2113752216875704,3.4701758190102923,2.6679408398008575,-0.258733257432743,0.14800259202521587,0.9801169452351275
1.38484375,9.70375,2.11881533853125,2.223892274950821,3.437247490725682,2.7578354798539726,-0.6163852573069925,0.2731958169818914,0.7562141036721389
1.38109375,9.71609375,2.1371177146875002,2.527741158863173,3.6139956320824376,2.7847041372725365,-0.5100884716906018,0.3989900886557079,0.8126550098670265
1.3375000000000001,9.6603125,2.1339254115625,2.280842771871836,3.380532025782887,2.6453450180376574,-0.711854701534656,0.13745126868392055,1.055920532973984
1.38859375,9.681562500000002,2.13456387140625,2.375169643406748,3.5027356356987247,2.6442988160534826,-0.05445538420329924,0.24965031814236505,0.8950765681259656
1.4728125,9.77734375,2.1088129101562503,2.2693180891721085,3.334599039890094,2.869718246929411,0.11865269029597847,-0.14162311377158998,0.493169798237241
1.36828125,9.66765625,2.2267140409375,2.2702323357750056,3.452577724590127,2.556721504099725,-0.27692831287701763,0.2420955559367151,1.5003140129817796
0.95359375,9.13921875,3.085860035625,2.0329053771538255,3.3250339775930766,2.7639962016934687,-0.43225567719493213,0.2719249422153876,1.0459519887344273
0.9384375,9.145781249999999,3.1858844242187496,1.5536883724202064,2.326387895353747,2.39536754310312,-0.3367077387297476,0.23341827400519405,1.5045729153816687
0.74828125,9.33140625,2.7204516337499998,1.605066737988934,2.4208062107407398,2.5147266860291504,-0.15777819373599128,0.19174146201217782,1.4076377768341706
-0.26453125,9.172656250000001,3.333792905,1.9473908262784432,2.393450204586663,2.4101554558914717,-0.18523876724287147,0.26989924434443496,1.0499057652130062
-0.41640625,9.0503125,3.4495658671875002,1.2397774084330369,2.640767507249313,2.268461678831576,-0.15260234935027836,0.19749512079322964,1.3932965645017255
-0.27171875,9.55875,3.19290745453125,1.0772731122600423,2.6512965578184575,2.3087152011538525,-0.06605456492392205,-0.09908534141054143,1.5809049392028491
-0.5990625,8.889531250000001,3.4759552975,1.6026596242164928,3.20453703251709,2.731553832970827,-0.4284969837313146,-0.05838510325917022,1.4629547774675478
-0.69875,9.56046875,3.3042112409375,1.3261203989457369,2.8880548328889875,2.196043106588859,-0.47713938472020706,-0.2841933405436635,1.212595976772348
-0.29625,8.88375,3.400617736875,1.128473111110761,2.8985359990001847,2.517341682008154,-0.0910579010367784,0.24016012542106419,1.6455139362323847
-0.6275,9.568593750000002,3.16885903296875,1.465238888372814,2.7794524343764073,2.4871744311354838,0.07183171849037473,0.13261075936271896,1.4557101754210287
-0.83421875,8.600624999999999,3.7060114961875,1.4380083934554895,3.1048182691383084,3.0390498548788796,-0.5064644203355844,0.41273166513062887,1.4026967866407818
-0.56953125,9.475156250000001,2.94412328375,1.7648188909271787,2.9845309473325847,2.2743243537698286,-0.22842854666805934,-0.23959438702103616,1.6194703272476623
-0.45828125,9.22203125,3.02031211359375,1.6628360136821783,2.646926389517366,2.127258397679419,-0.6411347870083068,0.17018880302887057,1.0408248715313726
-0.86921875,8.852656249999999,4.003956613125,1.3530790173335914,2.4215995760727944,2.566127774473005,-1.3708438802178051,-0.10809513302082915,0.9151613584918341
-0.76234375,9.82125,0.81573114334375,0.9956149829808396,0.885999612020231,0.8403086807939384,-0.1597456994542076,0.5080118351036037,1.5047940395438708
-0.11187499999999999,9.025937500000001,2.88581117459375,1.1885493718710216,1.8038939813896353,2.790166478474696,0.3566667417854834,-2.1676307148615503,0.9853391321609832
0.10687500000000001,9.03171875,3.5468237026562504,1.1358846703671108,1.6249534173010738,2.447294463395994,0.372525452859729,-0.06288043203368185,1.015292352962023
0.27531249999999996,9.40625,2.624470744,0.964962707747688,1.7009634218583303,2.0103511492126422,0.11707827129108647,-0.3077671959930698,0.6149002514807359
-0.44093750000000004,9.06203125,3.6368456665625004,1.017722209688749,2.447510329196475,2.49045678304385,-0.3538404614209452,0.11168038119134718,0.9791302357918635
-0.27421874999999996,9.10578125,3.47574248484375,1.314662272086804,2.686344405441796,2.504073787417862,-0.5704922749634622,0.09310239442934204,1.4442085693620417
-0.34046875,8.9759375,3.5212855098437497,1.3828067355105838,2.6381567421390546,2.8005954232300985,-0.10529213048660362,-0.27584185355116253,1.4176131078510463
-0.4378125,9.01515625,3.7560237221875,1.0617298219621365,2.6553936809041967,2.399961654476796,-0.35049166167468243,0.07466832459808094,0.871713860017258
-0.70484375,9.12609375,3.3589054325,1.1959828492022524,2.7882592111765607,2.389209775337235,-1.2191691602213124,0.11076849395487041,1.3792255938993145
-0.33562499999999995,9.2328125,3.1239544493749998,1.352923772566289,2.841256582015033,2.4733103933451073,0.036714429316565024,0.04797737753254404,0.9598302092589361
-0.56453125,9.07765625,3.498726870625,1.4237757127699,3.354068770811943,3.083693587389282,-0.6466734160994702,0.47048299173692915,1.5723494275996437
-0.52765625,9.40015625,3.3535850040625,1.6183254676782224,3.484039274044702,2.6789849930776612,-0.2673591136071587,0.24903712777764964,1.1063966503984781
-0.5609375000000001,9.095625,3.33741081140625,1.3816223692072123,3.171982264196161,2.657736236076785,-0.705382197562554,0.36719559065658014,1.1934187646161423
-0.95265625,9.205468750000001,3.36209773103125,1.641270698829397,3.137053718104527,2.3595892016833684,-0.6530563393610158,-0.15298172420810294,1.3130754410943453
-0.9815625,8.98859375,3.45105560421875,1.4853432039746741,2.573800610956672,2.4531217333059527,-0.39215642677458923,-0.10331813371828001,1.3144293228277901
0.06765624999999999,9.389375,2.27204424365625,1.0544722349763114,2.1639524565884067,1.4935059479531447,-0.8830407472442661,0.9276696122317056,0.5523312876080626
0.3784375,9.23390625,3.9058475309375,1.78153043296873,2.737006586347745,1.581448906119799,0.10221661964662503,0.38345350169540865,0.010117405419151291
0.48624999999999996,9.64421875,2.490608284375,1.3101067466050238,2.0106775946552045,1.6928999681153392,-0.9762474014964981,0.29169888219547935,0.4930535435592963
0.59109375,9.5946875,2.8700626512499996,1.5970237134153449,2.8443051484226776,2.2146503903319132,-0.29259484645187334,0.3330251598477252,0.7376852291043057
0.43140625,9.66390625,2.0843388444375,1.8087079877528427,2.1821825493553324,2.1823167023686496,-0.4365263257728915,0.5635711540902923,1.0474674237349608
0.25484375000000004,9.17828125,3.8049718378125,1.908344334910746,3.0263460614077893,2.016395718001227,-0.030376946158507792,0.10467526128876768,0.09506071035030664
0.3496875,9.017968750000001,3.643868676875,1.9322711448820402,3.363659734801283,1.8646465219990358,-0.14612060218806505,0.49684359504917097,0.40460024278900414
0.93015625,9.60140625,2.8179222538437503,1.912135988387316,3.114709992111776,2.248488410391415,-0.23005178084593156,0.4524670415950034,0.41295121575250493
0.18234374999999997,9.50125,3.487447480625,1.7751951848560028,3.2641918505964074,2.0725002998068986,-0.21043180630362304,0.005686748197503591,0.22240482399709147
0.3353125,9.380156249999999,3.754746785,1.7697404194807074,3.4813424548708127,2.110211848529163,0.2138368826777265,0.3488279868704495,0.38631774697961885
0.57328125,9.27265625,2.777699648125,1.730142745815627,2.9943922808870482,2.0122145836686856,0.3535919163670794,0.6403034583013636,-0.23465399703923634
0.61765625,9.065312500000001,3.74516998703125,1.9636483441125443,3.884370512366676,2.047612679706456,0.15629288605127734,0.2444150949959306,0.19728565037478626
0.43171874999999993,9.685625,3.0290376214062498,2.167541489429542,3.9366550184611047,2.5160673212048024,0.060615969865927516,0.15117703599120433,0.4277802748327744
0.43656249999999996,9.065625,3.852855866875,2.0031718744515534,3.9807246023023244,1.7838325488127111,-0.014545857584829581,0.07477476690318606,0.3801088465778789
0.7223437500000001,9.59328125,3.42934816484375,2.245352660348912,4.190340847818759,2.364085013366031,-0.24127265065696324,0.1491288455066865,0.5889227237261525
0.56984375,9.07125,3.62812014775,2.0081470720756327,3.0485516540645983,1.5975619946932245,-0.3203005537062387,0.23811624932144204,-0.0339327886430003
0.511875,9.25078125,3.47318866209375,2.0175649579071795,3.904599173045607,2.18980451774663,-0.018966753894095346,0.04076716531606596,0.42469914582127466
0.54484375,9.15890625,3.4629733878124997,2.0300454060404505,4.019711633464636,2.2583633867721735,-0.13429941657474653,0.4420721034518276,0.4019851801169729
0.23828125,9.15375,3.830084366875,2.093947046464747,3.4682098678569035,2.1818347975567463,0.30630334563415373,0.33562285993180346,0.47609418707366974
0.07703125000000001,8.824375,3.48659618078125,2.32980865609677,4.20494235803239,3.1828206493680153,-0.36856463759150787,0.504822882325076,0.4609844029799627
-0.05281249999999996,8.97375,3.32804683984375,2.6134355195496504,3.23844218915515,2.85953334335731,-0.04002025073066851,0.5244853068409393,2.0128322098312834
0.01328124999999998,9.088125,3.50660109,2.114629145003548,3.737500783862794,2.668566149363785,-0.3537432385768224,0.22790140792619054,1.1999084884092208
0.05515624999999999,9.22828125,3.52681880875,1.8707785747078507,3.278623736935734,2.521478809836481,-0.6029791118503772,0.6882068190392454,1.4585819207188644
0.32890624999999996,9.12140625,3.2573913028125006,2.3526408812674617,3.1169701169502635,2.654801166528524,0.23159252103037128,-0.033362822643953204,1.4622892884346141
-0.47359375,9.12421875,3.7294214601562503,2.132020291287336,3.4671601332572513,2.3412292884660113,-0.3686070276302101,0.369798873878664,0.5374066026374997
-0.04906250000000001,9.307187500000001,3.2967625953125,2.0027315087384405,3.4944171852890933,2.3466057451921363,-0.4543599686642711,0.1105804863057485,1.5841942223104657
0.16703125,9.135156250000001,3.0458502529687497,1.8944999997422638,3.4159799070817054,2.263937911684655,0.3156808312309049,0.37996545461232833,0.9187382662593453
-0.5134375,9.02421875,4.011618023125,1.9679218248176806,3.5478689927403515,2.3874527944713932,-0.7651303117137814,0.20187115640972414,1.1352505815970977
0.7262500000000001,9.354218750000001,2.76897414875,1.742780196266873,2.7036068528261348,2.088031557594705,-0.42544026233086546,0.305265759028307,1.008422749951972
-0.5803125,9.02078125,3.7385726159374997,2.000319481318859,3.560304720406448,2.3160073760618056,-0.6879386691070465,-0.03420847423410724,1.1585635214721677
0.07531250000000006,9.177343749999999,3.5140496854687493,1.854000715302923,3.255796389800188,2.224501851420287,-0.35835914827391807,0.30197933533822446,0.9535830414588128
0.14671875,9.44359375,2.8853855150000003,2.0470604341099548,3.2483050230021404,2.7485635325866857,-0.5509166342815152,-0.33946103888755397,1.300107704715322
-0.633125,8.718124999999999,3.9049962595312504,2.323764372602136,3.7395905002252587,2.5981501240219895,-0.37935054792490647,0.1781257067774717,0.7318187373167424
-0.37703125,9.024843749999999,3.1724769268750004,2.175722351087895,3.3883901008570336,2.590774803611179,-0.6943199282743914,-0.01758904642191942,0.8367686667069881
0.215,9.297968749999999,3.42870972734375,1.9944281761948712,3.0083187682696524,2.360938934468046,-0.2948091414518166,-0.11362044540544959,1.5995045162074815
-0.20609375000000002,8.79734375,3.85136612671875,1.67316374832559,2.737862557148539,2.3207281496881245,-0.10740293827784027,0.17563224510004935,1.3631461647845402
-0.06250000000000006,8.989687499999999,3.33294168390625,1.8467090661498364,2.201539921814671,2.6312507694028877,-0.6016950473960598,-0.4952982047148986,1.180322846408943
0.09718749999999995,5.082656249999999,5.71288459921875,2.4868796140633247,5.385138183634282,3.354833162648044,0.6351641789281434,-0.4814627275909458,0.014300767355871373
0.1825,7.727187500000001,4.571542084374999,2.55946710762221,5.049428949380688,2.787070837178361,0.21590542257520975,-0.06052290934606372,0.42033877276098475
1.1759374999999999,9.47359375,3.3014445807812502,2.3221741689834015,3.9454757979819033,2.1428139458374083,-0.08870255942300782,0.19330983827081288,0.5835785236678881
0.5662499999999999,8.935625,3.935003590625,2.1095330496344444,3.669055939117718,1.8893442013738506,0.1138735034365578,0.339966373577235,0.5464566018840885
0.9942187499999999,9.33328125,3.8030564540625,1.9318440062925468,3.3652428658119815,1.7677230524368974,-0.19947183392115156,0.21762682490510968,1.0111924489340745
1.29890625,9.249375,3.4361583614062505,1.9861844051373825,2.950892807164469,1.9250466942122189,-0.3529717937927118,0.5297333994175035,-0.01605830570417142
0.81296875,9.0009375,4.13739343875,1.9652549768473906,3.4099769604930983,1.6607240171227724,0.4001027432716621,0.24384712807707884,0.5674419648672365
1.7484375,9.4328125,3.0586193384375,1.6532101525800493,2.3353703324834267,1.91819289670917,-0.0559370803288841,0.815622374369709,0.2611789632875452
0.9398437499999999,9.095937500000002,4.103342603125,1.9038255009548373,3.1351159860671425,1.523433467018283,0.08772539336418246,0.2971455560072023,-0.44230484099698875
1.1324999999999998,9.329375,3.6700452478125003,2.185797194389269,3.0329558988509873,2.1886855515480432,0.18801383121237908,-0.0016928598729973648,0.4033890470175883
0.78296875,9.107343749999998,3.9694800800000003,2.105534878367831,3.252582744041408,1.540251241523963,0.010248868603531327,0.6184664545990717,0.28985024272121307
0.8882812499999999,9.25359375,3.5463980293749997,2.24216939779278,4.329125693770157,2.1211689549015427,0.42676808175838743,0.3167385532106003,0.4651403357859647
1.23921875,8.959062500000002,3.42530462875,2.2586274210565223,4.452843094147126,2.2744438461144583,0.1514287110708517,0.3342376926664087,0.6785722075532262
0.665625,8.9396875,4.0480099615625,2.3788520570592446,4.48216952516789,2.307755070180423,0.5461481317866534,-0.09455293667754171,0.2414135279082635
1.0076562500000001,9.25734375,3.4244533751562503,2.2367196559551084,4.507321558512986,2.4489178557051536,-0.31628062961822584,0.29429144088911724,0.7252897471934586
0.34078125,8.89234375,3.9688416329687497,2.44861715099532,4.245405509999715,2.1874001439433894,-0.11564772582837299,0.20124744657266636,0.5897550543939736
-0.51296875,8.881718750000001,4.2367793653125,2.1652537955222337,4.064871444264681,2.247938788885639,-0.4217295840141802,0.3176951086323975,0.23705649506824375
-0.11484375,9.45703125,2.94369765828125,1.7030918503081205,3.261146596524517,2.0317735949068485,-0.12519026811403985,0.14135889965848175,0.7773089456284475
-0.608125,8.681093749999999,4.1410113478125,2.8496512259178313,4.1295044032197055,2.4732876177620944,-0.4506164151311586,-0.09796439832369502,0.24321209135510719
-0.30874999999999997,9.0734375,3.6530197823437502,2.657318608578956,4.215999740108359,3.0224104021333127,-0.4497905769667987,-0.2894502923898523,0.36464086719309713
-0.96484375,8.87890625,4.1001502678125,2.124042425561678,4.278992695858563,2.2473805287463753,-0.4678692618915248,-0.27269501651591105,0.592903195124861
-0.7737499999999999,9.298124999999999,3.313362400625,2.2942880840251947,3.50517602758763,2.523224816272758,0.1342923662422197,0.39417514455903424,0.31585216733391436
-0.13015625000000003,8.9059375,4.0009771125,1.6817099669936957,3.1943028967356475,1.66797133332181,-0.4796215901013337,0.09581368419926334,0.5838023803070054
-0.39515625000000004,9.53859375,3.2629245593125,2.702957287969223,3.620126839623294,2.416051184018041,-0.16941724620210544,-0.6049927115600989,-0.16885127091992758
-0.49609375,8.59390625,4.194215846875,2.31441313915881,4.509178007543164,2.172929603857498,-0.6500297635169312,-0.14532510204440277,0.40681809592127965
-0.23265625,9.34015625,3.0224402925,2.735529680306163,4.326922077306909,2.66489954664833,-0.6905470866580543,-0.16337255202340303,-0.5725532934652947
-0.6089062500000001,8.84765625,4.3461678410937505,2.531944112971481,3.8588962728137606,2.240202717529238,0.26479425820200947,-0.0731707714640765,0.3626329862321308
-0.26093750000000004,8.879999999999999,3.70111666671875,2.0027993836362517,3.55961242623407,2.7128567465703743,-0.4159009809713687,0.039325666705167225,0.46974914891163855
-0.746875,9.057500000000001,4.1908107327187505,2.4616939512000675,4.455968609629112,2.1918471669521713,0.17617174259819618,-0.42438784963729154,0.670253723610606
0.96828125,9.731718749999999,2.138394613125,1.4912982543403037,2.1838766811334467,2.084185813505254,-1.6997668897961218,-0.2623452469563722,1.5646000692492292
1.7471875,9.8646875,1.0202491885937501,0.15415565135196957,0.061744654373880804,0.15791893750391062,0.1674439482685192,-0.29071781298296606,-0.02915496574507366
1.7389062499999999,9.87125,0.9444859999999999,0.05761177146154685,0.05354612497650986,0.10348381746611757,-0.4765369106488436,0.04801177840184087,-1.1771012847278597
1.7701562499999999,9.8646875,1.07068704703125,0.08193923410636385,0.04866880257156538,0.07305547065906517,0.25690980389587453,0.3225342598501392,-0.30068268306390034
1.77109375,9.879843750000001,0.93873991296875,0.13870063522182405,0.0658001754248231,0.18624464299604399,-0.2773591797587182,1.0186344537435867,-0.44098079772408094
1.705625,9.87421875,1.0998430953125,0.04582149468317245,0.03851966573631597,0.05605478867103325,-0.44223685037960225,-0.3405416197585784,-0.11028313350981353
1.8514062500000001,9.84515625,1.02173891328125,0.29328882515523413,0.06468655645447138,0.2222388905264398,0.7849308063452599,-0.5948337644248757,1.536237282050593
1.1629687499999999,9.56953125,3.0122250125,0.707439661047808,0.30613227169548357,0.5453096531582965,1.1427621232913694,-1.9040825807910562,0.7491486859374027
1.52796875,9.72875,2.1217947921875,0.3717827813703016,0.21854275897407355,0.6808746283420022,-0.8716953130310251,-0.9219058881723736,0.6754872001903023
1.49265625,9.90671875,1.04621295921875,0.28843999694206335,0.1058751429677311,0.3537021345704986,-0.7224384382144017,-0.33675720095280604,0.7755954609022334
1.52421875,9.91984375,0.92448110328125,0.21775706566822922,0.08979998934263572,0.20935747391624165,0.260352484238562,-0.5011276470928181,0.23377313524265125
1.57375,9.920312500000001,0.8042389693750001,0.15774286830154954,0.10099456591198341,0.2233958891264752,-0.48313031129759926,0.2857029845768457,-0.25297475921145224
1.4534375,9.91421875,1.0947354625,0.13097254900837046,0.06611554014327871,0.11235496570589629,0.08042350840970872,0.142268198984805,-0.08135826066789931
1.62125,9.87796875,1.113250623125,0.12913776558389103,0.060264512969387764,0.10830216605041558,0.38091838511795895,-0.013710885524835683,-0.025399885650035984
1.54984375,9.92171875,0.93448355203125,0.23781224334743048,0.11192289041316557,0.1928707144649117,0.3338529809197492,0.4716699522335374,-0.12001798235570878
1.6043749999999999,9.881406250000001,1.17667036,0.09093051949153265,0.03880508936901849,0.08209780634492421,0.9327293674594449,-0.2860471630549457,-0.37870070564321817
1.65546875,9.87828125,1.04429760703125,0.07361066684548848,0.06790514265088846,0.1243219236573591,0.1522722505321116,0.19815767626866165,0.38767553003395916
1.6496875,9.874375,1.06366404421875,0.09013824018556164,0.0625968000380211,0.12098171001296965,-0.3703438123505256,-0.22275737585467498,0.07575670998100749
1.5632812500000002,9.83515625,1.4337544234375,0.12890227266591348,0.1881903307450665,0.6518907052427063,-0.4849657882770218,-3.3886033227503494,2.2434904965151166
1.7273437500000002,9.2925,3.6879219859375,0.12612298298065067,0.04937104414532881,0.06575176450773458,-0.204652407550066,-0.7576069496068284,1.1370036415754623
1.6810869565217395,9.348478260869564,3.6173867065217395,0.0685003415056408,0.07818504781173465,0.10047384125770252,-0.4039703245473544,1.4728536070199396,-1.5456201226804895
