0.15281250000000005,10.465937499999999,-0.640625,4.546434203289843,5.027216774328888,3.965470052134425,0.0481383638794223,-0.17266649538011156,0.507182917121606
0.7956249999999999,9.94703125,-0.38000000000000006,3.695416872204677,5.216034077632491,3.852594499165465,0.11829484976826946,-0.3238304199092746,0.12604786684503705
0.47531249999999997,10.47625,-0.6423437500000001,5.97972955302694,5.620581737017975,4.0608992008342115,-0.07472123037616697,-0.5103187830453622,0.9137626891045895
0.3521875000000001,10.337187499999999,-0.46796875,6.096329958659042,5.317390240037282,4.5078491197602695,-0.10421348674072452,-0.6224173005260579,0.7605517696899189
0.7162499999999999,10.19546875,-0.6934374999999999,6.053405162592374,5.565995511161812,4.213559665958671,-0.08639667250253445,-0.5813723510975152,1.0294649657605406
0.2140625000000001,10.341406249999999,-0.7789062499999999,6.265025618151434,6.037990887701052,3.9410159370663473,0.07370830109763925,-0.4777688580577091,0.7970514618463851
0.0940625000000001,10.575624999999999,-0.63359375,6.0749340836830275,5.417463623262735,4.219269178123261,-0.08014713562723925,-0.5383819878451227,0.698604635106028
0.4014062500000002,10.4978125,-0.85390625,6.537619231032115,5.479651696489818,3.4579657211590367,-0.11689394128383125,-0.5830912074648406,0.42999217718358995
0.04046875000000005,10.32859375,-0.49234375,6.253869659480715,5.618954214082986,4.0217928768567806,-0.1367757575310625,-0.5580063035537582,0.7292638290821192
0.45046874999999986,10.51796875,-0.9098437500000001,6.6650207308584895,5.373802825888148,4.1642081675975255,-0.01535044979167232,-0.5328955614912715,0.6197922258782275
-0.28718749999999993,10.3253125,-0.93578125,6.663371066122894,5.978482763406093,4.393486586943044,-0.12750424024165347,-0.6695173925306718,0.9421073020196645
0.2981250000000001,10.00546875,-1.0540625000000001,6.575734482502696,5.79943098762917,3.8979380441579305,0.07156375069680311,-0.5068916189602888,0.9003510744321145
0.12812499999999993,10.03046875,-0.84296875,6.471860695300464,5.857477440654248,4.217416892959888,0.0810748188138963,-0.6485601497321811,0.49345693977928623
0.12031250000000002,10.658437500000002,-0.51703125,6.506209526471135,5.013446986215547,4.630233754792887,-0.1049102470714097,-0.5839221880144831,1.2635759916784288
0.001093749999999838,10.0746875,-0.9353125,5.909279809436251,6.216569333430115,3.7470379838405363,0.05108131651093198,-0.6011884665651068,0.9452282819667396
-0.05515624999999996,10.34015625,-0.9725000000000001,6.598249055665142,5.584211138387045,3.9906989519381186,-0.061288575313695776,-0.7029003253480445,0.8022145455989551
0.1593750000000001,10.416406250000001,-0.7496875,6.2388187170629505,5.648754665628606,4.571312711064924,-0.2811481227541891,-0.6248769669563798,0.6487659875346694
-0.01578125000000001,10.17921875,-0.8968749999999999,6.228881772810304,5.960784686360382,4.185618187242477,0.07872267003169561,-0.4747911088279272,0.5993386678153482
0.42421875000000003,10.478906250000001,-0.7029687500000001,6.374535719536635,5.505936885872462,4.507782395371746,-0.26073038813356336,-0.5864464853857043,0.7197519091004081
-0.37859374999999995,10.012812499999999,-0.77953125,6.580223891324742,6.155975874290262,4.173738742754922,0.04472673479635039,-0.5693986221942475,0.4047102339164772
0.38906250000000003,10.85875,-0.92140625,6.359089635796444,5.404863695089822,3.781305110006456,-0.16511076979968384,-0.644940316608007,0.4382047697193762
-0.05656250000000013,9.606875,-0.57125,6.664230830230428,5.90081505890288,4.353545789066655,0.033972799860375755,-0.36356080873343544,0.8224339691623296
0.475,10.0003125,-1.11171875,6.112606849781851,5.562363472692498,4.2395867113904435,-0.21469391948366492,-0.48333853996877196,0.828969134655439
-0.10875000000000012,10.0428125,-0.7200000000000001,6.487681957949233,6.219161033840799,4.314670106161073,-0.17126705832232972,-0.47484514550144435,0.643992199527131
-0.24718750000000003,10.0815625,-1.158125,6.057142083098576,5.765576244712557,4.033032696913701,0.048751707939709364,-0.5063924927119681,0.7171180440507454
-0.18875000000000006,9.98140625,-0.8321875000000001,6.134962178978776,5.923986428914312,4.391607574663719,0.03487356948823667,-0.3792204932500791,0.616110554443649
-0.2462499999999999,10.236562500000002,-0.70734375,6.527484799867405,5.879178625334814,4.054178493460289,-0.09174732797537277,-0.5278258514658003,0.8750577003315978
-0.07781249999999995,10.162812500000001,-0.6032812500000001,6.278449367864947,5.689024100392241,4.642630603537012,-0.4377788327350233,-0.35434754941138297,0.7508946892200684
-0.460625,10.06203125,-0.7709375,6.318948408111511,5.527780742442977,4.0429729619543275,0.0646577369658672,-0.42939389532568345,0.5647782569602353
0.39593750000000005,10.13953125,-0.81859375,6.014497256304449,5.613275121778144,3.992072952735325,0.010031912295163054,-0.39529342563291714,0.8544334795609821
-0.036093750000000036,9.72328125,-0.9576562499999999,6.340112286364567,6.441934893407294,4.012587126074141,0.042162481057269746,-0.44276905978750286,1.0107295677564518
-0.08531250000000007,10.18984375,-0.7587499999999999,6.448364852995195,5.630525755920662,4.396414554782112,-0.3965284300746805,-0.439772344711554,0.9487381728617171
0.013124999999999831,10.67015625,-0.72546875,6.297510637892961,5.799480173954036,4.325892946002413,0.001083447369892203,-0.8342816306051086,0.7898493491767645
-0.09015625000000005,9.6865625,-0.645625,6.0176408615076005,6.149576006408389,4.495971069677273,-0.30027454037778034,-0.5354418640036093,0.9741911697924293
0.34562500000000007,10.43078125,-0.6709375,6.399074121259653,5.705434992368981,4.621096568574796,-0.17008651059072352,-0.5958620465269352,0.8153705515809032
-0.38281250000000006,9.813593749999999,-0.8503125,6.286454552436035,6.04644946621246,4.2085456101061505,-0.15738075890283235,-0.4844745208402491,0.6629674683610941
0.3535937500000001,10.23875,-0.92484375,6.113407235123548,5.8215922166963905,3.7610453966398674,-0.16758493039734396,-0.47265865109009225,0.6812348999825265
-0.23203125000000002,10.1584375,-0.77890625,6.581559983128881,6.360263413066613,4.2674421924861425,-0.2371797260405767,-0.4315470203401841,0.6904643643032995
0.2807812499999999,10.2515625,-0.6942187500000001,6.402089821077835,5.763703295936889,4.119127943466728,-0.2569026718325316,-0.47556468155784515,0.9872837579619963
-0.037187499999999984,10.48875,-0.80203125,6.187407440911238,5.428973631129552,4.170301315435545,-0.3240979369085217,-0.5414685903878323,0.2805589754397928
-0.20421875000000006,9.664375,-0.7006249999999999,6.012681599307287,5.898922273125406,4.376655713484327,-0.11617730261181308,-0.2761380665146594,0.728185572715628
0.34859375000000004,10.280468749999999,-0.6749999999999999,6.136725222784619,5.282264970424471,4.308877101403567,-0.10812072924199027,-0.48507657125785214,0.709985973614443
0.05125000000000002,10.259531250000002,-0.78015625,6.506614302961257,6.191856150846323,4.154982510563184,-0.08732727770163522,-0.45909976150612597,0.9055424047375416
-0.01156249999999992,10.069218750000001,-0.9415625000000001,6.445605872111151,5.405929702849311,4.6726361733601465,-0.2657925668658,-0.43521742440743355,0.9275719790592135
0.11703124999999992,10.155000000000001,-1.0153124999999998,5.827580619264176,6.166028655058295,4.1871074326250275,-0.10488892676969434,-0.48572169495929035,-0.09275366221413106
-0.06062500000000007,10.403281250000001,-1.05375,6.0181607642514,5.361030117514584,4.530763767015447,-0.29287557941700304,-0.3923432584893385,0.4641883727663892
0.26875,10.523125,-0.880625,5.983038656276591,5.904837496440948,4.116698417345507,-0.40406409324173675,-0.506431147567249,0.40879234278437454
-0.254375,9.458437499999999,-0.7590625,6.692819817489113,6.2443552556363855,4.637352665702033,-0.21791211886181297,-0.4113490008405549,0.8163132632991081
0.4804687500000001,10.235468749999999,-0.93921875,6.555147888703461,5.632347681497782,4.410598848472669,0.01827757116141995,-0.48318080266022645,1.2013974930151872
0.17453125000000003,10.1096875,-0.8607812500000002,6.583556677835578,5.8814908209861,4.072622889754027,-0.2187911620203974,-0.36208761207416446,0.7906398697114172
0.3246875000000001,9.90109375,-0.8984375,5.67017938669878,5.855080891090314,3.6436096537079474,0.09338670564716087,-0.21725118978310667,0.7083652722550462
0.37078125000000006,10.41328125,-0.92046875,6.353617154987263,5.819310540854341,4.2606742533046855,0.10249718382144471,-0.5895137142644544,0.46283101490450773
0.15937499999999996,9.96515625,-0.7271874999999999,6.020258215755782,5.927427770592058,3.912612805382581,-0.07699234799622597,-0.4743084395159,0.4925658266657817
0.6843750000000001,10.037187499999998,-0.7870312500000001,5.690336346330945,5.86865068306538,3.8840409368367164,-0.0446151334113478,-0.5161686997855536,0.2841964473543665
0.3717187499999999,9.678125,-0.9435937499999999,6.692591882701233,6.076849737682757,4.8415542982043425,0.22936403734142838,-0.39740650696925967,0.26884603558267245
-0.006406250000000058,9.8628125,-1.26125,6.085090736584044,5.667225806322151,3.9341690275711336,-0.05598853416806054,-0.36980934234372426,0.3898581096169389
0.3203125,10.08609375,-0.9812500000000002,6.5627495116257295,6.027962087530987,3.8470814830855873,0.01738398116930453,-0.4797658171364532,0.3129978634402629
0.2778124999999999,10.198281249999999,-0.7346875000000002,6.114607118600814,5.700013584053852,3.7679864353980563,-0.09547020094891784,-0.32369244318106083,0.635840751620124
0.40796875,10.247343749999999,-0.5981249999999999,5.98572055491429,5.963668712029194,4.066779236616489,0.036730852419339814,-0.6066150272341803,0.06726678015070578
0.46562499999999996,9.55171875,-0.40984375000000006,5.394606355831257,5.937713036885366,4.2407135647301075,0.002297375749193822,-0.3323071089972846,0.6222176076388976
0.3840625000000001,10.10984375,-0.86890625,6.2000105137889685,5.571438742648611,4.219901552905108,-0.10275153116031206,-0.47544859490044894,0.8916193965506045
0.5798437500000002,9.87515625,-0.8831249999999999,5.797511721685946,5.95009217160423,4.308213403996487,-0.1940935797372237,-0.35244063642260237,0.35878457853351453
0.48812499999999975,10.15625,-0.52,6.1285963612702545,5.676646925122259,4.656916227505064,0.3369549609905432,-0.47180508478761185,0.8838236307116178
0.690625,10.16859375,-0.45921875000000006,6.019929628689607,5.28433057112828,4.161530031388509,-0.25337546541357,-0.6231998775746486,0.7222617435738482
0.56765625,9.694531249999999,-0.57546875,5.912112498450612,5.959761931509801,4.212305236479597,0.048102531849839564,-0.2951566451941822,0.5571794887678233
0.33796874999999993,10.24375,-0.9774999999999999,6.063174751029648,5.498531764253072,3.6050065013811,-0.03512807969861111,-0.24093948015281774,0.5075996098005066
0.578125,10.299687500000001,-0.62390625,6.249138159328452,5.4274237007390305,4.3599980709526625,-0.16932753938412998,-0.39930818566359755,0.24719431895022123
0.34125,9.865625,-0.8720312499999998,5.761607712913124,5.963473158267337,4.0953125566339175,-0.04752214617027022,-0.3232404702965306,0.35901019510630133
0.816875,10.217343750000001,-0.7423437500000001,5.921267778894567,5.410636007609082,3.8581066203950267,0.20974052402784243,-0.20241465598329939,0.1634432383158291
0.48171875,9.6853125,-0.9992187499999999,5.6128768121524315,5.5948399688770145,3.726032702774955,0.23334422529264295,-0.253621531644502,0.18092868602760598
1.1976562499999999,10.1396875,-0.7671875,6.498235996740649,5.756409734143649,3.726504087592519,0.19862939887671432,-0.21515768281964748,0.48199426963582154
1.215625,10.1675,-0.3553124999999999,6.394396197794988,5.687641756475174,4.576537299350214,-0.026248867022487184,-0.6421578351517017,0.3125097590713387
0.87921875,9.731562499999999,-0.6001562500000002,6.165376941205496,5.739361957882927,4.2511158432917275,-0.18016850116566227,-0.4021150987501331,0.6513877627660882
0.9912499999999999,9.91359375,-0.8453125000000001,5.63040143440057,5.715625339581045,3.350871140814542,0.23422093587022713,-0.26745625561775527,0.3005945518711812
1.0129687500000002,10.0934375,-0.61359375,5.925020748826407,5.654922418441632,4.357531327765864,-0.19393255998506959,-0.351316510384645,0.28272198928760284
0.7696875000000001,9.74859375,-0.54953125,5.806291837510732,5.72672050216884,4.29470547218007,0.09195686727786,-0.4210794757150766,0.1633556837766501
1.26953125,9.99515625,-0.68796875,6.231380121431643,5.413346929172925,3.3627728419450875,0.15117636858249303,-0.23801474265943667,0.40556330587503275
0.8706250000000001,9.785625,-0.8812500000000001,6.695322498533958,6.157197991730897,4.333433792906037,0.2401762634898758,-0.4792531373957321,0.5439213402567865
1.0209375,10.052656249999998,-0.64,5.844458839028105,5.3150529872086825,4.79513588180773,0.2555297664171691,-0.24126414789635295,0.6970079979940779
1.18546875,10.11796875,-0.71953125,5.663513134996108,5.093798674518206,3.783861878791751,0.13441377047259467,-0.17459498149264252,0.8494714846358937
1.1960937500000002,10.478281249999998,-0.8304687500000001,6.267640259995059,5.160297821676423,4.065552864343721,0.3270163349959122,-0.20200026435167945,0.6138268686064013
1.12375,9.77203125,-0.40468750000000003,6.329479021807403,5.64753242013921,4.55667778127264,0.06665546185124584,-0.2676437833199913,0.7145490986072385
0.9950000000000001,10.056562499999998,-0.6434375,5.914582350005788,5.191670076535464,4.402074872556548,-0.0016850648627415963,-0.4000164146411036,0.8341121089030433
1.04515625,10.32125,-0.8529687499999998,6.203826438222296,5.367743211769729,3.9048914356257636,0.38864916726252796,-0.33136006872730905,0.3289176363965204
0.6996875,9.93578125,-0.29015625,5.962562622509196,5.348378201814867,4.856790829661695,0.027551229225305795,-0.3043724675783772,0.5577212690765653
1.0793750000000002,10.055781249999999,-0.43046875000000007,5.9785731666824145,5.1192064218634945,4.306990476861243,0.05824870086065376,-0.1783025093777831,0.6600089507499669
1.1346875,10.2453125,-0.4985937500000001,5.918113869920361,5.412524817711578,4.222558787034342,0.14318393479861577,-0.35329556388168976,0.5843992504398923
0.7496875000000001,10.163593749999999,-0.6014062499999999,5.958961468019721,5.661762470508714,4.343487893958143,0.3083052126952812,-0.2982038359638252,0.33478925107928
0.9046874999999999,10.06640625,-0.6228125,5.889781662111402,5.454014681632324,4.038181238483948,0.25087288665415686,-0.33956993196577306,0.7820406841807801
1.08484375,10.35,-0.653125,6.079414032255571,5.264196282434765,4.592129093282875,0.25317912860043235,-0.2870375258579496,0.7711734132930115
1.1087500000000001,9.634687500000002,-0.39562500000000006,5.936936420621329,5.826995358016322,4.645482642780511,0.22232843693333226,-0.08539902491385251,0.7378627608681911
0.63484375,10.1946875,-0.83171875,6.235112015881185,5.526756499280908,4.200163893635395,0.2260041664185896,-0.2218377445021492,0.8564838695013621
1.3778125,10.270781249999999,-0.5726562499999999,5.976500195753678,5.178753259921584,3.4565622563228824,0.44069002654341327,-0.12453609575678251,0.5073744999122043
0.9942187500000002,10.60015625,-0.9475,5.423066131318006,3.935064918535136,3.711877894004597,-0.2289390597814029,-0.41734704874496165,0.43749751370267104
0.7882812499999999,10.231718749999999,-0.7037499999999999,5.91862514511592,4.8367113551873695,3.58279329748452,0.2872769469810497,-0.20904130586172806,0.6719150861254334
1.4425,10.626562499999999,-0.6314062500000001,6.8359868069650345,5.206830315421634,4.121293739223272,0.48140656689054123,-0.27176846653310377,0.7367587376954282
1.63140625,10.22265625,-0.5753125,6.201024327476948,5.162758541403611,4.301320643400554,0.20725174543594668,-0.39029960700416144,0.3726700693143247
1.248125,9.7890625,-0.9403125,6.373099195789674,5.813492044038053,3.6707202838603417,0.2468448403743078,-0.2829653645858202,0.9613768708667828
0.95359375,10.27375,-0.6068749999999999,6.442714967112928,5.432483749400453,4.781205024298268,-0.3162653019840776,-0.4102348737769025,0.7941444505366101
1.3604687500000001,10.23125,-0.5910937500000001,6.2080551075013375,5.513574300079759,3.979644345442308,0.34332267447199827,-0.2661403384434299,0.5805616723328214
0.5796874999999999,10.055625000000001,-0.87171875,5.9897388738862185,5.874354718552072,3.7692761053547716,0.3077492819266944,-0.15435329448418791,0.5951437398353102
0.9314062499999999,10.2790625,-0.6085937499999998,6.625738842571517,5.568748097292043,4.198789210589279,0.010622541668101436,-0.19058006923023146,0.7055350380380188
1.20984375,10.551718750000001,-0.5901562499999999,6.748834272530771,5.937782770815924,4.017417349876154,0.28979626587753704,-0.276433677241848,0.8934468323157589
0.8426562499999999,9.87171875,-0.5412500000000001,6.39942141969381,6.069578227389316,3.961191227080561,0.12477065320632284,-0.3036505683093998,0.8007515318993241
0.7526562500000001,10.188437500000001,-0.95890625,5.678814588612305,5.55208497400695,3.9040188096640795,0.08704862680979841,-0.30297123561801476,1.1335582820030408
0.964375,10.254375,-0.4487500000000001,5.216145869737061,4.763377830843885,3.3458843655302855,0.07622751652301499,-0.1838211480323561,1.1503827931780977
-0.008437499999999876,9.798749999999998,-0.50171875,6.792842561004469,7.752384612975545,4.555508188819162,-0.32925036436930316,-0.7123553785005675,0.7873985173596983
0.7967187500000001,9.0696875,-0.4175,8.497944062883589,8.79490938852378,5.510374590261537,-0.2902103140095309,-0.5399493095003086,0.7523111145375035
1.9371874999999998,9.2446875,-0.7667187500000001,7.50371959196529,9.37393810131813,4.629729357197722,-0.3248600058211041,-0.7311629644370111,0.27798112387831275
2.6354687500000002,9.58515625,-0.6470312500000001,8.160929199868937,9.107160814468248,5.313146925224583,-0.00668600555794747,-0.6090392932441108,0.015762160804569214
3.17484375,8.69109375,-0.9112499999999999,7.896850438661349,9.187567026488075,4.94851161335406,-0.044468849417810964,-0.5321200901003278,0.4435538174447174
3.42546875,9.237656249999999,-0.60734375,7.453757007729286,8.790663680538344,4.915371375271246,-0.2648445740701654,-0.6215736279474393,0.5941091525074926
3.8332812499999998,9.1171875,-0.70609375,7.6022507059356075,8.8590265528919,5.298772740334401,-0.33864526959637864,-0.5328082847339425,0.4614381210824449
3.9850000000000003,8.77359375,-0.20640625,6.930408537741481,8.731371843671585,4.426516818838593,-0.42058622903414644,-0.6000016120038659,0.5155801559120765
4.0653125,8.736562500000002,-0.5756249999999999,8.064333506393679,9.056634863932285,5.188860627283701,-0.2019705865513057,-0.48681579735723657,0.7390115539307853
3.60484375,8.93515625,-0.78875,7.368543358465494,8.738699308283008,4.499985243031359,-0.18593542553859196,-0.5358897050839752,0.7072969641369649
3.5935937499999997,8.658437499999998,-0.5731249999999999,8.60448944722817,9.569035057600832,4.97783709148612,-0.22330760801652666,-0.6693978473011801,0.5343735311899246
4.2221875,9.33171875,-0.7384375,7.667257794664514,8.78152367094677,4.603494331330685,-0.24771382782054094,-0.6160059555452708,0.5924753771918956
4.308750000000001,8.9428125,-0.5876562500000001,7.275401943363679,8.861760806399808,4.1517341038818865,-0.3069325398600135,-0.44660221970947067,0.9089762692649931
3.65328125,9.12953125,-0.5551562499999999,7.812812204699306,9.004501379464243,4.357643425704533,-0.14034831610031437,-0.6036021294250283,0.3383231206889587
3.1634374999999997,8.42,-0.8064062500000001,7.583264719670133,8.948436839750281,4.315894449295643,-0.11156980386569065,-0.46132447734883913,0.6287322385186386
3.6678124999999997,8.820625,-0.8151562499999999,7.369799112923211,8.914936180891875,5.038199390713506,-0.15726859109392202,-0.45059286073857846,0.1981998943503979
3.85984375,9.31421875,-0.9909375,6.8069923819617975,9.13239936378433,4.283109894818687,-0.16952418923455928,-0.6046725587124981,0.20542383998355443
3.689375,8.34421875,-0.46812499999999996,7.504290413448496,9.034380306066844,4.47046239044408,-0.2961518346015957,-0.4351845615022603,0.42754982841090705
3.91203125,8.427656249999998,-0.55796875,7.582626354801048,9.613981800967586,4.345899712547845,-0.23379668916553314,-0.5340677817001372,0.2391707557683637
4.25171875,9.1546875,-0.26984375000000005,7.315840808369085,8.99988575773847,5.144603511261673,-0.3476113540824151,-0.7037771241804476,0.7249964167608766
4.199999999999999,8.559687499999999,-0.4748437500000001,7.2966285022604795,9.059222332923712,4.586306040877117,-0.2975967235039196,-0.5674808857916392,1.016983113628157
3.94546875,9.4784375,-0.9015625,7.39038224858995,8.881151251870095,4.721137051452092,-0.14870067165123743,-0.6697685903962548,0.6961793619325433
4.45875,8.946874999999999,-0.47890625,6.943793879249297,8.96523927368227,4.259922650848362,-0.3659540008257854,-0.5776914583646382,0.4727436467839095
3.97640625,8.91625,-0.7689062499999999,7.048026400877124,9.063403661842498,4.491296485004184,-0.25507334625741895,-0.5060096039538936,0.34004870918622626
4.114375000000001,9.436406250000001,-0.7101562499999999,7.219789833116682,9.353930217959771,4.2323454978399315,-0.23993967450835296,-0.6113609346565035,0.49331160194532625
3.8190625000000002,8.5565625,-0.8018749999999999,7.289568471184954,9.180828907761747,4.531218405062263,-0.1447880620827205,-0.5632337716359619,0.6781741138968028
4.11796875,9.126875,-0.6201562500000001,6.9846902176491295,9.03525713438057,4.373697839138631,-0.31938377782754296,-0.6023630587091858,0.7069635656562139
4.423125000000001,9.26546875,-0.9820312500000001,6.885968494654547,8.996594656050334,4.488801405890379,-0.236537204257729,-0.6808981056661013,0.6373942548565196
4.2575,8.7459375,-0.43421875,7.637666323884541,9.064398028611373,5.02819916964796,-0.20738249132708095,-0.5135734806882931,0.7916247499150197
4.406874999999999,9.29625,-0.40734375,7.765372028072769,8.889429027642889,4.8204694539884745,-0.33876471882861303,-0.6303611703096454,0.9529455343170985
3.76109375,9.16375,-0.75953125,7.1844311094345485,9.156843837398343,4.288687309978828,-0.2615231816851501,-0.6202908501204069,0.46294614935930595
4.041874999999999,8.767812500000002,-0.55375,7.494702269561814,9.120476527563882,4.856537636269279,-0.07362719926040319,-0.5269851915409868,0.7065659625293618
3.6471875,8.97484375,-0.53609375,7.327855771973391,8.589624190008893,4.90386665588604,-0.07310103618943813,-0.6409272441013268,1.0406628829673954
4.5200000000000005,9.40203125,-0.6296875,7.211244041425862,8.79287960861079,4.4960906521492365,-0.2582369763235005,-0.6872117258538147,0.7083564710217644
4.2396875,8.821718750000002,-0.5734375,6.964608740076053,9.130964241710643,3.9947118242238386,-0.36662845706808206,-0.45100843738015256,0.3112051641772268
4.02953125,9.49515625,-0.55203125,7.154209519071512,8.955832071928658,4.2217558475737835,-0.17736764007138392,-0.6371439575880108,1.0351754781537215
3.8128125,8.6803125,-0.7507812500000001,7.506005609832953,8.696800052452842,4.305516557528079,-0.00738660670217305,-0.5361209732473168,1.2287968349115697
4.087187500000001,9.225,-0.6212499999999999,6.959871242691473,8.676121145131619,4.39175274662634,-0.14470441670850298,-0.6252313576080382,1.2477353072855912
4.40859375,9.605,-0.3485937499999999,7.915625541292421,8.504717440926536,4.823148565507902,-0.10509979320346785,-0.540214843553326,1.164914986155847
4.151875,8.7375,-0.2501562500000001,7.458516079581447,9.114610352340904,4.782049603787684,-0.2872454908488825,-0.4514048451569672,1.2191215652189686
4.1159375,9.371875,-0.47515625000000006,7.11505330240707,8.920943383935077,4.6309171581432915,-0.2637371478936954,-0.5764375812839813,0.5379340882733761
3.5523437500000004,8.443125,-0.37343750000000003,7.574880515185434,9.250533916178838,4.852494596451782,0.04192131974817037,-0.4248704378127772,1.3166336218609054
3.99109375,9.309687499999999,-0.6271874999999998,7.341417420444838,9.04473205945559,4.453438442916187,-0.05666083310179667,-0.6117859174624495,0.8061291843224574
4.19109375,8.8665625,-0.44625000000000004,7.691918063214852,9.090829723330746,5.127389839138428,-0.10767357822562344,-0.47729854624010976,1.0506077932016906
4.46390625,8.40828125,-0.34859375000000004,6.948982753159698,9.212456674709436,4.669187518718962,-0.33508816312102746,-0.419890288038264,0.46565574042857066
4.0321875,10.1284375,-0.5856250000000001,7.6435406694047066,8.7140931503854,4.528208418831337,-0.12410504326103515,-0.6778871522172097,0.9397919400123508
4.10203125,8.2434375,-0.39171874999999995,7.332288434487792,9.234310548632948,4.533907170796336,-0.19372283129516416,-0.4879000347537645,1.098876663675938
4.21859375,8.831875,-0.5071875,7.312790777805757,9.03745831162584,5.047401394761838,-0.30095159461083015,-0.6689121429602908,0.7971103736635166
4.2534375,9.52125,-0.59359375,8.041604360051156,8.831094301529115,5.598740195120769,-0.11272085741114525,-0.6758046346344649,0.7784683810600317
4.0996875,8.67359375,-0.37140625,7.560487122358172,8.95191623466512,4.9382799596581135,-0.2816967062462049,-0.4851619110451024,0.7079467731430583
4.143281249999999,9.01796875,-0.36593749999999997,8.125287313129206,8.945880018842384,4.866779196357048,-0.28291852547511803,-0.5067339657879685,0.8241790219086719
3.65859375,9.134375,-0.46484375,8.04885431815988,8.824247644098334,5.203285618297917,-0.13097375713180642,-0.6622262961210473,0.6537183649424341
3.7528125,8.535625,-0.5178125,8.028344215331312,8.891054822650403,5.106067612639276,-0.114148411907746,-0.495153525127418,1.168215639160329
3.66125,9.08359375,-0.5518750000000001,8.038855931505427,9.155428268107448,5.138810013940484,-0.19736945983676762,-0.6200778579048485,0.5232774103870187
4.305312499999999,8.98890625,-0.39421875000000006,8.114748334196431,9.308691019214836,5.008128331986755,-0.2605659122990248,-0.6149720067615287,0.3682359237049196
4.18375,8.308125,-0.5049999999999999,7.679782813498049,9.399565294968433,5.141912946559869,-0.30961495468551364,-0.45930931169055655,-0.07079663441688823
4.00859375,8.98390625,-0.6573437499999999,6.906065238973705,9.233069407229156,5.287069498487412,-0.2923826368277264,-0.4475629368348526,-0.4220938119811316
3.6126562499999997,8.290000000000001,-1.07203125,7.304960908987531,9.589605863902854,4.763345784375037,-0.2016597026705967,-0.5047507122109967,-0.3614392210750532
3.6092187499999997,9.18453125,-0.5821875000000001,7.627054089040437,8.701831331982564,4.698536164577617,-0.16058383963981904,-0.6180795608746951,0.3299563976258681
3.95515625,9.098125000000001,-0.8862500000000001,6.657123532396401,9.398764525690332,4.015399458646674,-0.2900868413754568,-0.5884088696933925,-0.17113263001025306
4.425625,8.918906250000001,-0.05812500000000004,7.3306253730070665,8.991808966565678,5.077008184883593,-0.26915586719862594,-0.5035024620230661,0.9712280713016941
4.386875,9.786875000000002,-0.34015625,7.662700828322543,8.700047211617589,4.867842660058554,-0.10614375117933494,-0.7035276321088315,1.298151938944234
3.9328125,8.731718749999999,-0.4373437499999999,8.163242399000763,9.101441945285288,5.043570858710715,-0.09352555931567302,-0.616856459306941,1.1634059097833482
4.44375,9.06171875,-0.46421875,7.4197880486911485,9.037627688359288,5.026132585263587,-0.26806159787376793,-0.6214884186325139,1.0480679658580256
3.86015625,9.18265625,-0.55953125,7.556770451924945,8.97982482467425,4.354238032397108,-0.21543011984499105,-0.6677165114105124,1.1829691071412418
4.28921875,8.928437500000001,-0.5346875000000001,7.4058364451389584,9.030652526733256,4.730103054093404,-0.23146937179762073,-0.6176329427146572,0.7187499314441572
4.30515625,9.320625,-0.5454687500000001,7.299542150065711,8.971387308235833,5.047663732388821,-0.3457590646167858,-0.6796461270879719,0.8071102625837437
3.7926562500000003,8.86453125,-0.06796874999999991,7.799512453149616,8.934609835089244,5.37684799036791,-0.13422243641707482,-0.5717408810717016,1.03344543005969
4.008906249999999,8.72609375,-0.7428124999999999,7.604924621007821,9.457565856430021,4.52299246515443,-0.33078823827310805,-0.5012024434190705,0.7875560838112405
3.43796875,8.94828125,-0.6270312500000002,8.358776484122748,9.127382831808823,5.382568996215788,-0.08159109468842193,-0.5449176355260632,0.7027126628120743
4.411250000000001,9.11109375,-0.06062500000000015,7.175530359318397,9.055367558316501,4.730083863883916,-0.3645454722010156,-0.6400540406764844,0.6909909710567501
4.4978125,8.83265625,-0.4518750000000001,7.538887200034482,9.250084668900925,4.396116494631938,-0.41333536710104213,-0.5116734300068796,0.4498896349309979
4.2596875,9.494531250000001,-0.5046875,7.225845099525989,9.095125742961086,4.4132152284183634,-0.353707279185505,-0.6143487042945852,0.9448152166377967
4.1778125,8.81578125,-0.48578125000000005,7.366812927911482,9.016148499478502,4.378895695794595,-0.3554510563823754,-0.558356529192524,0.47809544652878877
4.0,8.647343750000001,-0.6035937499999999,7.971756393668838,9.064367952694548,4.504650502254413,-0.10693793270960476,-0.42631184005732053,1.0865417532762505
4.42828125,9.61734375,-0.5357812499999999,7.913464308278545,8.608585874395164,4.926736941389142,-0.19173264941628942,-0.6093275013384822,0.7886303307000821
4.221875000000001,9.58515625,-0.4853125,7.888712837616477,8.526258153527017,4.936178927302347,-0.24400112776941144,-0.5861435060106032,1.104008060151495
4.524375,9.12390625,-0.5406249999999999,7.704056130336474,9.028315979667024,4.696658677653189,-0.18993045412845275,-0.48531269771264235,1.571818398724506
4.323125,9.317187500000001,-0.6670312500000001,7.503654292034981,8.922954854746479,4.856520320561156,-0.3125516182440903,-0.5803981097040698,0.5978943696221518
4.5220312499999995,8.928749999999999,-0.4293750000000003,7.814298428939315,9.125419082842168,5.158049193675357,-0.36471718893645955,-0.4898837916526014,0.6381241406103981
4.13109375,8.556093749999999,-0.77578125,8.211293122353565,9.364625195581024,4.510935256645615,-0.32650839212549954,-0.41042564129420467,0.5440005556455453
4.4525,9.038125,-0.4365624999999999,7.890757053350458,9.151531100552246,5.163354717002673,-0.28628859223325914,-0.5993576372427535,0.9256263171122906
4.2815625,8.641874999999999,-0.5203125,8.196470890486573,9.2231486751746,4.954429510785651,-0.2707606758547195,-0.5357714755691402,1.0158046832798011
4.4603125,9.025781250000001,-0.6367187500000001,8.208120020890519,9.030309000230748,5.044307452059047,-0.21603441720474487,-0.48932378964126133,0.8215825623673767
4.479375000000001,9.41828125,-0.6471875000000001,7.8661155985260605,8.821598238607244,5.361247076459333,-0.20224313337046498,-0.6446088989731398,1.0851352166452417
4.74890625,8.977656249999999,-0.21312500000000018,7.598527430773079,8.810635040639008,4.652804891608394,-0.33945499191531997,-0.4931707436958557,0.502234887843319
4.20265625,9.228749999999998,-0.6181250000000001,7.63389731767699,8.838054526449811,4.36320190449342,-0.27036502120710937,-0.5589397063067857,0.8516282068267497
4.761093750000001,9.405625,-0.516875,6.827901424757899,8.559251550770956,4.295916256676216,-0.36901653528494327,-0.6225038813553497,1.1995163386771936
4.32921875,8.796875,-0.8582812499999999,6.895951553422373,9.058074070097627,3.914032269718587,-0.48200344026831987,-0.5533500792095175,0.539768742280247
4.4995312499999995,9.41828125,-0.6925000000000002,7.6934175252467245,8.754289583307056,4.388699622325501,-0.37097185047354087,-0.662229882817342,1.0931723435491996
4.081406250000001,9.6328125,-1.05421875,7.673010301372007,9.047098027259556,4.4363603482639276,-0.2416874608873261,-0.635092164219103,0.7151812722781501
4.688125,9.34703125,-0.45390624999999996,7.5303753382135605,9.004903469722674,5.248192134317391,-0.4234000024797812,-0.5756605713327064,1.135081860054413
4.2445312500000005,8.986093749999998,-0.38031250000000005,7.452230146424185,9.011481498827534,4.889553586713592,-0.37527645321289843,-0.4843108116264897,0.9960333694891527
3.90359375,9.4409375,-0.63265625,7.586985643024569,8.96705353620094,4.732876781814199,-0.24123773234266865,-0.5134194283384634,0.09658228237797602
4.49578125,9.425625,-0.6498437500000002,7.325725818282338,8.97106997433277,4.65633154028855,-0.4297456870490893,-0.6471586460419322,1.1067907104946977
3.9153125,8.64109375,-0.875625,7.884754666591964,9.254302059918453,3.951647154589463,-0.16364246679834085,-0.4445876738520043,1.1531732349256691
4.03515625,9.831249999999999,-0.5389062499999999,7.202188901687177,8.41086657619178,4.710254477330385,-0.2876121146611937,-0.7035158869377455,0.49445605350343164
3.99,9.7696875,-0.5596874999999999,6.696376352177348,8.357322008415359,3.993097156637157,-0.454219455687531,-0.5424032525369058,0.4007170709587912
1.8837499999999998,9.616093750000001,-0.6298437499999999,4.7194893460521765,3.32024453974567,3.140442590318431,0.3923021217980906,0.3914511073559154,0.895409169097695
-1.5210937500000001,10.15796875,-0.5579687499999999,4.384007911285168,4.745539082814874,4.522193943377864,-0.2432545901547246,-0.28844326838871975,0.8027872008600891
-1.2475,9.30859375,-0.4534375,4.963427495189187,6.02271348396725,5.005974311619442,-0.2936012698873645,-0.21797293295387973,1.2994419171692442
-1.966875,9.710625,-0.53875,5.114753438277841,5.333061056689207,5.050284181360491,-0.13960480325895322,-0.23718620233889307,0.8137384351428638
-1.4915625000000001,9.54828125,-0.8448437500000001,4.820174795439866,5.80842452678852,5.187305716900243,0.23876902243597733,-0.34504105215888003,1.0257682468365197
-1.689375,9.94171875,-0.5153125,5.35087722802299,5.130889163526965,5.406211117996017,0.12700116800382238,-0.3878385140188253,0.9228254472976049
-1.8759375,10.083124999999999,-0.2856249999999999,5.071682018432716,5.259472964031187,4.921487603801822,0.051202302304105815,-0.35031718558502,0.9151405691556286
-1.6249999999999998,9.301562500000001,-0.4189062499999999,5.007917169342959,5.79945585237044,5.1439749699246144,-0.26629872874629,-0.34169333992007245,0.9136640651339023
-1.4721875,9.709062499999998,-0.7620312499999999,4.823170465559325,5.332095249158041,5.144009920434002,0.07216328881998867,-0.31086970818942217,0.8748127707525511
-1.72109375,10.150625000000002,-0.3078125,5.0954149478929525,5.865261043583227,5.306986688775821,-0.0893412060780836,-0.4645110604470846,1.142618743589081
-1.1604687500000002,9.24265625,-0.6742187500000001,5.420605774982483,6.425730075784069,5.396917466447716,-0.2585654665743374,-0.328047686351437,0.9033577560372813
-1.948125,9.724374999999998,-0.8443750000000001,5.075123728479435,5.683481787986569,4.809816418988878,0.24899120680565523,-0.5906122843083821,0.7314644024713204
-1.2156250000000002,9.6121875,-0.78734375,5.324522242358933,6.086178621667602,4.935642765318002,-0.2787003294916587,-0.5281645273531363,0.9940149954175399
-1.4551562500000002,9.54984375,-0.880625,5.313471085419205,5.560942616866851,4.9359228098072,0.08403633799832229,-0.3439831023874618,1.0408653499963216
-1.7734375,10.232031249999999,-0.8315625,5.454828485717378,5.978787026774197,5.238905306320563,0.11041418265447522,-0.5813209421500151,1.2707299171168278
-1.31375,9.44078125,-0.8573437499999998,5.6024365514033265,6.327301287053465,5.460734909958177,-0.138606034800737,-0.34377363096732283,0.9555562527493228
-1.7420312500000001,10.053593750000001,-0.8712500000000002,5.325078984064315,5.484709246848089,5.131601997670903,0.28592834087454194,-0.8080843962424472,0.5905403673436209
-1.1165625000000001,9.195,-0.8659375,4.989825340990779,6.422565200136158,5.3850419911170375,-0.3013296392377164,-0.359136045545238,1.0248773484373894
-1.66109375,9.90171875,-1.1328125,5.541104672464773,6.111892238365991,4.86916107659664,-0.1331004756260323,-0.5814250134934278,1.101280999110867
-1.275,9.68265625,-1.2025,5.5450442401301006,6.316700642490186,5.247278461259704,0.006750237224019166,-0.490661832387667,1.354401890133024
-1.3115625,9.70796875,-1.10546875,4.896397023178753,6.000225302980167,5.114643477826528,-0.39685265804627073,-0.48705668554635967,0.7869164110875309
-1.6821875000000002,10.095781250000002,-0.43953125000000004,5.232530598557809,5.939897885456318,4.925103244377059,-0.13476298863493913,-0.5212159326027199,0.7265202935619026
-1.21625,9.3146875,-0.9921874999999998,5.438712939427856,6.4794161988055485,5.048113654113163,-0.34190993812285075,-0.4069996950198344,1.0026315514376856
-1.76046875,9.66,-1.00359375,5.024878552539697,5.549594016682662,4.975637637274336,-0.009844303727906005,-0.4499818371492345,1.1766301710309586
-1.4071875,9.52640625,-0.984375,5.292623542709585,6.221272570580792,4.984968616689076,-0.1065273973718463,-0.4799777510052671,1.1252440287510326
-1.4859375,9.8615625,-0.9920312500000001,5.110403518421393,5.487799029082037,4.906130151302902,0.021551983467335337,-0.5151215327554447,0.8523883303802362
-1.64328125,9.966875,-0.99390625,5.896723151115239,5.806911258093669,4.998110773453399,-0.021964311621364748,-0.4210552984992723,1.1791478978262337
-1.41234375,9.67578125,-1.1715625,5.519372343784748,5.823380623799928,5.057923616326541,-0.05795947112504738,-0.6275795127718652,0.9403014232101109
-1.68046875,9.771562500000002,-1.15671875,5.469639050501727,5.927734395078255,4.715273074902283,-0.24080322268728133,-0.32344617046921176,0.8161307936149454
-1.37984375,9.46296875,-1.06921875,5.445209905328347,6.079339931195116,5.210959695886012,-0.143492525992462,-0.3736392934496253,1.2252816962285837
-1.59140625,9.98890625,-1.2287499999999998,5.994506304522578,5.885787733278438,4.872763749916468,-0.1415421422676317,-0.5482653961993738,0.6696313677823774
-1.2589062500000001,9.31859375,-1.16140625,5.508072518241834,6.170565935144112,5.007007235860653,-0.12702181495229828,-0.3892340460254492,1.3143068424463644
-1.77546875,9.912500000000001,-1.0996875,5.357058407397985,5.984285410556552,5.059976830712148,0.049925206110488514,-0.6297009607161442,1.0134319399897975
-0.9003125000000001,9.7071875,-0.76640625,5.38947265763022,6.274096665245424,5.455589269039682,0.1765079678179893,-0.4901860177515438,1.3029697716776794
-1.35203125,9.95671875,-1.18125,5.234630233982477,5.866178498042694,4.441263017149514,-0.06839157815368509,-0.4363576582792854,1.2970088896264935
-1.0059375,9.55703125,-1.2473437500000002,5.314990803951946,6.648360154882062,4.620448179758749,0.11943318365414933,-0.43338092356779573,1.180036554217416
-1.46859375,10.16109375,-1.1514062500000002,5.613878969568273,5.903060677835773,4.9660946889845885,0.3044392538870496,-0.7200238730818409,1.0745459832529611
-1.0625,9.4684375,-0.9331250000000001,5.430761341653673,6.415055830512604,5.032296280961108,0.06926821180229242,-0.3672939385753283,1.102155515038487
-1.4268750000000003,10.1921875,-0.9459374999999999,5.568352223447705,6.180664271730325,4.952865243583127,0.22136945561368068,-0.5631545696151592,1.059003183050306
-1.37015625,9.9584375,-0.9967187499999998,5.869482380336953,6.0895389857191775,4.791107666385555,0.10843829935165952,-0.5055156697414913,1.1187072032799399
-1.3515625,9.88703125,-1.05171875,5.4005298405428475,5.628798073214515,4.911736758357316,0.15199262345963757,-0.42475390041025274,1.3112128394577334
-1.2935937499999999,9.6321875,-1.41796875,5.7655746589096335,6.382788004848958,4.821094332361009,0.09106882506811835,-0.4859194927511243,1.164831463507902
-1.34859375,9.9353125,-0.7824999999999998,5.300647032199082,5.739431855797553,5.394515154302563,0.18209396321383886,-0.44480247296960784,1.003866057484988
-1.2528124999999999,10.388281249999999,-0.6460937499999999,5.0544854673689334,5.7393680386779895,4.758498849817129,0.03458119573544564,-0.6975386676334205,0.9739508064510347
-1.1295312499999999,9.34515625,-0.89171875,5.519377351003774,6.1436717930392355,4.999526400910234,-0.21204737309205324,-0.18581083298980894,1.1546039383639983
-1.7985937499999998,9.90390625,-1.0935937500000001,5.482851638058515,5.598118438699823,4.832380484550129,0.07681068264285093,-0.7038800968650697,0.9653663447149253
-1.14140625,9.635468750000001,-0.9862500000000001,5.162774468244854,6.189971205932499,4.633625234360242,0.18065422003275255,-0.27212979322048353,1.1048093034489093
-1.1414062499999997,9.9640625,-0.7825,5.1802910352567,5.641497396178939,5.200282444252427,-0.25110050656751776,-0.28810836153786984,1.2380708968518286
-1.5817187499999998,10.231718749999999,-0.649375,5.219018272951192,5.64595141303912,4.736274866324272,0.08151197848686102,-0.360398797940981,1.2131693427832317
-1.2234375,9.6153125,-0.59484375,5.4032418563852715,6.723738722046221,4.949797657539745,-0.38766952408268796,-0.37122972187850667,1.488052739637406
-0.86453125,10.09078125,-1.1203125,5.297096766651846,5.512418453106443,4.38638838081442,0.137686953345768,-0.44832704236071985,0.8273433647781674
-1.24609375,10.045781250000001,-0.91109375,5.237097722375527,5.888039732342882,4.69485560120979,0.1250682946948938,-0.5290385033888314,1.012832504010133
-0.8371875,9.670625,-0.9717187500000001,5.541195851514702,6.4615651826299025,4.99556820926293,0.031451066872899856,-0.30909828343337387,0.7707146410115845
-1.39609375,10.53234375,-0.6360937500000001,5.471518190019196,5.609047307193614,4.549445233070834,-0.08677419436426573,-0.44302233466832425,0.9975294889628438
-0.9223437500000001,9.4771875,-0.6859375000000001,5.665561187502606,5.967016755870872,5.391496406016955,0.03917411817459894,-0.3606031922043541,1.0989972998503255
-1.461875,9.925,-0.91546875,4.846666984575585,5.263451814161501,4.290074274447173,0.0839631828629226,-0.27232624586460796,1.1065316022182188
-1.24421875,9.909531249999999,-1.0628125,5.476449238753924,5.991399938059003,4.822921336165846,0.37091408615226196,-0.5232070130163862,0.8345580636757224
-1.19578125,10.157343749999999,-0.6620312500000001,5.079469031271717,5.555958862503928,5.240034344975559,-0.00462546274241134,-0.4855958083172395,1.0791822633341535
-1.40828125,9.775156249999998,-0.9978125000000002,5.483413784623448,6.094543407884297,4.744141936624973,-0.07317945734756068,-0.3461191931004047,0.8404354451496584
-1.4387500000000002,9.536875,-0.46562499999999996,5.454362216382407,5.854290594032295,5.063904396251473,-0.08863128943012849,-0.32700479541149713,0.8759951917432339
-1.5851562499999998,10.04703125,-0.7543750000000001,5.3498452057593155,5.495011567232906,4.720468354345255,0.22108559327850155,-0.48445525032991005,0.8511925246549618
-1.2034375000000002,9.850000000000001,-1.01453125,5.493748497937792,5.805345327799199,5.2947158002364425,0.023694716369105806,-0.5418805725891206,1.0225988714290208
-1.5968749999999998,10.01640625,-0.8098437500000001,5.4265605114450715,5.893956217809981,4.5665336594714745,-0.027437026971945066,-0.38331888123565877,0.7965198443787037
-1.20359375,9.51265625,-0.5951562499999999,4.930554725125859,6.201781811047203,5.359622768962937,-0.38733532108884133,-0.3592239320992891,0.8891920651126834
-1.45703125,10.185,-0.5725,5.258857314001155,5.9179689294554425,5.006657754929929,-0.3809954963310222,-0.3901548245183566,1.0836523933524276
-1.2084375,9.600312500000001,-0.886875,4.999498168175857,6.176794518789156,5.10865652440786,-0.42069240449208456,-0.4687932463526244,0.9449647030161367
-1.89296875,9.95046875,-0.7004687500000002,5.219282960716294,5.867658559235824,4.4842308529750605,-0.23989198864639666,-0.41166188623694194,0.8581048998967894
-1.015,9.2953125,-0.7365625,5.2511097041482575,6.5117079577745,5.520369444936974,-0.16149097203511906,-0.3093244622354823,0.6751691706770266
-1.6196875,9.79734375,-0.7739062500000002,5.066389237153394,5.274958306170385,4.568677878085841,-0.2728283904129307,-0.37982519744102294,0.9887759935343129
-1.34234375,9.920156249999998,-0.8725,4.797823315768927,5.968372237309428,4.519579626469701,-0.09882175785911666,-0.21447624887895522,1.251302872945509
-1.5,9.42203125,-0.8046875,4.8196190850522616,5.572493320904337,5.284533733201421,-0.19063758515125603,-0.3706617410526687,0.926782081940934
-1.664375,9.895468750000001,-0.7634375,5.157105194232032,5.83628411579435,4.775712714725809,-0.21490955885844298,-0.22760471833202905,0.9237634136871894
-1.3478124999999999,9.512812499999999,-0.5690625000000002,4.718160880029818,5.84893485729186,5.352905087061955,-0.04546233353487056,-0.25428092181117956,0.9891748711248148
-1.8053124999999999,9.669062499999999,-0.7615624999999999,5.0608685546399785,5.533968038044108,4.652840267900215,-0.3366419536771752,-0.1741080401874609,1.0019285478956286
-1.3403125,9.86765625,-0.7723437500000001,4.779020875382713,5.857602096364683,4.4620415528473,-0.09014739087352222,-0.20895355635794624,1.1175083072492327
-1.1087500000000001,9.454062500000001,-0.7512499999999998,5.350801779873741,6.141240641848661,5.050009436872371,-0.4169804643265087,-0.09816027780575058,1.1215980634189744
-1.94546875,9.96890625,-0.7784375,4.878829563048236,5.350837293472017,4.8369502978213195,0.33713574609483354,-0.4617424181590727,0.835620730440605
-1.23828125,9.3475,-0.6865625,5.000084547625013,6.333538949513139,5.202118624521527,-0.09877812408360047,-0.1990824994548785,1.0204001648533132
-1.3317187499999998,9.725624999999999,-1.0125000000000002,5.166670093822368,5.596924343724418,4.407047977388038,-0.44974626188405753,-0.21476387742872888,1.103512043001324
-1.70015625,9.98359375,-0.8985937499999999,4.977948715393313,5.6756126781573935,4.483077509921164,-0.19449944497297383,-0.3049078351212715,1.380368550137482
-1.5017187499999998,9.59859375,-0.7464062499999999,5.027453242785898,5.889699925289992,4.875773774229168,-0.2122837996288703,-0.2626048905019383,0.8740700818150601
-1.54453125,10.212343749999999,-0.7067187500000001,4.803893580240245,5.4897844738510395,4.371536863152184,-0.30255198292254226,-0.45166328529579236,0.8231812159875788
-1.3167187500000002,9.58421875,-0.82625,4.823443095538543,5.579497010452505,4.972264166101797,-0.08172903603156867,-0.2946079924591417,1.0146432958400342
-1.659375,9.896406249999998,-0.5278124999999999,4.310430255134051,4.69301487824841,4.57113855782602,0.1149452743299419,-0.11155575827930163,0.8427013550919644
-1.4184375,9.57578125,-1.0895312499999998,5.12396978021863,5.422990354928583,4.421703726254557,-0.16963245956281836,-0.34549199308798384,0.7372586065674599
-1.4825,9.810468749999998,-0.7625000000000001,4.6293081286516236,5.435135816405459,4.914711334351185,-0.17968391607256956,-0.10651900581621583,1.2185299355229557
-1.55609375,10.0128125,-0.9589062500000001,4.670092884912561,5.322061826946747,4.735276561744936,-0.28109219598513296,-0.23023496089185225,0.7589892719435697
-1.4967187500000003,9.47640625,-0.4971874999999999,4.575730834620677,5.8449292572674425,4.943229103009869,0.011148486001251654,-0.48532408610173494,0.5565887590400111
-1.68515625,10.03578125,-0.5218749999999999,4.836501509416278,5.673411067395738,5.014910541014166,-0.10728489770390165,-0.582529101597171,0.6390457171363497
-1.4065624999999997,9.48484375,-0.6975,4.596378744032497,5.869581009372469,5.217463763649921,-0.45690663382738345,-0.44079761473043866,0.6788979495008067
-1.81828125,9.968125,-0.5075000000000001,4.931531378121652,5.6650680917686245,5.260688227313989,-0.1301128185477606,-0.3931564483833799,0.873485828060972
-1.35453125,9.55890625,-0.66375,4.657063831457911,5.740083328333391,4.800924227427465,0.01543496895106657,-0.25542672910231157,0.9085773802435255
-1.8034374999999998,10.2678125,0.18984374999999998,4.544967759356908,5.0277217345278515,4.857462523075802,-0.05803095631753695,-0.12084426431594392,1.013042574417803
-1.67328125,10.12140625,-0.4274999999999999,4.202574380174423,3.855733096307489,4.056316447837865,0.21838941420834343,-0.0706042306790735,0.6741252579158815
-1.6256249999999999,9.85109375,-0.36843750000000003,4.436951682673026,4.466594800987766,4.320725567956584,-0.01132040517886996,-0.30800123117867967,0.6031935152008078
-1.73828125,10.04734375,-0.7403124999999999,4.704512977811671,4.974245621884382,4.551012582639577,-0.2889842244046934,-0.1623157386331457,1.2527173623260692
-1.424375,9.62734375,-0.11781249999999993,4.610357861313479,5.380076161806256,4.991773378754663,-0.3240321046754419,-0.20641159475669127,0.8705976214872077
-1.60375,9.61859375,-0.5121875000000001,4.550623755321901,5.413833515630208,4.486101616642645,-0.11977847172439651,-0.17863597657118802,0.6905930555902535
-1.7015625,10.118593749999999,-0.4740625,4.921868363090764,5.278301356493483,4.792116155321546,-0.04993800909120461,-0.24336165740727647,0.6634684244648908
-1.52203125,9.29890625,-0.5132812499999999,4.50042920858927,5.785993356046214,4.563832016069219,-0.2959434312958145,-0.15000268681554638,0.9596796631644244
-1.7331249999999998,9.7821875,-0.7604687499999999,4.711716073722504,4.920316132104089,4.438738006773258,-0.2909039261341113,-0.13182055560590938,0.8525893103257215
-1.5709375,9.973125,-0.5571875000000002,4.85797112960686,5.244415742899775,4.1166132426843,-0.2539886315241987,0.009447910471777548,1.219210619125278
-1.5623437500000001,9.4946875,-0.21843750000000006,4.89692242069812,5.53403954199315,4.5278351680017845,-0.46331515663779127,0.061925323179755465,1.6585531978348322
0.36671875,10.334687500000001,-0.27468750000000003,3.4860844146260193,4.460675036061667,3.542480137889802,0.22896168224189764,-0.5263463575507003,1.8349367897223179
1.7610937499999997,9.5978125,0.7821875,6.569263209539631,7.670166529472731,5.789817427159836,0.24838569057186255,-0.41514653113245786,0.06567354081511623
1.9317187500000002,10.17015625,0.2812499999999998,5.815295175947514,7.675455094851766,4.91673243246976,0.573377929703144,-0.6760204574744718,0.3034130766214733
1.5540625000000001,9.990000000000002,0.6675,6.333671357995594,7.658417550316775,5.159530017356232,0.4241371042928181,-0.5082430650052467,0.1557938428530713
1.655625,10.00796875,0.3857812500000001,6.166780175616364,7.67260898824666,4.994276663306553,0.3801498154567532,-0.5500349224686933,0.15975677451893996
1.7543749999999998,9.95265625,0.3643749999999999,6.237790793572272,7.619758493996771,4.456142837070531,0.6298908126884071,-0.4114555790653181,0.0030580634886748755
1.926875,9.3434375,0.41531250000000003,6.038819957936733,7.965468484878572,4.894650130739045,0.015669169524833205,-0.46577471038256035,0.09133632075299258
1.6423437500000004,9.984375,-0.27578125,6.372462667159057,7.79673607090653,5.111963237313863,0.629873883033645,-0.4644206892234921,0.3012238892413476
1.6201562500000002,9.7896875,0.45578125000000014,6.4267430739127835,7.529708030683777,5.751387551247824,0.47981898493877567,-0.5136684609498919,0.4640025765620487
2.1967187499999996,10.181875,0.22249999999999986,6.746783042376451,7.582745601652149,5.095690887897342,0.5887648708042797,-0.5666632572679108,-0.0021055675106213473
2.29875,9.2384375,0.8221875,6.48985590652828,8.168976033359002,5.409643723466801,0.5425571153681127,-0.5589517539633108,1.0805142432994
2.24984375,10.061250000000001,0.22859375000000015,6.8059825457523715,8.065101227666023,5.211435103209186,0.5313745869868831,-0.5343211891690983,0.6475989688378033
2.44578125,9.657656249999999,0.25406249999999997,6.6476388676468,8.11393934499981,5.278209544541951,0.3710595375152877,-0.6085196313518233,0.9516274338877808
2.41109375,9.564062499999999,-0.114375,6.402170314917508,8.342855423719971,4.594095012554159,0.17607310331995565,-0.6472617763717383,0.4705540475755043
2.55375,9.858125000000001,-0.02812500000000001,6.12228192241259,7.67778224713198,4.709431983729567,0.1543849140249818,-0.6473098892197663,0.05011098278746009
1.9539062499999997,9.455312500000002,0.5037500000000001,6.686226892179993,8.298574419883439,5.317580952604295,0.5396221016608032,-0.37028122690777104,0.32926860606235614
2.55078125,9.86765625,0.09781250000000008,6.919103831216037,7.656568002005594,5.426076353115919,0.4687624920622641,-0.5442903643137426,0.10380821067012065
2.15828125,8.79375,0.21140624999999993,6.700141685695791,8.461654776844775,5.146745290468622,0.44672127767590974,-0.3547992086108298,0.044152596675410605
2.5731249999999997,9.9725,-0.19765624999999987,6.526868476488169,7.704339280561313,4.388717331901877,0.5000584115027337,-0.29596871373642925,0.07106728138069923
2.331875,9.810937500000001,0.15312500000000012,6.029361200357381,7.280120989454347,4.038743955040354,0.6807623379657466,-0.3650144217667526,-0.05244004071939981
2.1965624999999998,9.874218749999999,0.1879687499999999,6.033368208023918,7.572815032380524,4.644315133743988,0.46798974521601494,-0.44244637541913434,0.09432041032792601
2.6135937499999997,9.74578125,0.1718750000000001,6.453783862778558,7.968240631698345,5.062512924366218,0.6384994245193761,-0.41074654313586617,0.2782647217613442
2.19359375,9.620000000000001,0.326875,6.11679280934551,7.7983678180116645,4.325592399819359,0.5878033889704235,-0.4705934904879366,0.1372039019889961
2.21984375,9.96890625,0.37843750000000004,6.260616356484874,7.593620907789046,5.238116974027379,0.45654003297177514,-0.5066861756031577,0.23746843651913627
1.94703125,9.8271875,0.2392187500000001,6.131118036216839,8.125686407303924,4.443589590876776,0.6993236557669454,-0.42739077484893523,0.17085831699613688
2.8800000000000003,10.453593750000001,-0.015312500000000062,6.84396152641144,8.075081146493881,4.416577071369156,0.6498596395081871,-0.6939119276669901,0.466036380171977
2.2503124999999997,9.444375,0.20062500000000028,6.244176529162492,8.160434822016226,4.680754771869062,0.3605744758076744,-0.5188534640195835,0.6232572943745543
2.6175,9.70890625,-0.01343749999999988,6.037129129395859,8.278838822033615,4.709370054327198,0.3977506078557466,-0.7012721062022649,0.7348488214003811
2.22453125,10.4515625,0.00968749999999996,5.577629124930541,7.795026102175267,4.240292947113884,0.39214165755072367,-0.7242256283061068,0.024005040883269255
2.1320312500000003,10.08609375,0.16812499999999986,6.041360872065452,8.11811296907791,4.211834841773238,0.37096932641126745,-0.5278002945709771,-0.1553233677532986
2.48359375,10.126875,-0.07406249999999981,5.768554944477945,8.010679175911052,4.312032119093473,0.3670636176324006,-0.5306634244328327,0.1875890259525483
2.4974999999999996,9.821875,0.29093749999999996,5.7490360605061435,8.130751786235699,4.501660012827907,0.3220438443950964,-0.4453912177502143,-0.10719411450368811
2.768125,10.157499999999999,-0.16937499999999994,5.5189386646686875,7.96863597957643,3.9818556741015865,0.10188190809033126,-0.5209322895732156,-0.12468081952434862
1.8210937500000002,10.182187500000001,0.4350000000000001,5.832639335344758,7.714261036537703,4.224786976878243,0.4511261210240251,-0.4792911579846897,-0.04569359034829248
2.3959375,10.50046875,0.16781249999999992,5.669982010209005,7.574161758424059,4.250456765436363,0.21967540443912728,-0.6162733738869112,0.04214830952093804
2.09875,9.739375,0.14609375000000002,5.101216000866852,7.611091387532737,4.382793992273757,0.2960391800881952,-0.6444358067162405,0.26614784532970537
2.4464062499999994,10.03046875,0.2421874999999999,5.835001972789806,7.653628312295642,4.230673878337085,0.48972954141716357,-0.4302893204958106,0.15212096854037752
2.4557812500000002,10.428437500000001,0.4973437500000002,6.604972275842528,8.151845883515817,5.268167151091159,0.5385483216707111,-0.5092384784056043,-0.033333094979967455
1.9385937500000001,10.063749999999999,1.1653125,6.366138170819177,8.146429144876915,4.63100116360855,0.6804372490320827,-0.4150736028591988,-0.1350137138553084
2.5717187499999996,10.149375,0.03109375000000003,6.008204951014774,7.9540637952794295,4.210846900115336,0.40040667342725766,-0.4676880176038438,0.12074673017210201
2.3453125,9.295156250000002,0.25015624999999986,5.505360447086435,8.413643494383745,4.072314487866321,0.24694956991453498,-0.5100451094504804,-0.08676797271505073
2.44953125,10.0140625,0.2782812499999999,5.930557106442315,8.00570064835638,4.427649120402207,0.28123431192288323,-0.6499800244248535,0.007251284405331313
2.3970312500000004,9.8984375,0.015937499999999938,6.401859270869943,8.428098135617178,4.5694928324808375,0.2336744556667565,-0.5721001469001286,-0.1659368187080031
1.91203125,9.821718749999999,0.6128125,6.0421762893450435,8.195121558488223,4.444039712338736,0.38010781764161794,-0.5168327132709498,-0.023372077084540557
2.5367187499999995,10.487031250000001,0.3746875,5.697763830740832,7.885289246376663,4.224933050042775,0.24678306113489404,-0.6496563445724868,0.17916286762674657
2.2389062500000003,9.523125,-0.028437500000000338,5.412325954819327,8.006511583353577,4.194820548437532,0.33934558444999596,-0.5511936059103293,0.1393604087948309
2.0748437500000003,9.712499999999999,0.2109375,5.119703663356497,7.75059675121858,4.192360879754241,0.42952593338724143,-0.45432924617328424,-0.04051178870146103
2.42515625,10.165624999999999,-0.07828125000000002,5.724483599031963,7.989166272795616,4.2279947059331136,0.1293183215371174,-0.581727047642169,-0.04296566922723688
2.0203124999999997,10.11453125,0.73140625,5.419236560839889,8.017589048789757,4.903858451256617,0.09424770024697947,-0.5539975446722922,-0.21341242138441702
2.4064062500000003,9.80546875,0.420625,6.188234897566587,7.860548233442337,4.056419632431413,0.5175661112658563,-0.44655945679645537,0.14960421501275628
2.2510937500000003,9.63265625,0.14625,5.113267704336527,8.16428143695671,4.242669597376162,0.14446898041225353,-0.665905754154282,0.13927726938321827
2.5153125,10.2109375,0.3459375,5.6934515478173475,8.285973411198817,4.64411849774462,0.11395111883179321,-0.765563434621745,0.3266427881232121
2.20625,10.44546875,0.3701562500000002,5.109566854196156,7.568973041653236,4.50064387483457,0.2914142518872412,-0.6729213361981347,0.1964100238010322
2.16484375,9.820625,0.35234374999999996,5.927223209529563,8.36289327830835,4.207492848399856,0.25167290375775564,-0.6038077647876124,0.25444323962280213
2.64359375,10.46265625,0.36218750000000005,6.207147937858493,8.25253147566466,4.7630037360728315,0.2854668407427123,-0.597844146136106,-0.008969809748154388
2.29109375,9.6846875,0.453125,5.80805451431122,8.081702514157753,4.621429660762457,0.11610755430734888,-0.6341323174661992,0.08339430108854981
2.7159375,9.78984375,0.2984374999999998,6.293573785703457,8.523056503572292,4.428429186358719,0.17998146707708076,-0.6404991382356505,0.4368264544204854
2.5025000000000004,10.001875,0.17031250000000003,6.303150501931554,8.299124365520438,4.856401049372235,0.12686743020760982,-0.6055910584502427,0.10430988733372264
1.9089062499999998,9.65515625,0.5387500000000001,6.246036772723239,7.901495110141241,4.568273572970428,0.4010338228462414,-0.45453559553209566,-0.05016464750030748
2.4928125,10.35953125,0.31859375,5.7278157564506,7.791826532833841,4.16752844440934,0.34176886336310636,-0.658646484767866,-0.22215959416278436
2.516875,9.615468750000002,0.057968750000000124,5.215562312385406,7.934087441557059,4.27766845799478,0.3123395719113557,-0.37194932462330244,0.06677954943176885
2.37953125,9.6634375,0.16796874999999967,5.720180949303391,7.971449683626796,4.839517725096524,0.3342930635040583,-0.4557179511297046,-0.03409128039292392
2.3853124999999995,10.0903125,0.24625000000000008,6.116770739315292,8.63588424988106,4.989399544283861,0.45812153993905685,-0.6482015029502229,0.1816668228619473
2.20375,9.48046875,0.50875,6.054574071518161,8.255687704108812,4.604884804476655,0.3713473195593951,-0.4712474195897306,0.19779486477266653
2.3014062500000003,10.1834375,0.19765625000000014,5.770035709158214,8.081071676058427,4.336034241600951,0.1511957498427947,-0.6594831190913715,0.06442424690211872
2.3118750000000006,9.8128125,-0.05343749999999997,5.4628652266347375,8.684512340358769,4.615042056535753,0.049579073135373755,-0.7219578899361165,0.20663390149152475
2.82390625,10.09328125,0.7909374999999998,6.2118341235669625,8.158595362922373,5.33337566613245,0.1115644431418886,-0.6790331698166465,0.1576567891656389
2.4853125,10.270625,0.19984375,5.852475963414438,8.489582563905895,4.426699706111307,0.18180017207985952,-0.8648102802762971,0.30742891060999833
2.36859375,9.87578125,0.3193750000000001,5.8853719262219055,8.056728128691475,4.946241273368597,0.07656098593979996,-0.6371718043357154,0.04111867293906294
2.8553125,9.68984375,0.06562499999999993,6.01538079861481,8.335019588344466,4.918851134601961,0.24180244424290948,-0.5409920477252386,0.0006303872282402481
2.5037499999999997,10.0828125,-0.09343749999999995,5.329362209730166,8.270176363889936,4.84237358467867,0.09255529346157552,-0.7757745177255173,0.005235705779593981
2.42765625,10.34671875,0.29578125000000005,6.01033816181219,8.351052526232753,5.122675937891097,0.5006829902409757,-0.7131620497938073,0.010037977989415121
2.61625,10.03203125,0.04531250000000009,5.800574729067802,7.878174395856151,4.713954009358147,0.2842176230218001,-0.6155896886224363,0.09800279022411815
2.4529687500000006,9.81375,0.21843749999999995,5.3553567457288445,8.128410341973392,4.112011072284917,0.3829891508439884,-0.6418361329393154,-0.014310147593223663
2.3135937499999994,9.650781250000001,0.13546874999999992,5.217801969935323,8.26995641325566,4.423898143071723,-0.004988577992757691,-0.8468894296681895,0.005635646934152624
2.2334375,10.216875,-0.057656249999999964,5.842891572979406,7.887319505660653,4.356218522909054,0.22581159947470175,-0.6581714298302993,0.01703824938411536
1.8742187499999998,9.996875,0.4960937500000001,6.064628699652472,7.410039826773875,4.830416848338343,0.3978384812788145,-0.5645586567694838,-0.02437764610641502
2.39921875,10.1684375,0.055624999999999925,5.785531604973603,8.20067798621515,4.389933753415306,0.45179778237880014,-0.6790098353384157,-0.11692362254599892
2.1803125000000003,9.372187499999999,0.26703125000000005,5.736505079518692,8.23523555157008,4.776592234430676,0.1457287131268838,-0.7220125727383112,0.09469236242413036
2.5700000000000003,10.114375,-0.10843749999999985,5.10153745208246,8.03578867376283,4.621321922198642,-0.23706134552887154,-0.885841789094364,0.3076867743450339
1.9251562500000001,9.975468750000001,0.4265624999999998,5.2819711023050795,7.79365365411329,4.580998191834804,0.24355155588020205,-0.7014671794629455,-0.054728360977383456
2.4984374999999996,10.48984375,-0.09562500000000002,5.003848899456672,7.87757170155156,4.372565706696127,0.0055208199081059825,-0.957762233604375,0.22107070828795342
2.0559375,9.501875,0.37140625000000005,5.411399056260197,8.255582935769889,4.316596918865709,0.32804191400508786,-0.6299061599743332,-0.07416155505706286
2.2115625,10.23671875,0.18515625000000002,5.286091189016109,7.854140240720078,4.5091965027691945,0.18836938948660797,-0.7022564829331127,0.04446350772286374
1.9514062499999998,9.8490625,0.46749999999999997,5.8261197601800925,7.813793036745582,4.786268118273359,0.20827697230886885,-0.6013529966627693,-0.012905410398034512
2.47796875,10.04765625,0.235,6.020455542276135,8.263178440789957,5.081082254303703,0.10621102989118049,-0.5868313314319511,0.31813008395647424
2.37203125,9.241875,-0.04421874999999997,5.357177480868395,8.176443464879764,4.168979867983107,0.048678381603239354,-0.42346691820899085,0.2781505504681464
2.3525,10.241093750000001,0.3425,5.564622909506088,7.689658867024658,4.106222792908344,0.30397532780326386,-0.6420285802101988,0.1781418765320802
1.8342187500000002,10.411249999999999,0.16593750000000018,5.376822599328384,7.748963539564501,4.326481942189722,0.17688965162430625,-0.7250246671631524,0.2839025179102034
1.7843750000000003,9.760781249999999,0.3026562499999999,5.520924649402036,8.049401046174085,4.244629784425956,0.20071383304041354,-0.628071607337643,0.15734960128167974
2.5003124999999997,10.14453125,0.2939062499999999,5.346873785432358,8.15252049401125,4.304811485850563,-0.05678709766091923,-0.7816976223583004,0.1636114136940601
2.4037499999999996,9.661875,0.25687500000000013,5.574772276739203,8.201338853161417,4.252427202125276,0.253610075851343,-0.5794461924095459,0.1278904698828177
2.2629687499999998,10.4125,0.030312499999999853,5.492330356872522,8.130812536272128,4.159878291770536,0.3888284698075086,-0.7350369000411566,0.02574412330983931
2.09171875,9.905000000000001,0.6373437500000002,6.2025069414228335,8.119470041203428,4.577249188304689,0.34563023297405215,-0.6191346982350272,-0.2341841690182603
2.4895312500000006,10.315000000000001,0.07031250000000011,5.701352205203029,8.18883367000454,4.3949285292645826,0.26642899477018406,-0.6921381981159662,0.07998704051929326
2.15953125,9.478437500000002,0.01812499999999978,5.057267490233579,8.10274938268448,4.289347588430553,0.2887030187502862,-0.5856120270630515,0.21945552107680016
2.2515625,10.126875,-0.10906249999999984,5.4749877907255415,7.513563542645727,4.304322216806469,0.36450894774031123,-0.5788021494337383,0.10359626511471993
2.05078125,10.049218750000001,0.3928124999999998,5.670402957651991,8.023263695476327,4.456055384512601,0.5315799501476197,-0.4864183028918142,-0.020136427657833716
1.6843749999999997,9.684843749999999,0.6415624999999999,5.881523472653578,8.056811751591688,4.756109301056248,0.419874038829737,-0.4148028682106927,-0.1747216098029386
2.09375,9.15546875,0.26421875000000017,5.284231702669746,8.491202235565552,4.409937572080634,0.5790727645868461,-0.5036015226434555,0.1582366849783739
2.3115625,10.35578125,0.1534374999999999,5.344435546303627,7.771832916992518,4.407339481886294,0.4225808289267726,-0.6797054840761794,0.015598991652071778
2.0795312499999996,9.970937500000002,0.1376562499999998,5.1845306048641895,7.345076097025391,4.057536098956599,0.4801602230294024,-0.5891286247543682,0.02352121410858179
2.45109375,9.807343750000001,-0.13828125000000005,4.8436295524338915,5.192241580650494,3.7613027807394657,0.3042471828502603,-0.5950189976551037,0.3965371609499769
3.32578125,9.3165625,-2.1662500000000002,0.3943499583471989,0.6498538748009048,0.7274924827790319,-2.959666693487763,-4.305753316681963,-0.7478553437945579
3.4259375,9.36984375,-2.0434375,0.12257292153550885,0.07612678954177356,0.08454323505609425,-0.9259936422418981,1.3686714469152899,0.7721508614519446
3.43734375,9.39546875,-1.9348437499999998,0.13686492186070728,0.06740571395243482,0.1647061036693464,0.8515313836556213,-0.12276002654933893,0.668204468106825
3.38546875,9.420781250000001,-1.8721875000000001,0.09633810395392634,0.05674241930370513,0.0773075988745608,-0.6182173810174519,-0.019327590133666982,-0.11177718466387282
3.4796875000000003,9.35765625,-1.856875,0.15680370640947877,0.06770206301094164,0.10833794060715757,0.5152326281760112,0.08682802686953062,-0.5061174475130522
3.48296875,9.385312499999998,-1.97421875,0.11310503535845563,0.06033678267649006,0.11331378843034727,0.0043136595807715256,0.17335682452797718,-0.9500513328523381
3.50765625,9.37484375,-1.94296875,0.0809463979182366,0.04802317759100814,0.07426051456485806,0.33655776502228935,0.08929514344686791,-0.21725153022630286
3.5340625000000006,9.37421875,-1.860625,0.17052967804388183,0.09846961281754642,0.1455686586288408,0.5555576397631371,0.3929248341102528,0.33104030675281354
3.52765625,9.35515625,-1.9224999999999999,0.1442084232489126,0.0733568373496126,0.10014052626184859,-0.34288845744663393,-0.0690780708522233,0.16596341228624195
3.5068750000000004,9.3575,-1.9478125,0.1725079255425675,0.0768114574786861,0.1069092598597053,-0.23168974003132167,0.3234380757179806,0.4559760455507692
3.465625,9.373437500000001,-1.8740625,0.1639538330597977,0.06727320115580951,0.08845406205341841,-0.21530267275928822,0.3554711826454163,-0.11087338018813758
3.4818750000000005,9.35578125,-1.8921875,0.06871305825678256,0.04022610655330078,0.05336984020727433,0.3862496490795758,0.38419464569415845,0.1030911564973172
3.46125,9.36921875,-1.94234375,0.07442487823302096,0.07157392785391528,0.13103842694392168,-1.1437210194116345,1.544915993591435,-0.49054861002516786
3.5378125000000002,9.36640625,-1.91125,0.12564171219682574,0.05224243927055383,0.08132688669806556,0.95079125445423,0.3034583292593642,0.09938804057460615
3.5773437500000003,9.342968749999999,-1.8617187499999999,0.07319157626351208,0.045575476118604616,0.05821712289728423,0.3002465838642677,0.1481137531010041,0.5652368657004299
3.5557812500000003,9.334843750000001,-1.9628124999999998,0.058731504735001466,0.03844607373890742,0.06236156543697403,-0.35587871900348284,0.06574025419308367,0.24401561054960022
3.54765625,9.348749999999999,-1.9478125,0.10057245813808822,0.05512769267799994,0.08594090902329339,-0.513298362261036,0.42262244948697764,0.4231831273201251
3.536875,9.333124999999999,-1.94734375,0.10627021866449694,0.07453763730492141,0.13192377282331452,-0.05777975012819152,1.232073489156445,1.4582504245982908
3.5357812500000003,9.3125,-2.0843749999999996,0.05609157377394125,0.059055059055088704,0.10481941315901366,-0.0063499269919686735,-0.2269159975254273,0.1019522345828455
3.42390625,9.35578125,-1.9815625,0.10650142586340103,0.06576009160910214,0.0994393463059266,-0.5360590035824209,0.6808066179140572,0.12726448583252772
3.34859375,9.400781249999998,-2.0421875,0.1335321495406163,0.1363280130730199,0.1678956963228957,-0.30743843739047894,-0.35220732836799723,0.8866107980693044
-2.1867187500000003,1.0770312499999999,6.43578125,2.656832615333235,3.987725965261836,4.099005521422049,1.5996151288327531,1.6022472281801086,-1.6023040478134738
-3.65125,-0.8990625,8.33625,0.0674884249334655,0.021630328100840267,0.03452806829233277,0.5901145352531634,0.43497522611507144,0.6641698887520316
-3.7199999999999998,-0.9254687500000001,8.303281250000001,0.027386127875258178,0.024362476750886774,0.030926055332639982,-2.422792827953301e-14,0.5691121444178306,0.44912207125683595
-3.7307812499999997,-0.9264062500000001,8.296875,0.060835451411471356,0.040940779925857526,0.03449977354998152,0.31674659212366496,1.0103895878119673,-0.1780451463301351
-3.89640625,-0.96515625,8.21890625,0.1667367609765089,0.08332902007066627,0.08647827016619547,-0.7398676905274136,-0.635028926256099,-0.6738361448887841
-3.95859375,-0.97296875,8.14796875,0.10205493599497019,0.08040288566610967,0.06366856778220698,-0.4510743568777432,-0.5048010041305699,-0.3405711934417256
-4.04671875,-0.97171875,8.147499999999999,0.050961219554063714,0.03520274702970637,0.040543186850567195,1.4658964136135413,-0.1775553796789209,0.20397908057079095
-4.05109375,-0.97265625,8.127343749999998,0.05852662822115675,0.049599716087267084,0.054032460946522594,-1.4133290596569783,0.32920165748897956,-0.4115393288663416
-4.06671875,-1.0295312500000002,8.014999999999999,0.0788799461107669,0.07862946504611044,0.0582022336341142,0.3403552471907591,-0.6138817120028381,0.5144931315650682
-4.1578125,-1.1039062499999999,7.99140625,0.07214284333009074,0.06303811316130502,0.04646460976848423,0.31607565414463284,0.07454854599877357,-0.29969544627395256
-4.241875,-1.1521875000000001,7.945937499999999,0.05171662571166075,0.03688956280236996,0.04878904686248743,-0.7255183261332562,-0.3939733264216906,-0.5587493076197912
-4.148125,-1.11046875,7.9315625,0.06763585864761394,0.04356854109833719,0.05093558278600523,0.45766479343233274,0.46473879255428313,-0.6669288513207727
-4.161093749999999,-1.129375,7.94265625,0.03307742751390297,0.022629833737789526,0.030271799350839717,0.3423062753951169,0.40789293045801994,0.13768540259112477
-4.17203125,-1.1273437499999999,7.9609375,0.04370282054327284,0.028681559161550074,0.04550819809386002,0.3639819383281652,-0.12830242394133198,-0.3134758272750192
-3.4421875,-0.86109375,8.28890625,0.13972594549241743,0.07679349719173818,0.09153409862416027,-3.3943681979206066,0.30974358078953557,-4.18374114960658
-3.3706249999999995,-0.8390625,8.324218750000002,0.053058782260809643,0.05923255940570186,0.04619269042215995,-0.563831773069775,0.17311021508734664,-0.5006493586338022
-3.3343749999999996,-0.83453125,8.38796875,0.04824659962111328,0.05502640523818997,0.03584601126258691,0.11862982114984136,0.574044334075405,0.621698472635164
-3.32171875,-0.83203125,8.38671875,0.050421804791553296,0.047702846072718755,0.04035214862231629,-0.1294092633485375,0.10608593443844697,0.25661181894326407
-3.27921875,-0.8479687499999999,8.38125,0.04055492754817223,0.036622213524546816,0.04029190365321554,0.38892542000328567,-0.2769519829959005,0.17252586605231746
-3.2748437499999996,-0.8524999999999999,8.370000000000001,0.03816052392116096,0.045689167206242665,0.03391164991562639,0.2678371055541792,0.6138524490723575,0.07692623799377801
-3.2600000000000002,-0.85546875,8.36296875,0.05162969107015841,0.043907918117778034,0.04428881375062446,0.07970004358112139,0.49537772018479,0.10850514397777714
-3.2523437499999996,-0.87515625,8.376875,0.03790375094812512,0.028993112732811237,0.030866395562164542,-0.02859630462452074,0.4987666114518678,0.434410022372409
-3.3020312499999998,-0.85765625,8.35921875,0.07642765548829496,0.06820791256106215,0.04899951171631723,-0.3186543021233383,0.13957655840490532,-0.2938949775589476
-3.3176562499999998,-0.89765625,8.355,0.052640947331307635,0.04612287215620358,0.04007804885470361,0.10317229170905433,0.09345919248139851,-0.19660082406887686
-2.19875,1.23265625,6.765781250000001,2.458460201528591,4.436563014523284,3.474938760560888,2.257112747846639,1.8267851213444892,-1.7813099428036763
2.6090625000000003,9.426874999999999,1.69,3.2428569188439,5.487415396557381,3.3199477593781506,1.4765755742729494,-0.443141013650191,-0.45113624085621057
2.51265625,9.192031250000001,1.5314062499999999,3.078662575995612,5.44136735449128,3.2292810089803177,1.4358381590973204,-0.22440404449548285,-0.1487673148883261
2.08546875,9.92953125,1.21734375,3.8222919047704136,5.144079554961552,2.8990441539990277,0.7162790985690821,-0.4064822378041317,0.0821235834939427
1.7159375,9.240937500000001,1.20703125,2.915508488427662,5.911462308185154,2.723055888890905,2.0272627155933964,-0.39883794080811397,0.004212683970905524
1.7925,9.6759375,0.565625,3.939335683208528,4.520061088756849,3.1702025147259913,0.2859931597178344,-0.2735051506134367,0.551820354166554
1.39296875,9.42140625,1.25671875,2.8077023968048036,5.444165703756723,2.791160743471869,0.8533679391385449,-0.5750273829195324,-0.19866873915100883
2.0779687499999997,9.286093750000001,0.6429687500000001,3.626445478912297,5.106410988033664,2.649174210772753,0.6293399354818938,-0.25386500793396477,1.3321939375082277
1.77609375,10.1796875,0.5246875000000001,2.926816539127613,4.879756643762448,2.648662379833215,0.2991252058328872,-0.6245257491479494,0.5172426712219366
1.5814062500000001,9.05515625,1.2128125,3.027900400436074,5.70119477395624,2.3765327085575216,0.9526566645082203,-0.2341892848280807,1.1601569415094937
1.67109375,10.088593750000001,0.8626562500000001,3.5614696392375635,4.036247045209317,3.181098101573722,0.48112174651441775,-0.5144857150515711,0.9740004133102206
1.1173437499999999,9.0859375,0.9325,2.28160527520339,5.652764732508664,2.1955373772723616,1.1254587190257368,-0.5182058667238832,0.9979001302730685
1.61765625,9.45796875,0.43281249999999993,3.4220492499869053,4.431809795278158,2.7480268311724596,0.853080879779658,-0.36404646934652224,1.1755966743105077
1.5896875000000001,9.517968750000001,0.5725,2.5202374446356735,5.294563302249151,2.897643978303753,0.6462670105334775,-0.5996856199813068,0.5156890734216216
1.56015625,9.5040625,1.019375,2.8550489773532672,5.2041328884929285,2.547571683854058,0.7769209372919611,-0.4192226865371285,0.8044431274905655
1.4498437500000003,9.71578125,0.6793750000000001,3.8088082503699154,4.356119189100367,3.4694212751372526,1.247454762715911,-0.5139560617658494,0.8625934789985195
0.8123437499999999,9.32875,1.31234375,2.28612646070508,5.013607577134453,2.410644845126701,0.2215137001148906,-0.5772830531214952,0.33821624906213743
1.7107812500000001,9.650781250000001,-0.15203124999999995,3.2558808834397546,4.236637192650373,2.5905870351183795,-0.09694764141273676,-0.24969492956817757,0.29074674011113655
1.4484375,9.7584375,-3.4125,3.488019324572866,3.9944783055605333,3.389100175562829,0.4525553780852867,0.37119995866245875,-0.16601402343268543
1.28875,9.94171875,-2.09046875,3.5019898361502992,3.6396435070482434,4.000959037252623,0.6688909849882713,0.6785329010692343,0.45342856861918773
1.121875,9.9815625,-2.093125,3.1776474567476805,3.4879409303475524,3.6386810260553206,0.7342484923353839,0.1362766860262336,-0.21173510149070618
1.30125,9.76203125,-3.0425,3.9677152194304472,4.802581395616678,3.444125886926899,0.8343996478283559,0.155295021588192,-0.02387668241162278
0.9574999999999999,9.88234375,-2.16046875,3.0170997041861245,3.7105970468828784,3.0466910481329474,1.1079924140071071,0.39764041641821835,-0.21924486912564042
1.2049999999999998,10.02234375,-2.279375,3.693151178194578,4.077970827425809,3.055483224364847,0.7588665870651232,0.3054145581064864,0.022998219538583105
1.1953125,9.528749999999999,-3.2551562499999998,3.519967581859775,3.374883562806279,2.9478201650687477,0.172305905857982,1.115969826282368,-0.1774344753602525
0.88609375,10.074375,-2.38125,3.351447270017975,3.7299697866571253,3.59412780622782,0.17311753119167708,0.3175944642101563,-0.26745528398446333
1.4157812499999998,9.677031249999999,-2.82765625,3.0849441874446346,4.320728989305328,3.343451969048746,1.0077782330677991,0.3803204021249511,0.12425029874309801
1.2349999999999999,9.74953125,-2.7321875,3.6526116512709095,4.163746220985789,3.4221030032486968,0.6012830807222735,0.07810992574319438,0.42334700332359093
0.80625,9.934843749999999,-2.9876562499999997,3.1026795375126963,3.542493821531089,3.0905312762267814,0.7541245955441216,0.3740560490121564,-0.5284351419677114
0.15421875000000002,9.830937500000001,-2.78984375,2.299930572788761,5.302489603581864,2.9269702190295575,0.22021512731695791,-0.3916420717768523,-0.05929727487645909
-0.39953125,9.420156250000002,-2.66453125,3.8759629568371055,5.780298297932896,3.57635679222214,-0.4575996683539047,-0.36993847732743196,-0.5254637376781344
0.679375,10.439843750000001,-1.71875,4.4582654541172175,5.076425136164812,3.6817924048620663,-0.250877931873482,-0.5369428044935285,-0.5569847085071867
0.484375,9.23515625,-2.4028125,3.2413769619368553,5.34465386864163,3.1069993908663305,-0.3701792695633346,-0.23430178532726287,-0.4842951287379649
1.31125,10.0978125,-1.79203125,3.8189013881612603,4.6524793352409155,3.321105886827976,-0.00991053035550189,-0.44388191019029355,-0.776405923320266
0.8390624999999999,9.400625,-2.2565625,2.6531506734623553,5.033209983139487,3.0057778832764326,0.07674776358225995,-0.8402207147974773,-0.43198652705308005
1.5729687499999998,10.09671875,-1.5809375,3.6369826434866908,3.8979401830836804,2.8263966231040096,-0.5985255322065773,-0.4746562878998864,-0.609272624349033
1.6353125,9.78921875,-2.6125,2.018546018138737,4.313204762951608,2.176320001746067,0.7069629976116927,-0.4754268984260441,-0.8714012808514994
1.3115625,9.90828125,-1.6978125,3.6793988209480295,4.197089227476399,2.78410974816794,-0.15283188173075365,-0.27917809845128927,-0.18969005781012377
1.64375,9.29375,-2.241875,2.74210258059395,4.817908486833265,3.1144410990376747,0.1844193710787158,-0.8843210660823411,0.4757750336043732
0.9424999999999999,10.05859375,-1.5415625,3.6146887832841155,3.626885659206937,2.5090176232130674,-0.48981400021978977,-0.44415717994067205,-0.03507690971678573
1.54953125,10.14296875,-2.0734375,2.9571229840460536,5.024151259070873,3.0588479340421206,0.1409458119247392,-0.7174688708496715,-0.21608704197311202
0.61421875,9.49453125,-2.0340625,3.3442407605685984,4.612456276787178,2.6937768088863168,-0.7762270144119806,-0.5529968645768712,-1.5846794549450192
1.6865625,9.4525,-1.96109375,3.192265662283412,4.931725420681894,2.6014059402966963,-0.6695154693488098,-0.35974880108144736,-0.20515391751995404
1.48671875,9.653593749999999,-2.2153125,2.643840751803791,4.45033298163867,2.075003741525241,0.16296369465715635,-0.7980341835581676,-1.4068784906291403
-1.0846875,9.1834375,-0.11125000000000004,4.2884710885516935,2.1950179517702697,2.4558453865217165,0.544249531276087,0.795993879066612,-0.5270178915131277
-4.06171875,8.80046875,2.1331249999999997,3.4669423464197435,3.752003393891514,3.106969924118191,-0.3732081949560014,0.4872789503538493,-0.057084415201326774
-3.925625,9.3165625,0.9690625,3.9212764483488027,4.074301787864241,3.826817672177987,-0.42694562489856314,0.041219335187612706,0.15481621890078173
-3.61546875,9.12046875,0.84421875,3.5364998275517334,3.450206710151355,4.064726237970824,-0.8959330469064501,0.2683726927176684,-0.014590272530717893
-3.98015625,9.1646875,1.34015625,4.719458884563561,4.398172549746514,4.1813071715775605,-0.5262868389918611,0.1538196003768738,0.19172805455314956
-3.7942187499999998,8.892343750000002,0.9254687500000001,4.116275548314087,3.5161443470562945,3.4040361749360772,-0.7978537234987436,0.36242140400071876,0.20607589970923243
-3.4565625,9.252031250000002,0.4860937500000001,4.1786429535907645,4.29712337634416,4.311507355752851,-0.43230627410495104,-0.155919019450336,0.12301173886438736
-4.1171875,9.017656250000002,1.7359375,4.7576821000192675,4.544646143467711,3.8038889305674726,-0.908621431100789,0.029504158085759555,-0.15447791708370703
-3.510625,9.226875,0.6285937500000001,4.287247760437341,4.732410483503624,4.1311828160904405,-0.5329090873869746,-0.20953498322843386,0.4258228418555213
-3.8362500000000006,9.486562499999998,0.8071875,3.7991283951059094,3.7854937833252014,3.4623819784714325,-1.1726439307079533,0.282365242776858,0.3756214943028517
-4.11375,8.4628125,1.6190625,4.256200807351552,4.4726919567352,3.731753407728564,-0.566759365584383,0.029095971224077543,-0.22162484361904122
-2.3715624999999996,9.94328125,-0.4671875000000001,3.125445077679937,2.654239565468505,3.2387287575287544,0.140079988751751,-0.1219665288616929,0.5568498101857279
-0.8242187500000001,10.15609375,-2.3762499999999998,2.8732586055989526,4.720930660760751,2.9267710984120368,-1.4927829348811372,-0.5695295959745539,-0.2489582294409369
-1.50125,9.143125,-1.9182812500000002,3.5748057202455072,5.347545545329652,3.470263208086447,-0.7554611830287494,-0.32162050472076065,-0.42803883768656764
-0.29843749999999997,10.26515625,-2.1221875,3.0113328749232875,4.700086765218908,2.6909521251489688,-0.5214886516261249,-1.071159336387393,-0.7352074471876587
-1.19921875,9.29078125,-2.17203125,3.553191481210721,5.192387849260534,3.6078851057819787,-0.5796449474405712,-0.06999751018720561,0.05242362389070515
-0.5487500000000001,10.208437499999999,-1.5392187499999999,3.390995659463456,4.417934408023024,2.770001864105589,-0.43746163364501234,-0.6708626337616209,-0.07605751920620785
-0.59296875,9.334999999999999,-2.5157812500000003,2.4336685783038408,4.736122161114512,2.5751279122887154,-0.8436303701239564,-0.4199944952161918,-0.4370449568763024
-0.27890625,10.01609375,-1.97625,3.535734151659445,4.06465620363038,2.6039090205880853,-0.9758848207515871,-0.45921215299557633,-0.8324678069253291
0.06125000000000002,9.87578125,-2.4292187500000004,2.1783698750441807,4.854662322412182,2.404902742762883,-0.3735306472189615,-0.9344895323680049,0.0758831928572638
-0.71609375,9.87640625,-1.4575,3.62852656786621,3.473317653549836,2.7939029600184755,-0.5942112240313326,-0.5152759200542298,-0.5843813083098903
-0.33390624999999996,9.6409375,-2.0846875,2.058277205264378,5.319722067090887,3.086250237317731,-0.015478615418601122,-0.666329589893102,0.0345939829415635
-0.9478125,9.7415625,-1.71046875,3.1079884314205146,4.241284157963688,2.7920951081174574,-0.2988952681236339,-0.620823997906614,-0.5053987847305487
0.5521875,10.185156250000002,-2.4764062499999997,2.617371336827037,4.728298779750063,2.5184341409814426,-1.1348735490052066,-0.7555082649455463,-0.2936184822960965
-0.2528125,9.308125,-2.1237500000000002,2.409084673655899,4.557022696824649,2.547229806574193,-0.29259273344231695,-0.41899419828620166,-0.423876871058857
0.50171875,9.590625,-0.8898437499999999,4.02075107826864,3.030907390431948,3.2992889822029743,0.824561247330499,-0.5236933111758635,-0.3170457848629719
2.63296875,9.66734375,-2.025,3.3673727145986434,3.801442260094968,3.535161771404528,0.7988253387618134,0.3321343753534372,-0.31223899131261157
3.0714062500000003,9.4065625,-2.62109375,3.8939580069591067,4.689122792014915,3.279309720232436,0.4782273606631473,0.0029788629785561464,0.3335017897897549
2.63109375,9.570625,-1.5481250000000002,3.667943104276692,4.214657783779722,3.5676348410922047,0.6942667092532165,-0.3214392560955533,0.06677847775413107
3.00953125,9.6359375,-1.8117187499999998,4.041217495108799,3.792496176147545,4.0765390324880295,0.583418115202035,0.2065375891315192,-0.29496345167190763
3.221875,9.101875,-2.4525,4.313582789790292,4.015470425040508,3.3430113670162713,0.679330319391527,0.5358562568258455,-0.13975380826443387
3.238125,9.64890625,-1.7951562500000002,3.7287593760358146,3.441140852422484,3.519355406262053,0.5199190470831709,0.3866499788213857,0.021997197881774275
3.43765625,9.73390625,-1.79515625,3.989781378012577,3.794719858396788,3.583905861708136,0.1708012489538182,0.47797513548573173,-0.02378086505132684
3.2234374999999997,8.992031249999998,-2.15703125,4.241099952676635,4.8515610180150714,3.9746248563887683,0.14490272672645244,0.09997092463646094,0.3656306199653252
3.0353125,9.381718750000001,-1.9490625000000001,3.9456902789428048,4.030705798417746,3.5959437733498767,0.8015518482700923,-0.00653593073531124,0.07944644941396665
2.98390625,9.19796875,-1.795625,4.338826388404004,4.00337169602367,3.952730415089676,0.5747275189318434,0.45285139108751765,-0.20162647649063292
1.8495312499999998,10.166562500000001,-0.2915625,3.089022109466592,2.5327321085329473,2.179398726390779,1.2786906145112835,-0.2512143871622261,-0.3001676510702314
2.771875,9.315156250000001,-2.39046875,3.5985886447849245,5.984168695448512,3.6312942896126494,0.3513716780720343,-0.7335210373177588,-0.3741158888362835
2.40640625,10.01625,-1.86015625,4.299120683053796,5.106556906321519,3.1232112341444243,-0.29647089744592897,-0.5439868406527881,-0.536269286945128
2.87265625,9.4265625,-2.05578125,3.275158031581978,5.8721169039447565,3.1388064036586325,-0.12997696687266613,-0.5782351008457066,-0.3909839465231291
2.3557812499999997,9.208125,-1.3532812500000002,3.867415482547542,4.773840786973839,3.1604791244206054,-0.384421603563602,-0.17530204944821776,-0.29952459648830254
2.97546875,9.3725,-2.17125,2.806319280707995,5.073037182004485,3.158093521018654,0.16572877684737974,-0.5878755969773767,0.15920270768585282
2.2596875,10.030625,-1.0571875,3.8613359770089613,4.239173296100904,2.728771168464617,0.14254580840599734,-0.24800494635096215,-0.4230969927374299
2.96671875,9.4621875,-1.96046875,3.476872272013805,5.420393916944021,3.184270142870017,-0.19808014895016296,-0.7292374657898395,-0.4813224410991156
2.1140624999999997,9.96828125,-1.1790625,4.120581238865914,4.530280259917529,2.8357746509717145,-0.6941165986495981,-0.3368019496051811,-0.05801383863006971
2.8484375,9.352968749999999,-2.23234375,2.8030068780853443,4.989605971319122,2.9268908109691996,0.05867258943895899,-0.5180390178727795,-0.072026986219622
1.5467187500000001,9.833749999999998,-1.09984375,4.071798226324389,4.216842531741019,2.852194052494665,-0.24454698917043183,-0.30126678941940027,0.14119223027743544
3.03109375,9.37515625,-1.7854687500000002,3.9090956103951897,5.770815310732612,3.6571227290417037,0.19620194959694562,-0.5886928520797479,-0.17048142976297476
2.7878125000000002,9.38234375,-1.2520312500000002,4.16406519699725,5.389314584836919,3.1831971838897193,-0.3370528619624377,-0.6674894715320265,-0.3376703985719236
2.9634374999999995,9.3853125,-1.6190624999999998,3.9891643151910587,5.0060013885679,2.7372406947679537,0.1737472590669041,-0.6319047777116421,-0.2478770522036345
3.40046875,9.4378125,-2.0192187500000003,3.510700352888785,4.975717746199412,2.572643524110645,0.41794041502433094,-0.38805913000654385,0.09378186253721531
1.4534374999999997,9.798906250000002,-0.99546875,3.399923812910188,2.99123465164653,2.272801774302686,0.8430154027728052,0.9607218205075131,-0.7090105679003592
1.24609375,9.62359375,-2.6803125,3.451288082544101,3.9547840361340767,3.036888296816949,0.32835761838692495,0.04413254128700115,-0.047223817476214215
0.40109374999999997,9.797968749999999,-1.2371875,2.9783484922370884,4.588749209918039,3.183243957010482,0.5033832883813248,-0.38344534633500726,-0.16573957246819968
0.5340625000000001,10.12375,-1.46203125,2.761071304058218,3.9326329046200077,3.3639872081390916,0.5544877340672941,-0.1314031350391567,-0.2317916587016417
0.930625,9.46875,-2.4723437500000003,3.832960211686915,5.177769941055705,3.300583633137621,0.7732016275601853,0.23404581311784722,0.025130453588433625
0.5790625,9.8890625,-1.45015625,3.5649016986578674,4.876446490129236,3.5024087658475755,0.757768535786414,0.015661615461378196,0.440311499799375
0.43859375,9.731875,-1.6260937500000001,3.7476171042358284,4.875892826895912,3.315869332273354,0.37250458152633475,-0.18865672140166148,0.013727471754515181
1.245625,9.8234375,-2.5885937500000002,3.7595561053633713,4.4520866662267204,3.097170516771871,0.3253502260279565,-0.09010172747938677,0.08664984728300427
0.4221875,10.24296875,-1.273125,2.9964069466352115,4.040736581865173,3.1890211443913317,0.28598952735934574,0.15251140007782313,-0.34634261174834213
0.8751562499999999,10.1609375,-1.5025,3.7622205013244425,3.7071922152882433,3.406297018024118,0.2487888280488335,-0.023396264841573977,0.37199464680821476
0.736875,8.94890625,-2.4739062499999998,3.642646220040453,5.621223487036514,3.996495580969775,0.39580515518320614,-0.31357125554868376,0.39264287247780516
-0.0495454545454545,10.185454545454546,-1.318409090909091,2.869644382897909,3.665314977501595,3.072530747817016,0.9182753872179067,-0.6633363636491442,-0.3852294926539578
