-4.929765625,6.369609375000001,-0.29656249999999995,8.158479146036862,7.844963989953179,3.4782562166398483,-0.12786784520916253,0.47293917211383324,0.7789090917065432
-5.0541406250000005,5.535390625000001,-1.9175,10.186218364730584,9.70147217423274,5.317014699293204,0.17931992686461967,0.39278732925406057,0.06951528201690245
-4.795703125,7.236796875,-1.388984375,9.461320243793423,9.509715421411949,4.289187685303111,0.08734842156549157,0.15705195940892694,0.35979151911625273
0.19953125000000005,7.110234374999999,-0.5622656250000001,9.027887337593079,9.378652493899024,4.044425023806642,0.138450067717123,0.12475537482270173,0.9429314868425231
6.279453125,4.6538281249999995,-0.6885937499999999,8.707199006837833,9.718927580459122,3.422906233737778,0.4530181703461343,-0.019841825835391916,1.175942228091802
6.881249999999999,3.4289062499999994,-1.066015625,9.593771254048118,9.767087209281534,4.054311042705759,0.2351457558117978,-0.41401120765078897,0.09082298310388655
7.147109374999999,0.7041406250000002,-0.1342968750000001,9.901066558105601,8.371219345111834,3.6037978412523692,0.09726877842503659,-0.34130926585565424,0.9168651322771844
6.329453125,-0.30960937499999985,0.73515625,8.743036453068106,7.121747437684245,3.68961506807769,0.3462830428223848,-0.12956692301183884,0.9267199127814368
7.1371875,0.5628124999999997,0.25992187499999997,9.421624804928486,8.615413598013955,3.4103721607980684,0.030321503212495608,-0.13764786349449115,-0.3755151230201824
6.5465624999999985,-1.2032812499999999,0.415546875,10.283384690051896,8.222931836236905,3.2781615962194017,0.08273511604693522,-0.4458315702705429,0.1358011952944049
7.243671875,0.42539062500000013,0.09859375000000001,9.59001856351613,8.076270885124652,3.281701572349463,0.10614816801426896,-0.13256190683359023,0.25479493162325634
6.560625,0.07296875000000003,-0.15609374999999992,9.695869670734801,8.445844518106133,3.108181048251684,0.16909437181724754,-0.32579442358373084,0.31362812010848423
6.501640624999999,-1.7579687499999999,-0.029687500000000047,9.744421302832693,8.228557965191923,3.4215269657484435,0.10693225450682209,-0.3184899993003298,1.3684198157485035
6.965937499999999,0.048203125000000235,-0.25093750000000004,10.15741850489551,8.974426551456657,3.7816422188109957,0.046064681088436435,-0.5189012245508255,0.8067583119534363
7.429453125,-0.6038281249999999,-0.5667187500000002,9.84090223161361,8.715168361208462,4.060535699990635,-0.08577115674646858,-0.40565315366761673,0.4330633753214948
7.244999999999999,-0.375234375,-0.33078125,9.809101481532343,8.901206375827288,3.7838764864419714,-0.01504611584700713,-0.5993399000410368,0.49557022429200226
6.127421875,-1.3846093750000001,-0.044531249999999994,9.638091603607089,8.255120750020081,3.8490481492537136,0.23391298388083942,-0.4954226251694167,0.9595612873846715
6.588125,-1.226171875,-0.14937500000000015,9.279843896013285,7.807615885416558,3.9319400725818547,0.12963753305168527,-0.23761984694689353,0.566087743687588
6.349531250000001,0.5514062499999999,1.065,8.374000860118981,7.3523660875231815,3.9290252051240393,0.3863195203449805,0.17717171045759958,0.9913107232836376
7.047890624999999,1.9350000000000003,0.03703124999999988,9.44593262768622,9.430884519094697,3.5864062704221675,0.2395967992388493,-0.19973739069024526,-0.2490642930738156
6.619609375,-0.49984374999999986,0.012968749999999973,9.111117299275765,7.381308846545166,3.1017228980880027,0.203504663784572,-0.293284476837887,0.6755817146339661
6.807968750000001,-1.2311718749999996,0.10890624999999993,8.869390952823279,7.374133807299606,3.728728468420694,0.19474666355105505,-0.19092039772785876,1.4153587895014947
7.390859374999999,-0.007500000000000062,-0.7201562499999999,9.26821947464693,8.838198434211579,3.607909710010207,0.04580777200215734,-0.3315499707541443,-0.22155242574337936
6.785625,-1.9940624999999996,-0.45281250000000006,9.68233618422615,7.938836839934031,2.8886207071617673,0.1013060329404644,-0.4481232609069548,0.6514634080350624
7.720390624999998,-0.3747656250000002,-0.26703124999999994,9.440674830416633,8.788534431011144,3.096749142088109,0.08192396764656065,-0.3226147169942458,0.8818350819834241
7.5903906249999995,-0.8647656250000001,-0.435546875,9.063237677075566,8.009701633492247,3.1695252524514985,0.04004994608355362,-0.5676022892226397,0.3360743421342361
2.9446093749999998,8.800859375,-0.43499999999999994,4.327544212357871,4.652010826537768,2.5127375509591126,0.932271526615936,-0.20036440482017193,1.9419403808342046
1.818828125,9.15875,-0.28265625000000005,4.1214393005306995,3.9519850629145856,2.726043803634846,0.6168464244793069,0.511144272979501,1.980258511643136
1.6590625,9.563359375000001,-0.40828124999999993,3.967591649362841,4.711485016250143,3.0804266418628505,0.6950506061664627,0.4560961126615641,2.11847924955888
1.664921875,9.3225,-0.452734375,3.7799847048495425,4.216739706218537,3.3162268456701454,0.5910913824623959,0.37042822022388955,1.8496072574841422
1.501953125,9.423671875,-0.4066406249999999,3.8888149019402727,4.679303979876066,3.1293862410782096,0.827752447646318,0.12403878179207563,2.8443112741889625
2.4696875,9.20796875,-0.465390625,4.328053823873237,4.4784449657803584,2.946916264913564,0.681026928944994,0.263284666893968,3.2143550651633626
3.1857031250000003,8.91453125,-0.15953125,4.957563300716919,4.8775183974818015,3.2784335196513346,0.5481396663568834,0.49760929924027625,2.1882911743799665
4.327265625,8.405312499999999,-0.15468749999999995,5.211745855943414,4.69585620812049,3.093526996381921,0.519138765422987,0.5394690869879512,2.2459542032295206
4.8884375,8.47671875,-0.189765625,5.083003454759179,4.530522546671459,3.275513190908924,0.36549206930655187,0.5993766741022402,1.3133463099557299
5.932265625,7.782734375,-0.5193749999999999,5.529147794705199,4.405098380506769,3.0846747574703883,0.18665582782946255,0.7204978451306958,2.215783234231207
6.830234375,7.170234375,-0.29804687499999993,5.386085728645466,3.6380150977309533,3.2656438536761376,0.20459226396189412,0.8991218519893379,2.0290691935335863
6.81328125,7.127890625,-0.09132812499999998,5.354636149720954,3.7258874052750315,3.306544734285926,0.22726399874219527,0.8673993186741054,2.449670223833921
6.9371875,6.973671875000001,-0.141484375,4.9919852854193945,3.445778184762331,3.304177538038908,0.15308462016562221,0.7606670080735508,2.442678965678902
7.11890625,6.83046875,-0.1656249999999999,5.322105321553768,3.803745041767842,3.3142367498980816,0.12238044904600576,0.9980288317006554,2.391248675721962
7.114062499999999,6.600078125,-0.286953125,5.209382826553809,3.75541556790277,3.266383837334911,0.06726490469363487,0.9444684511781599,2.6392538920302115
7.11890625,6.535703125,0.16796874999999997,5.230372721299213,3.339198931722283,3.3576236386801064,0.25629680097427177,0.9505820315030883,2.181392779348193
7.5521875000000005,6.74,-0.05031250000000001,5.219050730481909,3.6141462511912823,3.029427528815263,0.06362690908214008,0.8438981956570953,2.10035301887486
7.195,6.555468749999999,0.20875,4.4878340753084895,3.324955558766679,3.1100833992033072,0.20888580032193366,0.8465144015210625,1.7060274887001283
7.406953124999999,6.53375,-0.19921875,4.659022422708731,2.7178900938963664,2.5290121618229593,0.5017051013840941,1.0300146219193165,1.7052765914180825
7.6196874999999995,6.3822656250000005,0.3211718750000001,4.8253061653996365,3.005585481348577,3.67655953752404,0.2109899344186702,1.1080098456692773,1.9950923444526416
7.625859375,6.629140625,0.18140624999999994,5.182875427692104,3.630806562284007,3.6722342344220005,0.15041063268751256,1.0127293985633512,2.0606206921057697
7.269609375,6.436406249999999,0.120234375,5.3409126096260096,3.636527089471621,3.288145959552033,0.19337683493333782,0.9700869084923586,2.314404890072307
7.4825,6.52140625,0.12140625000000001,5.324786967569688,3.649396939558773,3.4052947592625427,0.15273425551119674,0.809987968540673,2.8263274875214566
7.559843750000001,6.587890625,0.13570312500000004,5.065417212637666,3.368673387891309,3.316371954880097,0.16594159904162517,0.7324576581509109,2.4319191439352608
7.460703124999999,6.628281250000001,-0.19429687499999998,5.24718885803296,3.654745654063828,2.8666137698712104,0.1988010809039869,0.9860449698790249,2.409680166134571
7.75671875,6.630781249999999,-0.05343750000000004,5.14538979168716,3.730142551183324,3.691697915064794,0.0762952914335895,0.7982649608534123,2.272969846148289
7.483750000000001,6.525078125,0.12085937500000007,5.152666178785503,3.6822655636708883,3.602479403858488,0.2379691336203887,0.7685845036492346,2.5572347284465664
7.707812499999999,6.684843750000001,0.15414062499999998,5.558272120438487,3.723170688483935,3.428111161627436,0.22135578645109857,0.8767460612027139,2.270374846012344
7.424296875,6.55109375,-0.020000000000000004,5.255027753791148,3.6097922885134177,3.435007505450315,0.19404924236415946,0.8196203530309555,2.768504210324264
7.64453125,6.305703125000001,0.03914062500000002,5.456082881085425,3.5554572234967523,3.189234828720615,0.2164597707048502,0.9807319453452145,2.556485990980142
7.616875,6.304765625,0.09296874999999998,5.185001770431231,3.2065706381691266,3.1298440854175844,0.17982241718629774,0.880985131322117,2.1116693885244158
7.619375,6.4575,-0.044062500000000004,5.57526971741054,3.439677265020659,3.0717733166029277,0.1262111803812031,0.894862920452513,1.9007823099592551
6.43484375,6.806796875,0.09070312499999997,5.313705449174422,3.449942466366683,3.3621038762009174,0.3037290393457918,0.5830028066815415,2.1784001591079174
7.714140625000001,6.405,0.0353906249999999,5.138167007695897,3.2430786877595184,3.5752587105567772,0.0875996802146444,0.6981414850316735,2.6897242586961854
7.492265625,6.169140625,0.15960937500000003,5.240037752554208,3.5613052881246516,3.590886772952067,0.2527164175886431,0.8843614118242478,2.6902103337471877
7.754765625,6.569609375000001,-0.42867187500000004,5.528029989975485,3.5133989957962517,2.354420832144072,0.07101015671900633,0.7487931086043559,2.1424654391678892
7.707656249999999,6.0326562500000005,0.08906249999999999,5.399048886779591,3.517058759721813,3.5874199550085777,0.18759096840298692,0.8586895633194791,2.659955777226772
7.711718750000001,6.226484375,0.12281249999999999,5.262340423556655,3.3957509271339172,3.4728311436555264,0.18712691178056068,0.8269322836546049,2.0751144265857366
7.85484375,6.20484375,0.02296874999999997,5.0853837712198215,3.291551682046924,3.244751136300508,0.20067597131176457,0.9633441079905578,2.593899776050632
8.1184375,6.36140625,0.06601562500000002,5.579197332152158,4.004754934444921,3.3906552048985836,0.01875377355117015,0.6911871681926374,2.318603851795594
7.616796875,6.343515625,-0.09468749999999998,5.459186199310318,3.392361269695617,3.309848924398778,-0.007833498373937245,0.8921851397673096,2.444989341723114
7.604765625000001,6.396796875,-0.06749999999999999,5.541488964625695,3.3737733728334853,3.1141810219542476,0.10201928134669602,0.6574312033738489,1.7752759722299287
7.817109374999999,6.2017187499999995,-0.10999999999999999,5.841052873886446,3.6584457315776104,3.4341965945472603,0.08352573899583679,0.7854744432446935,2.1512889120705214
7.428515624999999,6.218046874999999,0.08820312499999998,5.724499853950637,3.7967321595752224,3.6342161795895183,0.19083264627956592,0.8596762797997085,2.117818710881939
7.552656249999999,6.2209375,-0.317734375,5.496859115152574,3.5742473940109054,2.7328674315073096,0.1926968934778087,1.0425169336236346,2.629468067763571
6.0815624999999995,5.766640625,-0.00031250000000002803,6.444099704077657,3.62983928650424,2.6624770942383242,-0.4191933459401147,0.6136073831500061,1.9074369839392566
-5.2964062499999995,6.837812499999999,-1.361796875,9.377162395147101,9.484926029091833,3.4302740947321153,0.044266848126282135,0.21153740327673562,0.7281579670816082
-4.311171874999999,5.865234375,-0.57359375,8.642222535057691,8.740709171461338,3.595061876722143,-0.2035360321501752,0.3851605800329225,0.966734576289983
-6.17640625,5.82046875,-0.7184375,8.463461977669713,8.439504748815148,3.958655950394496,0.16503888759968974,0.28201147509419394,0.2304642031642159
-6.729765625000001,2.81140625,-0.954375,8.878792364467047,8.56911183903915,3.4900688903480117,0.14421772548254003,0.6297173433479536,0.4739669528278626
-7.435312499999999,2.605703125,-0.8561718749999998,9.127555801108189,8.83685214064461,3.7405380881911876,0.159279045596986,0.5288824796730579,0.5328559802599006
-6.791953125,1.321640625,0.015468749999999948,9.25393143299391,7.998780158692925,3.711819983885727,-0.11592996964038343,0.461751518684447,0.5143673277786345
-6.751406249999999,1.1682812500000002,-0.652578125,9.352436742499837,8.447640398117006,3.5031923490612793,-0.051756774196164354,0.783238475833289,0.9671355042726804
-7.563359375000001,1.902890625,-0.13218750000000004,9.113602066189285,8.262503040122715,3.7009800090440574,0.12390483507669073,0.46874181549773913,0.8432749133425567
-7.320546875,0.9122656250000001,-0.43406249999999996,9.323459684161119,8.722600513074834,4.564966360346344,0.1057319890000251,0.6956701434835989,0.9020132174489384
-6.934609374999999,1.3715625,-0.869921875,9.277680955384923,8.686159738117516,4.2863926223161695,0.09691342260761336,0.6433509621544443,0.3309211881956837
-6.948984375,2.4753125,-1.1859374999999999,9.41243441542919,8.98572608862766,4.3445591759802,0.18929364484424518,0.5782586344683788,0.5736460252711463
-7.14171875,1.6139062499999999,-1.155390625,8.840694534842749,8.678262375971986,3.508099089594265,0.11708104074674021,0.6641426846482362,0.5536604510537332
-6.8657812499999995,1.8707812499999998,-1.0299218749999999,9.098436817093827,8.83746495832648,3.3628950734666825,0.06325177030305393,0.5545957951938887,0.32868544451328885
-7.781718749999999,2.007421875,-0.94578125,9.380684618986955,9.506631998085416,3.8628585208558235,0.1751674154205288,0.4127906977599955,0.2845363674226336
-7.504296875,1.6199218750000002,-0.9764843749999998,8.8944675293474,8.70148258704495,3.6269956984577276,0.01608388264739559,0.5348867041958124,0.4166369576929151
-6.7234375,1.351953125,-0.24882812499999998,9.577084502007578,8.464960873598455,3.3225041434073463,-0.031645436256928866,0.6123467333595143,0.7015699205620358
-7.487499999999999,0.4131250000000002,-0.8767968749999999,9.235722850026413,8.239334275102268,3.498544995243056,0.10706974312293946,0.718009673772781,0.7087194223607763
-7.110000000000001,1.1359374999999998,-0.946875,8.868919748199326,8.516944823180069,4.02233408413262,-0.026824057643031054,0.7409057783536901,0.6937564779795776
-7.662656250000001,0.7256250000000001,-0.685625,8.82807891442617,8.522716405106706,3.888066427785796,0.07257920922979996,0.8159377993633156,0.5748126784741132
-7.283906249999999,1.2136718750000002,-0.312265625,8.896597772671917,8.386645622570683,3.727037449260922,0.06804849533329049,0.6205912484719144,0.7751325544363532
-7.22828125,1.155703125,-1.4539062500000002,8.37165372602083,8.108471234185593,3.13172781643152,-0.027340851769353115,0.7841764547259469,0.7633862422792889
-7.142109374999999,1.345234375,-1.073984375,8.664921257246778,8.42394011924161,3.2877030212605667,0.016030292473750367,0.7957713027594318,0.7601948900807616
-7.629375,2.3277343750000004,-1.2472656250000003,9.04659775050129,8.52693061119846,4.087250320134963,0.11705278614899929,0.6053526947220775,1.0903227625914556
-7.065078124999999,1.321796875,-1.166484375,8.601254359475512,8.335587058809368,3.4574083930931354,-0.007430327488975547,0.7604366387922846,0.38387626235451433
-7.964062500000001,1.2940625,-1.2570312499999998,8.890796719563086,9.053206047919916,3.8219647596522184,0.2102623046623414,0.6218538542869413,0.48915458561800784
-7.16046875,1.3213281249999997,-0.34296874999999993,8.94125112359973,8.382492112572132,3.729460282537332,0.23256036560621074,0.6197420938779423,0.48981000550382725
-6.886875000000001,0.8675781250000001,-0.919453125,8.917679573990927,9.694008357783249,4.474630799817761,-0.04775550830778588,0.5601596455211817,0.364578909867004
-6.7103906250000005,1.0333593750000003,-0.9148437500000001,9.273654248928095,9.557365801221046,4.8205027591098775,0.03473210825786668,0.6858931559813904,0.3827336347617516
-7.0239062500000005,2.2868749999999998,-1.395390625,8.738121779948534,9.741059101651883,5.438004991254799,0.07884979861498805,0.38672617544965754,0.24027679194636856
-7.02265625,2.06,-1.358984375,8.79141835509697,8.511714721488262,3.803210370825661,0.0939480584789217,0.7295416440692865,0.8714402246871858
-7.01875,1.578203125,-1.2369531249999999,8.901208748675653,8.685343386417731,3.646677545767206,0.23189543661322107,0.8550630383885183,0.7170346694006224
-7.943671875,2.3159375,-1.14109375,8.60280058606405,8.987115554842596,3.843564474054122,0.10448142616843673,0.542212808183431,0.9046581916499956
-7.008437499999999,1.282734375,-1.26421875,8.872026388942594,8.814888569456981,4.114243287306723,-0.0003457168193707945,0.8212310897282775,0.9581625340125435
-6.6928125000000005,1.8087499999999999,-1.3609375000000001,8.811553755714355,9.715123117464852,4.6026906936153935,-0.07269643320404634,0.6049197148122152,0.5501789253917648
-6.520390625000001,1.6164062499999998,-1.238046875,8.853430338217052,9.918314556791438,4.895268771125109,-0.0024408213863154186,0.6969729140003473,0.38498964556093856
-6.472031250000001,1.794296875,-1.69984375,8.928013265784468,9.001614671441743,4.861214641227637,0.0008739948209899146,0.7076214642844163,0.4167473993634324
-6.43828125,1.91703125,-0.9198437500000001,8.717351779405167,9.111741340107468,4.559618779359294,-0.07999546080502103,0.544822457470361,0.49087952613401753
-6.059921875000001,0.88375,-1.76515625,8.944588665788187,9.748628349029417,5.051481061340915,-0.18796972703192727,0.6428384909892513,0.4196236155025546
-6.541171875,1.583359375,-1.416640625,9.024642186561138,9.063459455878291,4.00349208452441,-0.06390659656534214,0.6963792198614348,0.4174662008777867
-6.83828125,1.9825,-1.1574218749999998,9.035566192602344,9.379382808852617,4.105859997859338,0.00914028564656829,0.5555227180807923,0.42635921403667626
-6.0203125,0.4975781249999998,-2.1617187500000004,8.812525083076006,9.740625841842581,5.732837853838048,-0.16315422296907564,0.5242375315972292,-0.04529386712610733
-6.271796875,0.8633593749999999,-1.2647656250000003,9.505151928164548,9.901177824296948,5.537081666597339,0.01481640049053338,0.46531737643106724,0.10496105881578408
-7.592031250000001,1.5142968749999999,-1.1728906250000002,8.766166793360906,9.651813518355773,4.213662330804061,0.08021600508008223,0.6265298850316986,0.5655412618929787
-6.45734375,0.3378906249999999,-0.8704687499999999,9.090034935677417,9.726764191872194,4.577353707959811,-0.07839267286432759,0.6633795932027843,0.1471907524453376
-6.571562500000001,1.434453125,-0.731015625,8.805894016713678,8.911097260631136,3.859412366184243,-0.04871501550933071,0.5743153301270942,0.6010054326356098
-7.0111718750000005,1.103671875,-1.363828125,8.709861743762582,8.693543300121302,3.2150270024852023,-0.037235225675714995,0.8545462700363343,0.6080866867816866
-6.663828125,1.8540625,-1.3631250000000001,8.68192924998292,9.005726081005005,4.041982950468124,0.0181280159091104,0.6378694534466434,0.6786160390925621
-7.105859375,1.3966406249999999,-1.115390625,9.115715698669776,9.34051652055975,5.032038587631469,0.07389796836305414,0.6906395004906706,0.8984954975498411
-6.394921875,0.281875,-2.0267968750000005,8.563615255480391,9.690362218300976,4.656828476413989,-0.09849265480705355,0.7097744698694468,0.1897412774631546
-8.128515624999999,0.316015625,-0.48460937499999995,8.406556136604387,8.942875947842834,4.43453032714989,0.17707180696818395,0.6033752894563291,0.289450720072138
-4.675078125000001,8.19203125,-0.1932031250000001,2.9126453815898157,5.710252889454497,3.3640481876364725,-0.9058933328665822,-0.10722120373187485,2.048969679942257
-4.42375,8.827890624999998,-0.23164062499999988,2.2989046304707816,4.747241740662372,2.57178250968071,-0.4166030548023394,0.06808897216025725,1.8149518059731276
-4.6880468749999995,8.558671875,-0.315390625,2.72831737826682,5.634430063665178,3.0854469141296383,-0.36960920431318894,0.04461356618553171,2.2376824403075126
-2.4749999999999996,9.473046875000001,-0.08984374999999996,3.250856137235236,4.941524871970467,3.4986490661519536,-0.11152590739233673,-0.20704969458480024,2.4388850253156646
-3.096875,9.510390625,-0.16375000000000006,2.7898022303337204,5.469761106864001,3.249114061940578,0.4447326492454549,-0.05146480564790076,2.16026298601235
-3.4635937500000007,9.112421875,0.13789062500000002,3.017775912814094,5.371608631571318,2.9917176432255617,0.47781387556326343,0.052693982055959356,2.3738820224323254
-2.798515625,9.4440625,0.32515625,2.7273301648096915,4.651550218324397,2.821778579298159,0.6497459880516853,-0.06457122627512567,1.5064387188227013
-2.8190625000000002,9.635781249999999,0.12546875,2.6651554942617794,4.618884573373579,2.619325670429975,0.012678604944874312,0.10205255945783492,2.372099768364802
-2.96671875,9.605625,0.389375,2.987290031683974,5.078346456709605,3.156615511014131,0.8245558553892088,0.14297695879543543,1.653130181793196
-2.75203125,9.545078125,0.39992187500000004,3.1113786532698713,5.574280502351535,2.8976619066320497,0.8637788710457007,0.09485261052433565,2.3795391388105323
-3.04625,9.274687499999999,0.04539062499999998,3.6174911454625565,5.484664264095274,3.3933807124919113,-0.3685723337336313,0.0044660919408041466,1.9915569803302307
-3.334921875,9.23421875,0.1819531249999999,2.6567037836191836,4.958938994598385,3.3537712118677288,0.45437603171443974,0.05100623662819494,2.11920716088822
-2.9611718750000002,9.525859375,0.245859375,2.733415509112909,5.123652494702838,3.2424909713019416,0.11517211149984428,-0.007184111280342486,2.419388601739826
-2.971328125,9.787578125,0.071171875,2.8413086694046434,5.595993788262411,3.141610012471151,0.9605617497034359,-0.03620285165757417,2.1322591468745107
-3.269375,9.446328124999999,0.292734375,2.638828086836086,5.478604959164695,3.3262562746191637,0.45785613640936973,0.039428902069284566,1.7003330545426336
-3.279375,9.331015625000001,0.011171874999999998,2.6824405136694085,5.106458967548438,2.794606306433696,0.3174705071074272,0.07658274611696832,1.922687316846363
-3.3900781249999996,9.432656249999999,0.04437499999999991,2.919514754226545,5.557973647772715,3.4635645362653484,0.08764532471528352,-0.04191460035055038,2.241577288161608
-3.6663281250000006,9.220234375,0.025234375000000038,2.7475753149065785,5.060002696522835,3.2478360499828742,-0.06031211483340045,0.011766919178624855,2.1590550841117775
-3.9298437500000003,9.292421875,-0.21359375000000005,3.0206694167991865,5.7347329583226,3.362710898213068,0.08663051840348507,-0.08566343116727956,2.0755626057311662
-3.5992968750000003,9.335546874999999,-0.14914062499999992,2.6856956686052937,5.69010953988829,3.148159191134497,0.04513695136122991,-0.025409700485944726,2.3107349014352034
-4.098046875,9.302656250000002,0.019453124999999988,2.902996043581998,5.583457497987778,3.4044771323476,-0.0698283632930595,-0.22950332702244394,2.600117096178762
-3.6361718749999996,9.009453125,0.231953125,2.401887968704824,4.822096650542971,3.139761898465031,0.0012674933547993448,-0.09735085930616001,2.3384656699787243
-3.59171875,9.156640625000001,0.026562500000000017,2.436318338374203,5.207629510713066,2.8769858460885325,0.06446595048343269,-0.12420049194745213,1.958858085418414
-3.7175781249999997,9.022656249999999,0.15812499999999996,2.632643261205643,5.134625333881328,3.110210189340103,-0.12185170281249826,0.03152843013568478,2.663701507036497
-3.8228906249999994,9.235546875,0.11531249999999993,2.7414042228458593,5.199007989600298,2.9519961301369873,0.2515088257196562,-0.04228928738581606,2.7760822223019592
-3.8424999999999994,9.288124999999999,0.20734375,2.45935268414272,4.916058467855625,2.8479843432392564,0.0974853913167866,-0.0414128800580986,2.0794333954115722
-3.528515625,9.272109375,0.30984375000000003,2.340626281656441,4.716594814512596,3.3654004647420397,-0.4452850366738396,0.10071666094763865,2.1973247596962233
-3.73828125,9.109765625,-0.19265625000000003,2.9375960381574657,5.7388109157140175,3.4281938767864246,0.04997058287296224,-0.022587896918864685,2.3444644899547997
-4.46734375,9.12328125,0.004218750000000077,3.2068835836893013,5.917180244499777,4.476699678853658,-0.012373612135024527,-0.11446473772441425,2.4490514507351895
-3.588828125,9.34375,0.2636718750000001,3.1504088576657767,5.635062804663316,3.9593926836806657,0.17009481135528035,-0.015248173314556922,2.1948578759493804
-3.8435937499999997,9.425859375000002,-0.11562499999999992,3.0326284840812496,6.115326356702036,3.0710581314711383,-0.09524081685568174,-0.11745148514212578,1.7957395279730235
-4.003203125000001,8.892734375,-0.015468750000000052,2.708539428131006,5.566588766196347,3.7463823924251827,-0.905169276404285,0.0716788403065123,2.324850927911705
-4.0121875,9.252031250000002,0.43343750000000003,2.835504787924674,5.512097683643083,4.125006332854987,0.14157019545434046,-0.09502342255704144,2.4212945287853422
-4.265546875,9.5784375,0.03671875000000001,3.340157137161025,5.579207274209639,3.770291995774125,-0.26245993268035644,-0.13270087084134194,2.0203054230219912
-4.8359375,8.966640625,-0.23960937500000007,3.5885463277062133,5.763943051058851,4.133041480394566,-0.7616259008525975,-0.14937779408903162,2.155416526915097
-4.294140625,9.14953125,-0.04781250000000001,2.862064521280855,5.6599744449752984,3.8756606165715475,-0.37215921500230337,-0.06771090657998759,2.124955014916578
-4.415781249999999,9.24453125,0.09937500000000005,3.4002636867820173,6.223466158843754,4.111988522524716,-0.4236497039120148,-0.1766199304943168,1.9425679349409248
-4.57390625,9.197109375,0.040546875000000024,2.868056080119588,5.600672413919342,3.850977617070467,-0.008725160289395606,-0.06738275970884718,2.7300641031734068
-4.625390625,8.88609375,-0.28109375,2.8346838730116115,5.44137968407011,3.464243070818059,-0.37020080469703276,-0.0848740750364492,2.7623602188004845
-4.414843749999999,9.049296875,0.11570312500000002,2.7810980251666675,5.289698004079745,3.271137675658919,-0.06943000327221692,-0.13228230613376615,2.4901865747780887
-4.345000000000001,9.171484375,-0.06171875000000007,2.6378495029095195,5.145451737008215,3.073648867128195,-0.20117426205304503,-0.20111419656500082,2.094407801568937
-4.43125,9.20046875,0.407578125,2.8833931833865463,5.744365018674687,4.0223070855880065,0.029682398135417835,-0.1562746680931606,2.3082162798147956
-4.406874999999999,8.914140625,0.22632812500000005,2.8322983020640673,5.740695668773482,3.8532220427953523,-0.18698615713740052,-0.016242198944056895,2.325361336780655
-4.716953125000001,9.243125,-0.11023437500000001,3.6705101311401847,6.246039839120065,4.5630142629426835,-0.29663866144319123,-0.05824749504552028,2.134244283715272
-5.122031249999999,9.521953125,-0.4671875,4.259156012230996,6.023539638705198,4.156959514157403,-0.7199047780821576,-0.2791972804818452,1.958975539507641
-5.348437499999999,8.413515625,1.08046875,3.3011242018581717,5.797007389302765,4.229682290701446,-0.5097099832443552,0.14656029699399287,1.3186264436965347
-4.5171875,6.183046875,-0.871875,8.745569855066263,8.785227796437765,3.571636474975442,-0.10321927549230411,0.3614942674380961,0.7350887953397562
-4.933984375,6.075703125,-0.7010156249999999,8.651470281461172,8.8821784950605,3.756991574019811,-0.11307478357302175,0.3749074476636858,0.9637549915416955
-5.611796875,6.060859375,-0.7510156250000001,8.356875484592925,8.906017367781438,3.9532652326596884,0.03838021129847533,0.28233751686593656,0.23157244534357282
-7.010234375,3.419296875,-0.8411718749999999,9.01680423092452,8.561237697428172,3.66428446739046,0.23078900206620834,0.5047848466244663,0.5418540833789258
-6.997031250000001,2.78828125,-0.690234375,9.336036980380028,8.501564480047096,3.525982678817121,0.17254175512196823,0.5171338392496232,0.5202911470784587
-6.881015625000001,1.355859375,-0.311875,9.05327882936651,8.44899379432099,3.8347778924437073,-0.08328419427833132,0.5652429990717693,0.3774833962922541
-7.135859375000001,1.185859375,-0.55828125,9.504092254075326,8.216105328041664,3.556003969823211,0.01327090816702721,0.6785406832121279,1.0957029146996575
-7.0978125,1.9587500000000002,-0.2825781250000001,9.020196777362662,8.266704017472744,3.620555949646613,0.009854596779847428,0.5266997270574428,0.9075345062543335
-7.21484375,0.6105468749999999,-0.30179687499999996,9.1783753995784,8.496060420552443,4.514822711357582,0.084809422301843,0.7050585035358525,0.9218003221138313
-7.09203125,1.6273437499999999,-0.9043749999999999,9.535589861095298,8.943007960515072,4.265977641101158,0.11172415165655382,0.6490028446466258,0.24500232480726092
-7.27703125,2.3626562499999997,-0.9451562499999999,9.073576796061376,8.660680768960136,4.206302559919571,0.1904985482591547,0.543455328961684,0.6143057297760235
-6.968125000000001,1.2692187499999998,-1.3875000000000002,9.114269525550306,8.725176001929613,3.6577975357447,0.10086034117968633,0.7453117065292896,0.5825879545593466
-7.0265625,2.5835156249999995,-0.958828125,9.090853871947,8.888890765817232,3.6103364241381968,0.1589703327740309,0.5240709322183349,0.3563673478135246
-7.20859375,1.4515624999999999,-0.9357812499999998,9.23589691218243,9.292608826836185,3.4226265976802726,0.024777512191071605,0.45366167147591624,0.1895544458941661
-7.565703125000001,1.6715625,-0.8413281249999998,9.020427224811208,8.897782328821814,3.8855162484969723,0.10245307719915402,0.5509128156445898,0.49590259407461673
-6.521171875,1.3490624999999996,-0.6383593750000001,9.39003641009762,8.27010820643199,3.1838961924974267,-0.11059919222819607,0.5845938698178146,0.2623068285419078
-7.57796875,0.6064062500000001,-0.614609375,9.39419695870932,8.590741994872209,3.768153539521991,0.14044419332446195,0.7312023544759366,0.7201302431213105
-7.426875,0.9725781249999995,-1.0052343750000001,8.976713515918563,8.326261470313161,3.88834475645722,0.036195565080002164,0.7487102799826403,0.7731646944520293
-7.396406250000001,1.2608593750000001,-0.617890625,8.93484652344185,8.650042000200035,4.010582612824115,0.0721856980677065,0.669560436854062,0.5321100117210246
-7.326015625,0.6667187499999999,-0.4040625,8.756011893608063,8.02812109374905,3.385754494362187,0.026646272857130594,0.721192507773196,0.8203000187376499
-7.132890625,1.127890625,-1.0753125000000001,8.672029584418928,8.36653066654794,3.4402895357576737,-0.047857550548544785,0.7799308324278481,0.9191037697484542
-7.270390625000001,1.83875,-1.2107812499999997,8.404745255875524,8.654684244673517,3.280460764458011,0.07090279204232428,0.6517137184402104,0.7030591473695394
-7.727421875,1.578984375,-1.3457031250000002,8.860473256097638,8.35784463466843,3.756718914906362,0.09874167821200727,0.7635886204033558,0.9809944758074897
-7.54703125,1.7735937499999999,-1.17328125,8.755897330458108,8.506412170972022,3.8774325246738255,0.07921855320381758,0.713061674850797,0.7802300686660624
-7.523125,1.558671875,-1.342421875,8.756291733483701,8.790785514095655,3.631401835486054,0.09942519972708964,0.6239223573370002,0.3311971998203504
-7.078125,1.0366406250000002,-0.3578906250000001,8.957927246125355,8.354432139340746,3.6796311492168763,0.19055624336712854,0.670309948534497,0.5289280948088947
-7.03703125,0.59,-0.8881249999999999,9.010243594044693,9.530167151603376,4.371154694056823,0.0294602824231257,0.602702088162515,0.5225302455181059
-6.8276562499999995,1.6816406250000002,-0.9737499999999998,9.255551922053915,9.931910045509857,4.93750712024803,0.06561226125027342,0.49924995797380795,0.3383164774600652
-7.022265624999999,1.87578125,-1.4768750000000002,8.558171553298832,9.639963742263165,5.375374950584843,0.06282689224935896,0.45346218186074005,0.16951286698767523
-6.88328125,1.890625,-1.100234375,8.965962119783825,8.538145176024766,3.8931998938942707,0.030813686965969256,0.7491219895998219,0.7929849181217515
-6.899765625,2.19703125,-1.195625,9.08320148206668,8.879497571598487,3.7569892679344985,0.26028345836026334,0.7444857898220285,0.8273818445559722
-7.633515625000001,1.459765625,-1.25859375,8.462806363531596,8.52681729758052,3.833520684039795,0.022049114847517606,0.6798220018384636,0.8668097360040948
-7.421093750000001,2.053125,-1.1954687499999999,8.998862188005265,9.155917037461348,3.9131648515330193,0.06103669100489341,0.7388599320186902,1.041924726618179
-6.455859375,1.3560937499999999,-1.2585937500000002,8.577751064467575,9.258191325318943,4.5051588024131775,-0.10942405449619136,0.6764117833097353,0.5751091763123491
-7.010859375,1.5880468749999999,-1.4899218749999998,9.014003864417,9.859930278229797,4.690995112995374,0.08877073021636248,0.649978456751719,0.6180726636407667
-6.2542968750000005,1.73296875,-1.510625,8.949871043379073,9.344580177114617,5.345080938056505,-0.03751336795218765,0.7558999398309729,0.30856293001040397
-6.713203125,2.3071875,-0.88234375,8.72420491842897,9.321939757359718,4.35539813844107,0.0177693985802792,0.5158128730713822,0.5447426262426944
-6.06234375,1.07734375,-1.599765625,8.735621890817844,9.33653002696055,4.86636550480113,-0.2679817941436807,0.6854964205543921,0.6107230485984279
-6.230937500000001,1.0509375000000003,-1.6918750000000002,9.108776883237054,9.163533318054437,4.1889849512590756,-0.11401834768859488,0.6318393220038527,0.04953700257318643
-7.311875000000001,2.498359375,-0.9510937500000001,9.055726930201407,9.222163416986255,4.001187174291017,0.10801354057481498,0.6174700557558851,0.6048628599999402
-6.108671875000001,0.37429687499999986,-2.0716406249999997,8.727333353025653,9.722048209128324,5.521655489035839,-0.13787160183376582,0.5179301770741954,-0.08874107904493243
-5.9310937500000005,0.75921875,-1.5234375,9.425328511713051,10.109839854797327,6.051849205705125,-0.012926322927958244,0.4469724793680988,0.13494639372236672
-7.403437500000001,1.1465625,-1.410625,8.587933071094216,9.41606161346631,4.037087004806188,-0.10290648433517768,0.7000244121274763,0.4795651698823482
-6.366484375,1.13984375,-0.6190625000000001,9.309399365513915,9.888583378097488,4.499949554838781,-0.005997194164237461,0.5493741926942834,0.18651603340093872
-6.911328125,0.856640625,-0.891640625,8.831806455495613,9.143803594967993,4.011561178593642,-0.0532503944355637,0.6117200542103481,0.342606218021796
-6.734999999999999,1.385234375,-1.107109375,9.001656271209205,8.748482722453554,3.29144016549551,0.013520530727332105,0.7997834710686388,0.9918658433664652
-6.7028125,1.533671875,-1.4665625000000002,8.273175586033682,8.713434120574046,4.0142146720864025,-0.06506819470059799,0.7490079346247074,0.6114469064855675
-7.02515625,1.625078125,-1.0452343750000002,9.511288357819142,9.361364333332855,4.725300414531161,0.11259440366806739,0.6495501958191798,1.0975342635835041
-6.886796875,0.5308593749999999,-2.0933593750000004,8.400849932223538,9.722695342867873,4.789229824131393,-0.04326459102425011,0.682393883456023,0.22475001864653163
-7.443203125,0.6596874999999999,-0.9889062500000001,8.669399212675595,9.715801396557247,4.525596168319809,0.06391944144300035,0.48903999203414933,0.3691220015944052
-5.45546875,5.908203125,0.16335937499999997,4.5411388403982365,6.820189631893694,3.606743743787408,-1.0359666646960943,-0.015887040275254963,1.6676403185735087
-4.4449218749999995,8.676015625,-0.33734375,2.221093127583012,4.651903397374656,2.5375389419348693,-0.3852644246731114,0.1344026402650565,1.896223532414805
-4.67,8.734375,-0.24390624999999994,2.7099089006828256,5.674132470860634,2.9920752712308123,-0.2125232699950503,0.005383596415208913,2.138254644493208
-2.8371874999999998,9.465546875,-0.17960937499999996,3.256246866001371,5.079912002281903,3.2143004201788776,-0.2835871707259952,-0.20927751835057848,2.5864538203156826
-3.029375,9.3203125,-0.20132812500000008,3.0081664239823898,5.400808813487453,3.48686830549047,0.5228688447498837,0.008810317748369973,2.06015297070882
-3.440703125,9.192421874999999,0.03609374999999997,2.898836292267163,5.2729632836547875,3.112994999387397,0.18303926826950984,-0.024755593143612423,2.599821286161725
-2.914296875,9.38046875,0.456171875,2.8387744064323313,4.938063553182911,2.8872189043626366,0.8869864401740868,-0.023120777748063,1.43237183331001
-2.8168749999999996,9.570625,0.08968750000000009,2.4629164463852606,4.477200881619564,2.6581960334677635,-0.33337947542265,0.112563263602895,2.3228094827362162
-2.768359375,9.745546875,0.403359375,3.0680484883879537,5.045616725280244,3.060139467140282,0.737343576249594,0.09242321870005478,1.6144226749345767
-2.8471874999999995,9.60515625,0.338125,3.18521239909425,5.611146688787056,2.713856443674757,0.9544699462950657,0.09701181021748131,2.238117997319205
-2.875,9.44359375,0.11507812499999999,3.222315500924762,5.079663610659758,3.1748474363182373,0.12304427502859931,0.12258190830491202,2.2503473202073594
-3.4193749999999996,9.127734375,0.292421875,3.078316999088138,5.276993286729988,3.695407992126375,-0.48655837065946617,-0.08486026310074127,1.929560658445276
-3.050703125,9.266484375000001,0.09070312500000005,2.678898789496392,5.141962871475334,3.058896651468505,0.13120153181117197,0.11986323534090841,2.602769003747108
-3.10546875,9.75765625,0.095390625,2.7969804754902095,5.465777975900223,3.2898453854113128,1.0215739854881656,-0.05656480467145882,2.084557365653268
-3.1528125000000005,9.366640625,0.29875,2.7581790124724956,5.5654074251890675,3.094297678795626,0.5041986794783898,0.021044439040739465,1.7249944789634026
-3.252578125,9.42890625,0.08914062500000003,2.6389499113324386,5.143936089339654,3.192911589399965,0.12238622308824303,0.17328109185132873,1.8415993937879187
-3.344921875,9.4403125,-0.03398437500000004,2.8436354361796248,5.494327179222561,3.2826564461584855,0.20659341554027683,-0.07163585057332608,2.2435188267878026
-3.6019531250000005,9.432421875,0.046328124999999935,2.9612083309103285,5.114990949725277,3.226455066878196,0.0031842485499723712,-0.06228077088341682,2.1392841774857057
-3.9118749999999998,9.150468750000002,-0.23890625000000001,2.941648599743858,5.572214110456762,3.1599179761840235,0.10493178750604126,-0.025027982258368654,2.1553634133667283
-3.5885156249999994,9.369921875,-0.12585937500000002,2.7652415948486055,5.653814599467026,3.356477070378198,0.019883094190697073,-0.061730821434515235,2.201922181736883
-3.88859375,9.36328125,0.03249999999999999,2.717216157662275,5.7885778031739745,3.3513050163331894,0.030609109364116534,-0.19914588128159966,2.6476730553271826
-3.80484375,9.162734375,0.2673437499999999,2.568698595706771,4.988198997829112,3.329481351402338,-0.21823962653889717,-0.15362577009188505,2.4490093704377727
-3.59671875,8.96015625,0.08624999999999994,2.4389162902605817,5.141266712891477,2.9351046084424315,0.050806271187047954,-0.02606572754765847,1.77763525032849
-3.76015625,9.294296875,-0.007656250000000031,2.6100074785498104,5.008236759890175,2.815099488798919,-0.011207808764401783,-0.09636189055680408,2.9831489161672784
-3.6834374999999997,9.010859375,0.14523437499999997,2.740820029406117,5.136705995112491,3.0508651346902176,0.1414706425247243,-0.002571108254674164,2.801056369200407
-3.9274218750000003,9.4475,0.13140624999999997,2.5689015302306712,5.027606444671261,2.720393679683317,0.16041702448493667,-0.06244562695271025,1.7992436974575716
-3.641875,8.907265624999999,0.27578125000000003,2.155618295147589,4.69231231557996,3.3494063395098004,-0.6847981319560866,0.17388783424663207,2.3211719753823483
-3.5521093749999997,9.221250000000001,0.043671874999999916,2.807964579866902,5.61352259615119,3.433343139140623,0.11273429989757469,-0.04202306661333242,1.9978588724074442
-4.459296875,9.20625,-0.13156250000000003,3.2309214493492773,5.867911148781992,4.312692466266723,-0.04299990510500102,-0.1910172820876999,2.6358078855751836
-3.9490624999999997,9.308828124999998,0.260859375,3.2105800287632995,5.787560018734924,4.240373477681489,0.11730722662589163,0.05400180159964907,2.0968299284972147
-3.674765625,9.187421874999998,-0.1371875,2.9049088208700042,5.838064513134595,2.6685427137004476,-0.03715724970730847,-0.060144701032935906,1.7470194692985315
-3.9625,9.43640625,-0.04398437499999993,2.93447903170222,5.866302302981064,3.815634027393856,-0.49729171881264167,-0.1152015733316239,2.1305115280520748
-3.91328125,9.013515625,0.535078125,2.850242892438895,5.614288772554442,4.1935517829635165,-0.011247949057317741,-0.0004356409533926887,2.395780213010219
-4.251953125,9.326484375,0.0025781250000000144,3.1485936986300302,5.500503185766813,3.7759622627247595,-0.21359150994960224,-0.07558360151079396,2.099544926174355
-4.503281250000001,9.272109375,-0.119453125,3.446913952494091,5.602829454328154,3.8917276667538974,-0.6051734806592695,-0.13919129246972028,2.1565447133913858
-4.585078125,9.167421874999999,-0.11875000000000002,3.2030395710787722,5.825995790165102,4.0833509140777995,-0.7134314738266004,-0.14579794174543262,2.068652735373253
-4.423125000000001,9.03546875,0.016249999999999987,3.2985723119063195,6.153058926686258,3.9938781278351496,-0.6755725972782434,-0.12530113491793826,1.999197243972415
-4.49015625,9.425546875000002,-0.042187500000000044,3.016878556651881,5.56119743296601,3.7780751004769284,0.04479172446313604,-0.15134796568312328,2.5063236915717075
-4.685703125,8.911875,-0.15250000000000002,2.8069043456475735,5.590043569541743,3.753286892844723,-0.09139548855628543,-0.05362183094548475,2.8092449346408626
-4.510390625,9.016953125,0.03585937499999998,2.8501368942845726,5.335662236105537,3.3249286945699468,-0.14309025972569936,-0.16003722506257542,2.459992228706996
-4.34375,9.02421875,0.05398437500000003,2.5557279418005354,5.092296205018758,3.335850327278767,-0.27639150777532606,-0.08322754460880911,2.249991447982799
-4.430937500000001,9.184687499999999,0.21757812499999998,2.9151421592426243,5.727442565390224,3.6999541268469107,-0.16021728047143757,-0.14671916742855018,2.5104388283240846
-4.280234375,9.051484374999998,0.461796875,2.704499279223117,5.408754201789988,3.8039949053580813,-0.061519743063272035,-0.05156461437401607,2.336057694512621
-4.661875,9.334843750000001,-0.02382812500000009,3.594613537555185,6.430994648037419,4.804409290090613,-0.2565043675801023,-0.1267217135898654,2.049134449025664
-5.1537500000000005,9.3090625,-0.451796875,4.124476481930768,5.8619989707943265,4.1018397994059,-0.8411386794089876,-0.23066477228726465,1.9936538881943566
-5.36765625,9.034921874999998,-0.09609375,3.4165986110949498,6.170345791071719,3.3637131255817487,-0.04052513131602929,-0.009895720382596365,1.5193719071890937
-5.77375,7.4409375,1.07921875,6.199021596187579,6.314328997098089,3.7211938628145185,-0.5573236835380123,0.3068980658682988,1.3906359855645618
-8.749921874999998,3.6970312499999998,-0.08296874999999998,6.30809704072048,4.56447394959413,3.0619485114095952,0.00338301246970766,0.44831974512872436,0.8708945540141093
-10.36890625,-0.10015624999999992,-0.7631249999999999,5.0739155606110495,3.174364844041393,2.971226795765513,-0.14131559151176207,-0.030577563220314664,-0.06429964881045815
-10.12890625,0.30484374999999997,-0.48851562499999995,4.882123038823472,3.239704843899508,2.7746590696661926,-0.22844776404920866,-0.02408466588020154,0.6559256603186726
-10.1684375,0.56359375,-0.19460937499999997,4.895565665333654,3.0344503040025117,3.2279346876001243,-0.12794614913609506,0.4507839696255355,1.179606045282755
-9.97265625,0.0064062500000000855,-0.401328125,4.682692949237216,2.8642881244666953,3.5139552970739376,-0.22653075722713537,-0.10461398158126826,1.2804320915378875
-10.00015625,0.28359375,-0.499921875,4.744105056602978,2.643629942420258,2.9143059036666834,-0.26790316694030447,-0.27998725925823126,0.5005608446471452
-8.69453125,1.7021875,-0.45140625,5.252270767751168,4.352992852893713,2.4481503650635794,0.37933491352305543,1.411841406337008,1.5870500240317882
-2.3748437499999997,9.531015625,0.20914062500000002,3.8187058066949775,4.860452628074453,4.01858262235886,-0.7605926929141508,0.26599154926528756,1.7724192647541652
-2.76453125,9.112421874999999,0.0016406250000000067,3.353446654976554,5.100578359683487,3.782284110111192,-0.7261501780754631,0.425378471275525,1.9340564877909991
-2.722421875,8.796640625,-0.416640625,4.7924689856348035,5.2102527046055656,3.7425499490119845,0.27776660415859866,0.4367346857200612,1.672733397297353
-2.684453125,8.985781249999999,-0.49421875,4.6259216663739275,5.629727126126846,4.644783971257268,0.15354257768283675,0.352004461653266,0.9567369240783965
-0.6532031250000001,8.80828125,-0.6641406249999999,4.838534600862149,6.026350225957536,4.349202967093466,0.35002130521340763,0.3914628664843414,1.7705853157803106
-3.0127343750000004,8.343828125,0.09304687499999995,5.678395420754296,4.482184895696404,3.6450496307050106,-0.34463894893270236,0.5068831426182611,0.7836231979656721
-7.313750000000001,6.82046875,-0.12656250000000002,3.4030241605812908,4.067435244447468,3.194819888678194,-0.8980414685379426,0.18870006037339063,1.0371637489473005
-7.430546874999999,6.576328125,-0.20242187500000003,3.937756798886612,4.76110164364131,2.9359777295258023,-0.639030015294864,0.16590897505819913,0.19266765597058305
-7.860625000000001,6.964218750000001,-0.15531250000000008,4.410372672391189,4.348787296724046,3.2989728367089883,-0.6796789043285681,0.3729680980386114,0.9862810321074917
-7.7240625000000005,6.971171875,-0.17351562500000003,3.843476095423744,4.524289416080605,2.74418806008824,-0.9672982825189319,0.5112094013136216,1.0611247183918513
-7.869375,6.765,-0.633515625,3.9423467689784726,4.9421430700658595,2.8541249178392416,-0.8660786974723187,0.17267563611167525,0.7668278701549147
-7.594921874999999,6.9003125,-0.279921875,2.8750915735670897,3.6300893019103193,2.2553739629264333,-0.6837191488183656,0.24401469715693924,0.5636946326802201
-7.4571875,6.747890625,-0.336171875,3.492551211484772,3.7166209561626147,2.370310541724224,-0.7323011127825799,0.037434155444568004,0.5237099837766143
-7.386875000000001,6.447734375,-0.27593750000000006,4.042305141794097,4.564291465900634,2.6661009796318202,-0.433809486592145,0.4192510857955539,0.34422861464241333
-8.01078125,6.5259375,-0.5686718749999999,3.507128590763167,4.32294467736909,2.3329696643621376,-0.4141136842906192,0.28358229669529134,-0.050647178624918056
3.261640625,5.84984375,-0.14023437500000002,7.894085679456464,5.23800593981965,3.739332214957419,-0.2627422210456468,0.015118279188065421,0.8853398421100476
7.948125,6.361640625000001,-1.005546875,5.488811738151983,5.929295749884602,4.917967982401648,0.381727415012377,-0.24695065968155577,0.434584828680622
7.619296875,5.680703125000001,-0.57140625,5.49849257518506,6.060007243136368,4.65461292267799,0.38315836576947593,-0.0759191439071284,0.9653321908968484
7.071171874999999,5.39296875,-1.0142187500000002,5.606983037513043,6.889250272092272,4.492445152937144,0.5032575314266076,-0.19803311757045552,0.6735572361722494
8.079140625,5.253125,-0.7866406250000001,5.151474156028021,6.691286632395521,4.673668473035888,0.5391676763869636,-0.18391447877317768,1.0177486163159815
-1.2179687499999998,8.9409375,-0.7542968750000001,5.272765871582337,6.485881594555496,3.1886100232883976,0.6104953813644854,-0.15211343607624542,0.6602757241021856
-6.0096875,7.867031249999999,-0.733828125,5.793001291631459,6.726701267079091,3.254936184352772,0.04505862234823415,0.24246022983491222,-0.16315019873157816
-7.966015624999999,6.3842187500000005,-0.6349218750000001,4.034753775759539,4.195328430486514,3.0581553355571205,-0.7448672126761795,0.15516834959362677,0.5582525210744027
-7.884140624999999,6.678515624999999,-0.3659374999999999,4.64289048696764,4.693936262922715,4.068037848102418,-0.4594050110301228,-0.18482565687749944,1.2868458378804082
-8.001875,6.355390625,-0.78171875,5.086951713391331,4.972219056659925,3.902280404891278,-0.44516743914859236,0.4082098324125158,0.6328022469248396
-8.1209375,6.621953125,-0.65171875,4.047626124791388,4.439208484240488,3.2456338723581313,-0.4278112046613371,-0.003086617129511258,0.5139407617207176
-8.020390625000001,6.4784375,-0.73703125,4.149550314933187,4.634314680575084,3.193427664598564,-0.4312196275703282,0.2125031765129303,0.6621864945660294
-8.230390625,5.668593749999999,-0.5711718749999999,3.9926996667245223,4.237603378970351,2.610451535742233,-0.5901516472677804,0.426880269095543,0.15877883805748488
-2.815390625,-0.11507812499999988,5.42953125,5.890613813297568,5.041517318119267,3.0233737517504244,0.6532437019298027,-0.284943523103461,-0.11813584567456314
6.2053125,5.502734375,0.006406250000000072,5.303368024410879,5.899086093789729,4.345632278214637,0.6070184454018543,0.2718991251420726,0.6846797272264512
7.6704687499999995,6.353359374999999,-0.825703125,6.180141313535916,6.763283604939956,4.666096582596125,0.27471405175182667,-0.1648140184937584,0.8569300451165899
7.0503125,5.81859375,-0.529921875,5.9510915408304506,6.081623155865623,5.204056935473178,0.39993183517570174,-0.10492280959036944,0.6283759211162093
7.0747656249999995,4.790078125000001,-0.6772656249999998,5.340224124048387,5.605399252073529,4.348520171212658,0.29573559932296345,0.22918697220643627,1.0833774888484606
7.746171875,4.592265625,-0.9584375,5.307462040769485,6.158307424584564,4.658706472412031,0.47386730345883393,-0.139957176636317,0.6621148795721725
8.09453125,3.7391406249999997,-0.7817187499999997,6.522343910955128,5.952385292277762,4.70190654638078,0.05001057372209807,0.1540026142984604,0.9272163187233835
9.548828125,3.1824999999999997,-0.99125,5.399902722082962,3.853367845145335,2.42,0.23556963562186065,0.30377172691507853,0.08836723848015417
9.25453125,2.523984375,-0.351796875,3.6779473426455462,2.398084958567119,2.721836016825818,0.3424842293173998,-0.6306827084498291,2.4920519667538836
9.009140625,2.4596875000000002,-0.38421875,3.6213205523295793,2.128106896949434,2.4471528767423663,0.1541356805092599,-0.4475222109976262,1.1290870292486255
9.150625,2.7546875,-0.57234375,3.8787179240536425,2.1870281410726635,2.5444303403386654,0.28438659703911795,-0.22781800627270793,1.5792552281328336
9.40390625,2.246953125,-0.38101562499999997,3.734159509342221,2.7197404973274075,2.6791229441285185,0.3488896373900383,-0.5617981366270626,1.1552307159814483
9.04671875,2.49765625,-0.5135937500000001,3.6581612759552353,2.2783095722126827,1.9603689601605454,0.058019408805299745,-0.11045939713758025,0.43765515150345047
2.704921875,7.527578125,-0.434296875,6.10908416776987,5.730695412929523,3.524414109907523,0.7924249519147364,0.4628832169388948,0.661775636314498
0.9428906249999999,8.63703125,-0.61984375,3.999056168402378,6.088604540370761,4.271145189007971,0.6057408946605654,0.40632238751572547,1.725909108151273
-3.51265625,8.511093749999999,-0.366484375,5.0062783214515685,5.621777859690913,5.11607402425247,-0.11407421870781193,0.3387837527079265,1.2387190417551037
-3.383515625,8.609453125,-0.32515625,4.417121975521036,5.178487850683608,4.07887775320442,-0.20825866483888875,0.34561195073753564,1.0351781706310255
-4.2534375,7.55234375,0.030234375000000008,5.992380766114063,5.948558318562233,4.682698451621497,0.061572851424013794,0.38661021787638483,1.0534839350893972
-5.1465625,8.088515625,-1.3240625000000001,0.9282716108950818,0.9296286975889134,0.8412039711590465,-3.3242160835480843,0.4058964860821288,3.0662204262093637
-5.004765624999999,8.19234375,-1.2337500000000001,0.4045656715149709,0.2760306945539526,0.5186581243940945,-0.037119976379875,-0.12432907341873463,-0.07055135949948087
-5.038828125,8.177890625,-1.150703125,0.6614964345776811,0.4081870212134498,0.751886360672432,-0.18312302900088984,-0.14232587834326574,1.8792041569121596
-5.03390625,8.185,-0.8608593750000001,0.9280054505286796,0.9114797378439085,0.6937421478651916,0.8366971295822356,-1.6358491996829134,1.0693203099003732
-5.0590625,8.149687499999999,-1.00125,0.7191949030643571,0.5596719707505012,0.9194317198683108,-0.1886080277764447,-0.10320771781088209,1.9871055173928494
-5.306484375,8.055703125,-1.31671875,0.7693073079926249,0.6638072993084924,0.442297109868963,0.8390797841068404,1.2974422793457567,2.2470463624486525
-5.079374999999999,8.1634375,-1.224296875,0.38462796553942874,0.26265006871072777,0.25980666968966437,0.8732825874493106,0.9095341167519172,0.6106024359856527
-5.155624999999999,8.1553125,-1.005703125,0.43469772184243155,0.3386183727203088,0.7081354076836113,0.32311593571407476,1.9270207835060473,1.2532007111085393
-5.065703125,8.155546874999999,-1.298828125,0.3011661802315034,0.21465382229938126,0.2163569861571019,2.096208723923807,0.6006322833037904,1.7561150081252481
-5.450156249999999,7.95546875,-1.20921875,0.14663935551528273,0.10632247068911395,0.16976366557198716,-1.1529698345008834,0.4342124302727147,1.3873039588855924
-5.0414062500000005,8.184140625,-0.197734375,1.0702502148847892,0.667124809518136,1.5909329097084388,0.6155468276946017,1.4960535796634133,0.9953508308105673
-5.488906249999999,7.924453124999999,-1.1575,0.1626452926184385,0.12175031181781165,0.17613027848726068,0.6017333806312591,0.03218177064987754,0.4003456729195841
-5.498749999999999,7.925078125,-1.1053125,0.07981423745172272,0.06781173494672116,0.08296212897310433,-0.24237663997984213,-0.0471189583305173,0.589913208272555
-5.473593749999999,7.9525,-1.03953125,0.29412671157332426,0.18005207580030835,0.37582380216457484,-0.42957496777648574,0.580594832555018,0.6559525546389277
-5.451015624999999,7.993125000000001,-0.9792968750000001,0.3781117556435655,0.26957069457750776,0.44775513605678985,-0.22482870304615607,-0.3819766593786772,0.7630513934210854
-5.240625,8.084140625,-1.1609375000000002,0.2830739468319188,0.19179060580385413,0.2771293625615121,0.15613849867714866,0.8740290989886024,1.377745217349288
-1.7975,5.968671874999999,-0.2673437500000001,6.1048465633871585,3.789917621774118,1.3621303881552373,1.2014248877573144,-1.1996685066556108,1.129727467011484
8.945781250000001,-0.780546875,2.3421875,0.039540512748793506,0.07220098460363526,0.07793163570559783,0.07714006975477108,-0.31953562487430254,1.228083077987853
8.94921875,-0.75515625,2.31609375,0.03942178520104719,0.038262750632142246,0.05891246651547963,0.5019582694183371,-0.9789880126742273,0.42059385638466024
8.944765625000002,-0.74640625,2.348203125,0.029684929987442876,0.031788715937223724,0.03759225306142722,-0.5374270302469365,0.49067373965833344,0.44806798201937237
8.931718749999998,-0.819453125,2.2957812499999997,0.10937399553110187,0.13045179062678433,0.09610873866843485,0.20390991527657643,-0.7681311902191637,-0.9518369650544964
8.95296875,-0.862578125,2.25578125,0.12565055321580354,0.08029482873438597,0.0829966996237651,-2.198147739821488,-1.2914251341458984,-1.4968446061871559
8.989609375,-0.7971874999999999,2.0896093749999998,0.0690267423692393,0.14657515936798432,0.12729396553689962,0.026265135528293536,-0.44103386589366306,0.6056011880164677
8.994296875,-0.708046875,2.1058593749999996,0.044435409475263525,0.03575215451877516,0.05964121037176714,-0.19528043106789195,0.5510555848982146,0.29725072702973176
8.993046875000001,-0.7117187500000001,2.13234375,0.037864037063344715,0.03209140692518015,0.038313761704347284,0.18679839892988953,-0.4173753452187102,0.5671873422036616
8.967578125000001,-0.76015625,2.283671875,0.035261214832792744,0.03261959665504008,0.04268106821512752,-0.7998979515301572,0.5919486782578502,-0.536759410466945
8.966875000000002,-0.7585156249999999,2.29953125,0.03166598135223334,0.027474131121099647,0.03184089781142326,0.15726766857410046,-0.7970143992673291,-0.7036441956766506
8.975000000000001,-0.75296875,2.2924218749999996,0.03162277660168352,0.028541619145337597,0.03171518991720488,-0.20159520083588237,-0.11490906037095082,-0.15728966987031257
8.951250000000002,-0.8225000000000001,2.279375,0.09340770846134701,0.057159316825868375,0.08032891369239344,-0.875136480076216,0.6058602772735956,1.0433025213626355
8.941328125,-0.835546875,2.318203125,0.046222476502069614,0.05505407276246122,0.07802677418831551,-1.2416225977912954,1.2449519697010059,2.024868378071068
8.903828125,-0.55296875,2.5961718750000005,0.08447559830498025,0.12725073289941202,0.1833035439073243,-0.8555278231862923,-0.6410674818771337,1.2844248620383398
8.973671875,-0.5903125,2.373828125,0.18884050435217645,0.15750961032187846,0.22508373821532374,0.7149348351943245,0.7669656139448869,-0.6940412234663513
8.92609375,-0.686796875,2.5182812500000002,0.06518284828800816,0.1097079474798174,0.06876260537848676,-0.009623976395410593,0.36777127765351153,-0.9801531720930575
8.994453125,-0.95171875,2.0749999999999997,0.23613028909425052,0.22142334090704505,0.27237382399929694,1.0029167818341354,1.067724706296315,-1.2870137722189008
9.000937500000001,-1.071328125,1.8829687499999999,0.46465618589850927,0.35500521803768514,0.4406712907864971,-0.23034430158639216,2.768095093946506,-0.2807316277408758
8.92671875,-1.247265625,2.2554687499999995,0.12063056577185348,0.12732043018840056,0.15357133610618062,1.1032741343224681,0.13189877923768414,-1.8992961204465306
8.9,-1.2936619718309856,2.2460563380281684,0.12547375013057907,0.10235590265040646,0.18942075434898695,-2.2211042883261074,-0.8711726231787984,-1.7370609063465752
