1.6560427440312502,9.94434360703125,-0.13694834631249997,1.859118623862013,2.844156902519795,2.1102765570233424,1.106739990397522,-0.13900722758995507,1.4288835639276274
2.6673535740625,9.83708333203125,-0.04405331778124999,2.0413778667017075,3.554822461614228,2.6150992754064686,0.4683908659736762,-0.06875009770538462,1.114188528874044
2.947634783359375,9.63437428203125,-0.025431748078124955,1.8948532811086138,3.3361983734637692,2.5356407924056295,0.2947999392109917,-0.1253113454353608,1.165005400156866
2.9358233977031247,9.661189321875,-0.231120272453125,2.0364753410714864,3.4670678583310086,2.593947146465556,0.34519900742675536,-0.19347218540372635,1.090160493711263
2.7895110627187503,9.74269858125,-0.22516136481250001,2.311281665833273,3.470376100155159,2.706889346309771,0.28068698111658075,0.05628760325682573,1.206097996752247
2.7422654746875,9.66257266015625,-0.17142485225,2.2667243620286044,3.591989302246027,2.757722345859975,0.3927335253932862,0.1548114321267879,1.0093936112050754
2.6776752320781245,9.67363913671875,-0.26644806574999996,2.2205986968439793,3.2742750039513546,2.7039138843396047,0.41774597535716673,0.022836816577326363,1.1282415561385335
2.6769303761718755,9.747380550781251,-0.25155079887500004,2.1661384372288217,3.3841247356081605,2.6025953584249173,0.2843064679207684,0.04268914867815401,1.0840714712347466
2.7240695441250002,9.7333345796875,-0.055332661109375,2.190671359214036,3.2645733268038866,2.6359154819253887,0.24997083903147696,0.04111893625021108,1.1559506094245808
2.75577942815625,9.60500536015625,-0.11715627023437498,2.2610649976286874,3.178840183272228,2.5864349245810736,0.40884871639443693,-0.147039553196653,1.0372204395100846
2.7370514345781247,9.7082220234375,-0.29102852265625,2.2005687857278065,3.450216071241573,2.6499288529439724,0.4254097132632235,-0.07765285964328857,1.2015608593835085
2.633728315109375,9.7597239953125,-0.225480602875,2.1979947199254934,3.2906218030273497,2.5707068882078135,0.3405600318483696,0.1392396418292726,1.214361074782508
2.831010559171875,9.79866971796875,-0.22228834828125,2.2070940432398936,3.263575313575923,2.507398540187868,0.5062537775890786,0.19048960219676614,1.2937598204346523
2.8046211317187497,9.833784654687499,-0.17983114457812496,2.011718499670719,3.4895431996552837,2.65601494100332,0.40148903901045135,0.10078982028523939,1.1753916248399614
2.79217128234375,9.6287345359375,-0.21771274026562504,2.2272450827992607,3.1989376821413407,2.621777641264524,0.4471152619574924,0.053842024484194485,1.211961968306676
2.8466526871093754,9.815695107812498,-0.09087325871875,2.08135505053093,3.3779698879482316,2.6080404756516953,0.379201953040109,0.06251047009089196,1.2450818045754823
2.672354800421875,9.61522062890625,0.1613159939375,1.8862448160615382,3.073602266521865,2.623264498211144,0.6292014052316586,-0.10981354724244873,1.1243907146935548
2.950401435578125,9.7340794453125,-0.338912550703125,2.0238910729336967,3.2615618477578066,2.521044716826527,0.27407710819913167,0.30986198462298925,1.0947597904376338
2.839416852109375,9.542862533593748,0.041393085171874996,1.8080185345907278,3.183532673560058,2.555727807106349,0.4832525623144532,-0.12593281641409684,1.1017784147000849
3.0622372383125,9.774195680468749,-0.161848035625,2.059484492555107,3.4123602068099252,2.730081721323978,0.29726688706321236,0.09975177455410149,1.2482817145527694
2.88836498953125,9.68566333828125,-0.19345149645312504,2.175304115500618,3.3769887012046866,2.6665001535316026,0.5254957341894726,-0.00016731244880198985,1.3576658648235522
2.9089019417968753,9.8612381421875,-0.17089279728124995,2.217942219660053,3.428832319698206,2.677018758636287,0.30507863530659324,-0.007918083286834195,1.200918248577945
2.853782070015625,9.752275375,0.04447894539062502,1.980759116249094,3.3620317383799847,2.67044606976696,0.35980378017568193,0.11675328720751775,1.2439470403094657
1.7373391933124998,9.7741956170625,0.22367163681249996,1.9630487162771308,3.4652159985290543,2.3396556135601694,0.5685396145240854,-0.201003439515482,1.1737254614671913
2.6367078035000002,9.192351442734374,-0.19355790915625004,4.187053725103558,8.385644145249112,3.1380595004632594,-0.10650070081302743,-0.47662463962989277,-0.16254221805888058
3.64642245734375,8.54666177778125,0.28709139189062505,4.224629233647262,7.975077074859453,3.5721742003027894,-0.21360020776928187,-0.3306442570118678,0.24273544762672425
3.2795243332343746,8.125601538359376,-0.45202530059374996,4.546577202886071,8.393282292521778,3.184551798426012,-0.22564520884007278,-0.28748794272125067,-0.12678676046652573
4.064716090890625,8.97559637953125,0.17195688640624998,5.019454642387787,8.138586638719222,3.79883230195536,0.06263048473533772,-0.4989632226975141,0.08195053831462869
3.9910811048125,8.6230634135625,-0.21143461807812508,5.385025363340975,7.876865272754764,3.765162060062783,-0.04512686677253918,-0.2977012095200689,-0.16498445173446555
3.887013123671875,8.508141702625,-0.29709383807812495,4.825573495760699,8.246855365290482,3.700243800978064,-0.30038491577633397,-0.37198959298586626,-0.09345138091820267
4.848950195859375,8.730962117546875,-0.3158218111250001,4.612472918476623,7.5274717559643145,3.5540290873753566,-0.009762799335141778,-0.47403444962492736,-0.33978156631307527
4.020982016140625,8.80991756965625,-0.08225411643750005,4.248451828572583,8.044650563379506,3.360195616575037,-0.10676792033078339,-0.45830273667941895,-0.27794558610172454
3.610349850359375,7.770940435578124,0.3368907739062501,4.431160137938919,8.088294812303833,3.8260817158818297,0.03750275007932106,-0.3239891615823584,0.1748494137881228
4.01374621046875,8.622956940703125,0.60642470046875,4.724670889570155,8.21489577972004,3.503698351467799,0.18670302238664402,-0.39537369452140475,-0.3337941228640042
3.9199999455468753,7.359563387703124,-0.4593675035625,4.603210358910226,8.036142372168472,3.5853696506360295,0.07069302617867312,-0.16224559992708645,-0.04639377312985852
3.536714803125,7.966626521453125,0.22484215589062498,4.418943336107159,7.634943083057128,3.3387203001823536,-0.1245538792306855,-0.25134607519133295,-0.5723224100029936
4.21453995078125,7.718374402921875,0.19025924414062498,4.57071210485149,7.622110078976082,3.3431516479165513,-0.22920030681891135,-0.17558807793096476,-0.3777895083644477
4.264445743015624,8.597844520859375,0.58908003440625,4.612999135808835,7.994451646285735,3.7079500899090174,-0.28085252980545516,-0.31023423785371407,0.4737401435383345
4.311478490625,8.373640801999999,0.24410217000000003,4.773545318777484,7.904061977033383,3.2933733460240506,0.0780078412000025,-0.3849099421440401,-0.1893037107888568
4.92269155890625,9.220124154812499,0.5898249154687499,4.367515288247155,7.392517619858042,3.2441002402253076,-0.1892281214633583,-0.5692934791032476,0.047405959427945926
4.5977186295625,8.9060048540625,0.268469829515625,4.343743225495198,7.3550171636843915,3.2953427971209166,-0.4772319115286484,-0.42433866833670136,0.2245666751198673
4.4454473875,8.612635322843749,0.12556258257812497,4.951197237654292,7.833945688182141,3.2102769687694184,-0.32519012298523514,-0.3635025446461527,0.10562766580877621
4.351381848671875,8.56804997871875,0.501399052671875,4.876889586000807,7.975166244783943,3.3262260946454276,-0.3707336928848603,-0.4115899823112432,-0.0396267781061287
4.022790999406251,7.72241798296875,0.24782649131250006,4.574331815892883,7.579341432700741,3.4439134121258643,-0.3752331116981788,-0.22144459905723957,0.08715829638901529
4.832563250234376,8.927499526296874,0.38147615273437496,4.136673042338123,7.2888345765251525,3.4306396690001746,-0.5234718351907259,-0.4696855915812712,-0.5774461724333647
2.785127666515625,8.690845827578126,0.03831880695312505,3.6618345874130895,5.724128153437444,3.143783474411469,0.19076857704535816,-0.6227792052201311,0.24424318814568727
-0.442421875,10.081953124999998,-1.4148437500000002,1.203033760237627,2.073137740612701,1.4090172685549094,-0.3552107405545029,0.33852437125359225,-0.3150766142882767
0.01078125,10.00734375,-1.3639062499999999,1.4544826235292183,2.0613722236257908,1.3521263545656292,0.12159384613215152,0.3316695917107714,-0.09311606059738892
-0.11132812500000001,10.114296875,-1.69328125,1.3153281262992835,2.28091596307607,1.409802240882897,0.35067907211623317,0.5238530669357064,-0.2265279204586383
-0.272578125,9.968281249999999,-1.7799218749999999,1.330885070928923,2.080120229914232,1.3357245787011949,-0.0540238597169975,0.11153533853081375,-0.29954533493249785
-0.560078125,10.040078124999999,-2.42296875,1.2529306246342948,2.4068354794514906,1.2306485582908866,0.19654962098817327,0.8327598418976785,-0.689653696319515
-0.321015625,10.070234375000002,-2.394140625,1.3219362218941804,2.4508262206485303,1.3346549924885491,1.020368410703052,0.3182293270020972,0.0520428855348612
-0.285390625,9.964765625000002,-2.330234375,1.160620054071146,2.2502898996725644,1.3339388718447183,-0.28100454642672335,0.5472536200022319,-0.08008565420965946
-0.24906250000000002,9.92859375,-2.312578125,1.220636640689501,2.5561707611114204,1.35037393322053,0.33752422318292,0.48394051558033335,-0.1964534221610678
-0.66484375,9.8590625,-2.706875,1.1091776122812511,2.8594802405496265,1.1890928461962085,-0.28953563761772144,0.7624685083440147,-0.7911090948558799
-0.80171875,9.820625000000001,-2.7707812499999998,1.2653180858576383,2.685300480742332,1.3878274441184817,-0.5003779400738622,0.635995887185027,-0.3329549220029402
-0.22117187500000002,9.961015625000002,-2.1496874999999998,1.3192994241107605,2.11164362813801,1.4069264692384424,-0.5276704704044345,0.8939612079512829,-0.9250929381268335
0.42828124999999995,10.055625,-1.323671875,1.3273411565601503,2.261222964874318,1.266490519539718,0.12826995188465737,0.18751415382118147,-0.58210503308768
0.7344531249999999,10.042734375,-1.5046875000000002,1.544967540412333,1.9227802603114477,1.523512562253344,0.04974666536154789,0.7274223293675783,-0.41160533958880696
0.613046875,9.951875,-1.58390625,1.4777350482419824,2.047050374166449,1.5207092477561046,-0.7284416711135696,0.7558920638820956,-0.7651416595959162
0.47960937499999995,10.01921875,-1.348125,1.900879073918725,2.449897832491885,1.7240757261138502,-0.24270194788301802,0.23263366718242812,-0.25304459529109996
0.823125,9.912031249999998,-1.463359375,1.7573865317211805,2.0174989774528855,1.5669483066934944,0.13069416858665883,0.04023335974297132,-0.5571919060007481
0.615,10.095624999999998,-1.541328125,2.019291722981105,2.3569205776553015,1.641598578317484,0.008199679836218372,0.6404728060969563,-0.5860019982757156
0.5547656249999999,9.97734375,-1.455,2.119799137316637,2.6244959290949446,1.8194315733217339,-0.25253643579770385,0.6909245763947518,-0.5911375960818217
0.6956249999999999,9.99515625,-1.5495312500000002,2.171807912632929,3.136042984492709,1.7885372250175386,-0.12203238339662816,0.60713924029724,-0.4418797814539038
0.36664062500000005,10.006875,-1.176015625,1.849548203845904,2.658536001613482,1.4595811363216022,0.5129703250241147,0.659914655635693,-0.37483546053603667
-0.07898437500000002,9.9575,-1.504375,1.202826644723112,2.6897020048696842,1.2162999411637738,0.5006003705065066,0.5152521400871042,-0.2140522533660925
-0.326875,10.015703125,-1.484921875,1.3744275797127326,2.0417297674068515,1.343463920764709,-0.19194116444144807,0.24280950673994853,-0.9882731128000829
-0.026015625000000014,10.091953125,-1.621015625,1.4340683712800653,2.3564953647424676,1.3361177669860764,0.134593890479798,0.20585516913687454,-0.7770059543190178
-0.32609375,10.005312499999999,-1.9053125,1.1950145359831141,2.624233202736325,1.332024385979382,-0.08078580057034773,0.31958915218780615,-0.3347902039072077
-0.5784374999999999,9.995859375,-1.9396093749999999,1.3511288321598907,2.7701772639985713,1.2435454620407367,-0.23119390328681544,0.664375659297079,-0.4187648488660623
-0.19539062500000004,9.94921875,-1.8915625,1.1074138668140785,2.464966597572559,1.3227642915855229,0.10432622992350574,0.3088629696459149,-0.33673997106610926
-0.2778125,9.987031250000001,-2.125859375,1.2457677963182985,2.65633422201037,1.3786692674367589,-0.3307297193012712,0.7184904256366589,-0.018671708257455684
-0.404453125,9.87359375,-1.983984375,1.3017235021031672,2.8818404314709962,1.357785041347068,-0.17397818766551137,0.44153484753309497,-0.0652635910478101
-0.420625,9.931249999999999,-2.25796875,1.2794748373356155,2.691584106060964,1.3458456677953226,-0.3224930009170957,0.813594594109313,-0.4560771968412842
-0.37515625,9.957734375000001,-2.13125,1.2613088343407168,2.991958288177387,1.4375576075413465,0.03062637054223931,0.6239764933764756,-0.4986573384917522
-0.277421875,9.912500000000001,-2.45,1.5356753634871805,2.9137314992977648,1.8227396104490625,0.15555935936934806,1.2232809087817236,0.4841875134648127
-0.56703125,9.833203125,-1.15765625,1.1360460208651044,2.2103849118966212,1.1181433301844346,-0.1194098942394492,0.5871185483875245,-0.44526376795152495
-0.5909375,10.092890624999999,-1.013125,1.6670325607479146,2.3666713017521275,1.214700805496975,-0.401516439266592,0.36341076571048153,-0.518423998401796
-0.5278125,10.131484375,-1.078125,1.819104320082757,2.6912744105499273,1.2549954867946738,0.24896919485523067,0.45721787428627336,-0.7550632683127895
-0.5859375,9.918046875,-1.3831250000000002,1.8148353220316575,2.846920501445858,1.5323591646135053,-0.2153432269390395,0.719897876984373,-0.8413321998638974
-0.243828125,10.062890625000001,-1.417578125,1.7796611866332828,2.593883777376525,1.4238321673467993,-0.04026228484889349,0.5165412445541058,-1.1816350449497903
-0.298359375,9.914296875,-1.1789062499999998,1.7262539723631658,2.908089655274616,1.3130559741347425,0.3292355607132718,0.7457256732716785,-0.6302784850626257
-0.05937499999999996,10.0384375,-1.5036718750000002,2.162310233725725,2.9621934011967808,1.5755702693259939,0.059394226053435244,0.35128200939690435,-1.0685785895957163
0.12109375000000003,10.016171875,-1.3007812500000002,2.0523999801965838,3.0745856227643076,1.5187179057179898,0.025990900996139262,0.5306517519080015,-0.6426543403385518
0.153125,10.004609375000001,-1.6225,1.7345900767544475,2.761802486133306,1.5505039503335682,0.30014383507815523,0.6054400199332012,-1.6457598462152703
0.39734374999999994,9.897890625,-1.180234375,1.987865329778639,3.066541886928517,1.3293951073019485,0.08171979250553013,0.6143658836775472,-0.7600367531819641
1.344453125,9.721640625000001,-2.374609375,1.3909926809396713,2.6694693928943276,1.3260078138578633,0.5709498072966868,0.3654261071702936,-0.9365336022459168
1.4003125,9.7690625,-2.543046875,1.523594094515908,2.320437202036235,1.4633686301826803,0.551667933706258,0.3063557781143486,-0.41056887763357713
1.5671875000000002,9.595078125,-3.155078125,1.5867502843370629,2.5720368254355312,1.4814540978027244,0.8273632708814054,0.1790856096599433,-0.34739461932468696
1.1760156250000002,9.56265625,-3.354453125,1.4369440989495241,2.831159348541854,1.3150735534287559,0.2510766731985367,0.5071040661423769,-0.39803331293450184
1.510703125,9.404921875,-3.6088281250000005,1.601423284726819,2.628266121684881,1.48017293177486,0.5398887889800912,0.10799669752929622,-0.48784343243808237
1.6002343749999999,9.509453125,-3.3063281250000003,1.651310778992967,2.5885500009035436,1.5368966657143819,0.35684186044185146,0.610547927996551,-0.2635645463974168
1.399765625,9.4290625,-3.443515625,1.536405334317204,2.5706204982637466,1.3479235129008098,0.32012167056553065,0.5395290575994419,-0.08498708121342519
1.4437499999999999,9.426718750000001,-3.549296875,1.4805668255772855,2.90467218174417,1.3493506445195165,0.45917849216889245,0.35633088563372484,-0.609521215631322
1.6688281249999999,9.501328125,-3.442421875,1.588067133486171,2.679236240019529,1.4717011553883772,0.4968108522237872,0.32145671714627283,-0.09239288018626533
1.732265625,9.5146875,-3.3585156250000003,1.4271082074227446,2.5232416332653815,1.3588495190347087,0.25431293250956405,0.3409266643803003,-0.5521465019650629
1.687109375,9.502421875,-3.7124218750000004,1.5265274892831473,2.8972518622431647,1.3173154200006483,0.6063163512118254,0.3731558239871959,-0.8883425713263792
0.17593749999999997,9.93859375,-0.738125,1.1095737057959467,2.1340581698868797,1.303774418515335,-0.04569210157772732,0.31504936358216007,-0.49471219288435825
-0.020468749999999994,9.976328125,-0.735859375,1.6492909742593749,2.701464843114562,1.3488319758126321,-0.3204300474037372,0.42134883422056957,-0.7286337794682487
-0.08687500000000004,9.8584375,-0.988984375,1.9083307291648899,2.9659901480945194,1.488212980307543,0.06814376010007621,0.5800931635965159,-0.6248128020575948
0.110234375,10.156484375,-1.175703125,2.411452319416322,3.6698609028995715,1.4275348526796936,0.7676982732335095,0.5226761735159623,-0.7097306140902943
0.15820312500000003,9.934296875000001,-1.182421875,2.135373735436079,3.180255415153826,1.3812142224403439,0.2687027267372256,0.5774440888736367,-0.42202593093745877
0.41101562500000005,9.878515625000002,-1.3615625,2.41022037369114,3.292084752156429,1.6064695557631181,0.3141909233445597,0.594610460406744,-1.1732652072946155
0.323046875,10.061953124999999,-1.154765625,2.5121077301347436,3.6596112879720892,1.4844806356326645,0.3883375423084774,0.43168463974810845,-0.6944403136283492
0.820390625,10.022578124999999,-1.2507031249999998,2.4921898008903955,3.581966386919549,1.7236132032347729,0.31262267319320525,0.3058535617321629,-1.129677299667649
1.36859375,9.791562500000001,-1.105703125,2.780773199123031,3.8625466092454794,1.6035525422059718,0.8829260563326093,0.5271994970321529,-0.832989221057312
1.39234375,9.62375,-1.1490624999999999,2.8653000727386195,4.139874884884808,1.3864176169515987,1.400708252547727,0.698366637814907,-0.4976764666724443
0.15578124999999998,9.977734375,-2.121640625,1.8030384985208823,2.8577934054429757,2.1299082203465036,0.7173385466763503,0.6743801567106528,-1.0090757546174782
-0.208125,9.75984375,-2.295078125,1.653948755063167,2.8026848133684132,1.5298754014286537,0.3383213763570073,0.33129380411945536,-0.3434441250177157
-0.195859375,9.814765625000001,-2.180234375,1.63199672915561,2.6822672792934634,1.4940394410183284,-0.4463667718394835,0.36893800812065436,-0.4856623454863233
0.109921875,9.908046875,-2.2865625,1.4308730377453076,2.6459766210329096,1.4776620244811565,0.031578841757752336,0.18203392365692983,-0.4983436981038679
0.353046875,9.876171875,-2.0946875,1.389728817180796,2.8244623717105855,1.5776931030285168,0.06475976568465737,0.15684132885596624,-0.5111352598390712
-0.07351562499999999,9.778203125,-2.333046875,1.2084969938443617,3.068938750201808,1.2502471996780213,-0.14782482227522045,0.27767856012465975,-0.8172783788156379
0.27765624999999994,9.79859375,-2.2621875,1.4326322388652077,3.0578124161663247,1.4751329058236582,0.4049637867495276,0.4672252336157461,-0.518558613692338
0.37,9.804921875000002,-2.256796875,1.5609227038838278,2.9155348984185534,1.5599994659422913,0.6990526270347842,0.5617191083933137,-0.3205395668147996
0.26328124999999997,9.83421875,-2.46484375,1.5890676852791505,2.966364465073103,1.399296689621589,0.11235808113730496,0.32281535162006636,-0.6760844736576493
0.375546875,9.9028125,-2.438125,1.6489688106291565,3.3179436255523913,1.471319428055988,0.24785316392385823,0.5183047441546011,-0.21116161445276882
0.42874999999999996,9.680859375,-2.519453125,1.458521297410497,3.006866887679701,1.4717407362296304,0.20837247353777102,0.23764699531715414,-0.28835221600674343
0.90703125,9.75015625,-2.559921875,1.719413217212034,2.8258726485080565,1.49107527061731,0.19751636784308693,0.6927255582466598,0.0737122108248642
-0.33484375,10.153125,-0.652109375,1.999486646763598,2.83022794742314,1.8754439692475777,-0.34999138416822606,-0.13728968660286525,-0.48564809789250735
0.842421875,9.9078125,-0.89921875,1.6991977638790265,2.698099718291329,1.803597797361828,-0.36541603164591396,0.049506811264912194,-0.4103995389986922
1.4921875,9.98375,-0.99890625,1.5340494499343071,2.7033639345267595,1.7941555440404093,-0.3362900413456618,0.1641280321426739,-0.4997083073468102
1.8751562499999999,9.75390625,-1.0460156250000001,1.5090792848906043,2.64638469023514,1.6868504953035581,-0.49400547497782876,0.27575913771978894,-0.5789435296752417
2.578828125,9.7615625,-0.5390625,1.4790730950358688,2.499223453613892,1.5705897765150993,-0.4156220892468519,0.3493609522638073,-0.6102022756393087
2.6457812499999998,9.60921875,-0.40570312499999994,1.4603700351789055,2.0602880598713464,1.3985844872996533,-0.3909921701395759,0.25427455831516,-0.13132997729811832
2.6285156250000004,9.6609375,-0.49226562500000004,1.3990041602443002,2.328950419951818,1.4899644578624551,-0.36462567531414336,0.31000622679727013,-0.3687758978928776
2.50234375,9.671093749999999,-0.5706249999999999,1.5421213495817823,2.4498693314564632,1.603019977066724,-0.41795684808127653,0.22287283853229936,-0.6063034638815947
1.96140625,9.848828124999999,-0.66890625,1.5223997988245195,2.5432519847547517,1.5640048924830565,-0.22896187256151815,0.280687008644969,-0.3022068727608539
2.37,9.726484375,-0.645390625,1.7208823136693572,2.6793016201299285,1.7979866788750436,-0.593586474987709,0.08681557638052746,-0.563712304397688
2.9905468749999997,9.55609375,-0.2059375,1.3665274813108348,2.502244378295401,1.5223113786586993,-0.3781705362130462,0.267860497819942,-0.23673911127877362
2.6527343749999996,9.671875,-0.6645312499999999,1.670447504994802,2.5565158021954413,1.7893359711841255,-0.3498624810010553,0.20806387491601427,-0.35647496048409916
2.680234375,9.64046875,-0.8238281249999999,1.8761294368508692,2.6775504370176555,1.9620652866836477,-0.07278673405660939,-0.1299296171763971,-0.5595318880987948
2.8565625,9.658749999999998,-0.88859375,2.0539049840715005,2.8105521032352345,2.0515838905491868,-0.2228931712808618,0.02988123398498824,-0.3227412147306465
2.9633593749999996,9.56703125,-0.686796875,1.8651153103359612,2.9821700255893253,2.0990946462082727,-0.09308495704284056,0.2904843544785973,-0.2170075767848783
2.933359375,9.61671875,-0.37859375000000006,1.6719273484065058,3.1280675217933576,1.9444089455309903,-0.3775408371565231,0.15628903735593933,-0.15984925486771503
2.871015625,9.518828125,-0.5909375,1.804244925101872,2.5896659476579185,1.860047646189137,-0.29039351570112426,-0.01805592132560011,-0.1818535728357764
2.8189843750000003,9.706640625,-0.5535937499999999,1.8316133768499998,2.710109913979433,1.9549771155849722,-0.16401789780795908,0.08395670842747059,-0.3178738328100225
2.8610156249999994,9.7321875,-0.6523437500000001,2.2056241463032316,3.0879465612027275,2.3000602860220725,-0.39240605373452875,0.08977506867483664,-0.31794789120562295
2.788203125,9.604765624999999,-0.762265625,2.138782303085154,2.987783188681595,2.1662179797271923,-0.2171257107216736,-0.027625754405889113,-0.33041084865755305
2.9155468749999995,9.607265624999998,-0.74828125,2.174674475853279,3.0575658503854597,2.267019005411829,-0.3984372299398238,0.1367002399315012,-0.26710102827664456
2.8561718750000002,9.514531249999997,-0.412734375,1.9913693157495884,3.278888640648449,2.1289884316133234,-0.2741297415201203,-0.08844832114283065,-0.30148934075207356
2.6741406249999997,9.802187499999999,-0.5434375,2.3638172674668847,3.663461038054554,2.4052908599780087,0.3462431492219748,-0.031686584707736276,-0.39718053933708075
2.671015625,9.603125,-0.41671875,2.238509492889378,3.2188822181581918,2.180774342612834,-0.19302999286798983,0.2955520193510531,-0.1724376807848853
2.495,9.671796874999998,-0.33234375,2.06987544915147,3.031486700447527,2.1191044999801067,-0.13894712547775734,0.025230743138646625,0.006535307209522726
2.385625,9.837578125,-0.5132812499999999,2.11852533838399,3.2522217756898875,2.1837210606894,-0.02534089131104476,0.05122384356032473,-0.21532926813074574
2.33359375,9.704609375,-0.37140625,2.039979600991377,3.3686078129417365,2.1771471924196897,-0.0717538005497506,0.18731587582608403,-0.24032989711528
2.363125,9.678984374999999,-0.455546875,2.224980249210091,3.002460147488366,2.3257121921957014,-0.40840952500806726,-0.05924666880929544,-0.16164420934838492
2.434375,9.817812499999999,-0.41773437500000005,2.04345898157389,3.115962666631895,2.215809394599039,-0.3418606907142673,-0.06567549157096632,-0.2500856450812459
2.336875,9.775078125,-0.364921875,2.0537647405131385,3.2815316536484125,2.226067509397791,-0.3653578942355631,0.08202276182842938,-0.3620990409365135
2.3482031250000004,9.743125,-0.473984375,2.3560624705194546,3.110594735637383,2.23846708843482,-0.390466915540018,-0.067162203045462,-0.13378509289503696
2.390078125,9.6971875,-0.541875,2.2791995908973144,3.4164843812527153,2.105893794063461,-0.2873276046315579,-0.23931324829629008,-0.14168804707181787
2.4275,9.713046875,-0.514375,2.1363096100518764,3.353300277011102,2.3309898480849287,-0.2512101286149977,0.08711213623606737,-0.2736278626363492
2.3765625000000004,9.80765625,-0.432578125,2.3880072882204004,3.3891814287281727,2.4692952708255618,-0.15038433007902016,0.08097402321354862,-0.055805787169598144
2.216796875,9.865625,-0.59484375,2.2986119906892144,3.5183238529696212,2.3523183326424886,-0.21040747611164043,-0.2205039733751562,-0.2844608262354344
2.1696874999999998,9.71890625,-0.49554687500000005,2.1825672732687416,3.305837222431095,2.294912787216049,-0.20826303278730562,-0.11626560720539045,-0.2878502552951428
2.3245312499999997,9.76515625,-0.391640625,2.0864682552757516,3.235330350302104,2.174962922580431,-0.2914729380689413,-0.0909585489629207,-0.3211410136713619
2.1971875,9.813125000000001,-0.28007812499999996,2.2840120051881843,3.243447661728951,2.4241411159721054,-0.41796225905513945,-0.001016969962878903,-0.11828678556390489
2.1312499999999996,9.770703125,-0.398203125,2.278920043024766,3.1343144145674398,2.327392731682866,-0.20877176086974072,0.05278368352580538,-0.06630348281810827
2.0418749999999997,9.750078124999998,-0.19812500000000005,2.0123395704689107,2.8899936462121305,2.186063724911742,-0.19131797960507693,0.06397227528382352,-0.09033117487273995
2.07796875,9.81625,-0.2846875,2.015567677237219,3.0316618276945078,1.9148783975343577,-0.10668133398850967,0.1962248309332394,-0.06437874472809882
2.111015625,9.795625,-0.15171874999999999,1.9042521661418321,2.9653440330550183,2.117677128577073,-0.32354953617465515,0.13586178934815818,-0.29674938643096743
2.1693749999999996,9.769140625,-0.35539062499999996,2.002834222264789,2.911904184588602,1.9995338919138403,-0.2331341757832448,0.051160547362119016,-0.4436756366048239
2.1482031249999998,9.784765624999999,-0.325546875,2.0458351112663586,2.9930771594745695,2.129226241719685,-0.37250954350404686,0.07687929280519526,-0.3157181979284291
2.038125,9.731875,-0.2684375,1.993855306780058,3.099943736888623,2.109113942178978,-0.27407794636362737,0.03310349321107527,-0.270278794735986
2.15515625,9.771875000000001,-0.23773437500000003,2.1603298302772975,2.891691695076603,2.258224971784999,-0.28492065838765707,-0.03297413907872939,-0.27321537269433116
2.19125,9.72078125,-0.25093750000000004,2.0682261421324317,2.8469620896050647,2.087010211066,-0.2965371491725767,0.07305829469149178,-0.26329761025495435
2.0904687500000003,9.79203125,-0.14234375000000002,1.9176282793527628,2.815942437537287,1.9569617253119533,-0.5946688615858516,0.2266868693187268,-0.35266519937822643
2.1012500000000003,9.653359374999999,-0.0033593750000000047,1.7556155437623582,2.7066354452252357,1.8379252387813845,-0.5002682098884594,0.3916503740178048,-0.508436579319482
2.007734375,9.776484374999999,-0.169609375,2.0613057962595844,2.8538585693987812,2.1190454817351396,-0.4532009498884274,0.16711448694958486,-0.2480175761622339
2.076328125,9.826171875,-0.38476562500000006,1.891356933152488,3.0989491971810352,2.0810168656376526,-0.21969022224091753,0.08814460600670944,-0.2886282127077328
2.026953125,9.807734374999999,-0.351171875,2.2438410700855655,3.1092805173694704,2.2516038107222562,-0.23528658948995795,-0.06628939815336365,-0.1848153150992511
4.95,11.622499999999999,-0.050000000000000044,0.9782893232576954,1.7321283872738764,2.3372526607108615,0.7910683655244227,0.6692532533098123,-0.8476859471453038
