1617117455461 0.4218862376044926 0
1617117456433 0.46401837686012254 1
1617117457375 0.4732910298014841 2
1617117458324 0.47732574144811774 3
1617117459254 0.49007965032281847 4
1617117460267 0.35042888261633826 5
1617117461212 0.486672921340399 6
1617117462204 0.47393034061618033 7
1617117463161 0.4121390808127211 8
1617117464151 0.49298723090001795 9
1617117465106 0.49083117107495416 10
1617117465959 0.5185976507890909 11
1617117466800 0.48362325470939255 12
1617117467736 0.49966496903950786 13
1617117468699 0.5213144195449672 14
1617117469696 0.5232191738998725 15
