44,591
591,44
45,583
583,45
58,663
663,58
70,418
418,70
70,459
459,70
70,473
473,70
70,492
492,70
71,437
437,71
71,508
508,71
72,424
424,72
72,476
476,72
72,495
495,72
72,548
548,72
72,554
554,72
75,155
155,75
79,397
397,79
79,418
418,79
79,516
516,79
94,359
359,94
95,306
306,95
98,364
364,98
98,636
636,98
98,680
680,98
100,720
720,100
112,614
614,112
114,340
340,114
147,163
163,147
292,295
295,292
293,595
595,293
309,632
632,309
333,337
337,333
342,659
659,342
344,348
348,344
345,669
669,345
352,654
654,352
353,357
357,353
355,770
770,355
355,771
771,355
355,775
775,355
355,777
777,355
355,778
778,355
355,789
789,355
355,816
816,355
360,706
706,360
363,717
717,363
364,636
636,364
372,766
766,372
379,437
437,379
379,481
481,379
383,461
461,383
383,488
488,383
383,568
568,383
383,575
575,383
383,753
753,383
383,761
761,383
384,392
392,384
385,406
406,385
385,464
464,385
385,467
467,385
385,565
565,385
387,503
503,387
387,564
564,387
387,567
567,387
388,393
393,388
388,409
409,388
388,477
477,388
388,555
555,388
388,571
571,388
388,741
741,388
389,410
410,389
390,505
505,390
390,517
517,390
390,530
530,390
390,541
541,390
390,564
564,390
391,507
507,391
393,477
477,393
393,555
555,393
393,571
571,393
393,741
741,393
394,399
399,394
395,443
443,395
395,450
450,395
395,517
517,395
395,530
530,395
395,556
556,395
396,515
515,396
396,528
528,396
399,431
431,399
401,433
433,401
401,523
523,401
401,758
758,401
402,421
421,402
402,449
449,402
402,470
470,402
402,500
500,402
402,529
529,402
402,548
548,402
402,572
572,402
403,435
435,403
405,434
434,405
405,513
513,405
405,554
554,405
405,569
569,405
406,464
464,406
406,467
467,406
406,565
565,406
409,441
441,409
409,485
485,409
409,496
496,409
409,547
547,409
409,555
555,409
409,573
573,409
412,515
515,412
413,442
442,413
413,489
489,413
413,513
513,413
413,554
554,413
413,569
569,413
414,463
463,414
414,466
466,414
414,485
485,414
414,496
496,414
414,547
547,414
414,738
738,414
416,450
450,416
417,499
499,417
418,473
473,418
418,492
492,418
418,516
516,418
418,551
551,418
419,438
438,419
419,464
464,419
419,478
478,419
420,439
439,420
420,502
502,420
420,528
528,420
421,442
442,421
421,470
470,421
421,476
476,421
421,529
529,421
421,548
548,421
422,466
466,422
422,533
533,422
422,536
536,422
424,495
495,424
424,548
548,424
426,546
546,426
427,456
456,427
427,537
537,427
428,512
512,428
428,563
563,428
429,476
476,429
432,462
462,432
432,471
471,432
432,487
487,432
432,562
562,432
434,513
513,434
434,569
569,434
437,508
508,437
437,559
559,437
438,443
443,438
438,460
460,438
438,464
464,438
438,474
474,438
438,556
556,438
439,483
483,439
439,502
502,439
439,512
512,439
441,512
512,441
441,563
563,441
441,573
573,441
442,470
470,442
442,476
476,442
442,529
529,442
443,474
474,443
443,556
556,443
444,510
510,444
444,566
566,444
445,452
452,445
445,495
495,445
446,453
453,446
446,494
494,446
446,534
534,446
446,747
747,446
448,455
455,448
448,496
496,448
448,520
520,448
448,738
738,448
449,470
470,449
449,500
500,449
449,529
529,449
449,548
548,449
449,572
572,449
450,530
530,450
451,483
483,451
451,566
566,451
452,519
519,452
453,461
461,453
453,561
561,453
453,575
575,453
453,747
747,453
454,473
473,454
454,492
492,454
454,513
513,454
455,475
475,455
455,520
520,455
455,544
544,455
456,474
474,456
456,517
517,456
456,537
537,456
456,556
556,456
456,565
565,456
458,488
488,458
458,568
568,458
459,492
492,459
460,474
474,460
460,501
501,460
460,526
526,460
461,472
472,461
461,488
488,461
461,550
550,461
461,568
568,461
461,575
575,461
462,487
487,462
462,562
562,462
463,466
466,463
463,496
496,463
463,533
533,463
463,738
738,463
464,565
565,464
466,533
533,466
467,565
565,467
469,483
483,469
469,750
750,469
470,476
476,470
470,500
500,470
470,529
529,470
470,548
548,470
471,487
487,471
471,538
538,471
472,488
488,472
472,561
561,472
472,747
747,472
473,492
492,473
474,537
537,474
474,556
556,474
474,565
565,474
476,548
548,476
476,554
554,476
477,485
485,477
477,496
496,477
477,555
555,477
477,571
571,477
477,741
741,477
485,496
496,485
485,555
555,485
485,571
571,485
485,738
738,485
487,503
503,487
487,562
562,487
488,502
502,488
488,561
561,488
488,568
568,488
488,753
753,488
488,761
761,488
489,554
554,489
491,515
515,491
494,534
534,494
496,520
520,496
496,555
555,496
496,738
738,496
498,538
538,498
500,529
529,500
500,572
572,500
501,526
526,501
501,552
552,501
503,562
562,503
503,564
564,503
505,517
517,505
505,541
541,505
506,514
514,506
508,516
516,508
508,559
559,508
512,563
563,512
513,554
554,513
513,569
569,513
514,549
549,514
517,530
530,517
517,537
537,517
517,541
541,517
517,556
556,517
518,547
547,518
519,535
535,519
520,738
738,520
522,560
560,522
525,733
733,525
526,552
552,526
526,560
560,526
528,558
558,528
529,548
548,529
530,541
541,530
533,536
536,533
537,541
541,537
537,556
556,537
537,565
565,537
541,564
564,541
550,568
568,550
555,571
571,555
555,741
741,555
556,565
565,556
560,570
570,560
561,747
747,561
561,753
753,561
563,573
573,563
568,575
575,568
571,741
741,571
593,602
602,593
608,613
613,608
612,615
615,612
618,814
814,618
618,817
817,618
618,818
818,618
627,658
658,627
628,653
653,628
643,689
689,643
647,712
712,647
650,675
675,650
651,676
676,651
655,672
672,655
655,707
707,655
656,684
684,656
656,776
776,656
656,780
780,656
656,782
782,656
656,785
785,656
657,668
668,657
657,690
690,657
661,684
684,661
668,690
690,668
669,672
672,669
669,707
707,669
672,687
687,672
680,737
737,680
684,776
776,684
684,785
785,684
687,691
691,687
688,740
740,688
693,698
698,693
694,716
716,694
697,776
776,697
706,717
717,706
708,727
727,708
736,754
754,736
736,759
759,736
739,745
745,739
747,753
753,747
754,759
759,754
770,771
771,770
770,772
772,770
770,774
774,770
770,775
775,770
770,777
777,770
770,778
778,770
770,784
784,770
770,787
787,770
770,788
788,770
770,789
789,770
770,791
791,770
770,794
794,770
770,795
795,770
770,798
798,770
770,799
799,770
770,802
802,770
770,804
804,770
770,805
805,770
770,806
806,770
770,807
807,770
770,810
810,770
770,811
811,770
770,812
812,770
770,813
813,770
770,815
815,770
770,816
816,770
771,772
772,771
771,773
773,771
771,774
774,771
771,775
775,771
771,777
777,771
771,778
778,771
771,788
788,771
771,789
789,771
771,792
792,771
771,793
793,771
771,794
794,771
771,807
807,771
771,810
810,771
772,773
773,772
772,774
774,772
772,777
777,772
772,784
784,772
772,787
787,772
772,788
788,772
772,791
791,772
772,792
792,772
772,793
793,772
772,794
794,772
772,797
797,772
772,798
798,772
772,799
799,772
772,800
800,772
772,801
801,772
772,807
807,772
773,787
787,773
773,792
792,773
773,793
793,773
773,797
797,773
773,798
798,773
773,800
800,773
773,801
801,773
773,807
807,773
774,775
775,774
774,778
778,774
774,788
788,774
774,793
793,774
775,777
777,775
775,778
778,775
775,787
787,775
775,788
788,775
775,789
789,775
775,791
791,775
775,794
794,775
775,795
795,775
775,802
802,775
775,805
805,775
775,806
806,775
775,807
807,775
775,810
810,775
775,811
811,775
775,812
812,775
775,813
813,775
775,815
815,775
775,816
816,775
776,780
780,776
776,781
781,776
776,782
782,776
776,785
785,776
776,786
786,776
777,778
778,777
777,787
787,777
777,788
788,777
777,789
789,777
777,791
791,777
777,794
794,777
777,795
795,777
777,798
798,777
777,799
799,777
777,802
802,777
777,803
803,777
777,804
804,777
777,805
805,777
777,806
806,777
777,807
807,777
777,810
810,777
777,811
811,777
777,812
812,777
777,813
813,777
777,815
815,777
777,816
816,777
778,788
788,778
778,789
789,778
778,794
794,778
778,795
795,778
778,802
802,778
778,805
805,778
778,806
806,778
778,807
807,778
778,810
810,778
778,811
811,778
778,812
812,778
778,813
813,778
778,815
815,778
778,816
816,778
779,781
781,779
779,782
782,779
779,784
784,779
779,785
785,779
779,787
787,779
779,790
790,779
779,791
791,779
779,794
794,779
779,796
796,779
779,798
798,779
779,799
799,779
779,801
801,779
779,804
804,779
779,807
807,779
779,812
812,779
780,781
781,780
780,782
782,780
780,785
785,780
780,786
786,780
780,790
790,780
780,797
797,780
780,800
800,780
780,801
801,780
781,782
782,781
781,784
784,781
781,785
785,781
781,786
786,781
781,787
787,781
781,790
790,781
781,792
792,781
781,797
797,781
781,798
798,781
781,799
799,781
781,800
800,781
781,801
801,781
782,784
784,782
782,785
785,782
782,786
786,782
782,787
787,782
782,790
790,782
782,797
797,782
782,798
798,782
782,799
799,782
782,800
800,782
782,801
801,782
784,785
785,784
784,786
786,784
784,787
787,784
784,790
790,784
784,791
791,784
784,792
792,784
784,794
794,784
784,795
795,784
784,797
797,784
784,798
798,784
784,799
799,784
784,800
800,784
784,801
801,784
784,807
807,784
784,812
812,784
785,786
786,785
785,790
790,785
785,799
799,785
786,787
787,786
786,790
790,786
786,792
792,786
786,797
797,786
786,798
798,786
786,799
799,786
786,800
800,786
786,801
801,786
787,790
790,787
787,791
791,787
787,792
792,787
787,794
794,787
787,795
795,787
787,797
797,787
787,798
798,787
787,799
799,787
787,800
800,787
787,801
801,787
787,807
807,787
787,812
812,787
788,789
789,788
788,793
793,788
789,794
794,789
789,795
795,789
789,802
802,789
789,803
803,789
789,805
805,789
789,806
806,789
789,810
810,789
789,811
811,789
789,812
812,789
789,813
813,789
789,815
815,789
789,816
816,789
790,791
791,790
790,794
794,790
790,797
797,790
790,798
798,790
790,799
799,790
790,800
800,790
790,801
801,790
790,807
807,790
790,812
812,790
791,792
792,791
791,794
794,791
791,795
795,791
791,797
797,791
791,798
798,791
791,799
799,791
791,800
800,791
791,801
801,791
791,802
802,791
791,804
804,791
791,805
805,791
791,806
806,791
791,807
807,791
791,810
810,791
791,812
812,791
791,816
816,791
792,793
793,792
792,794
794,792
792,797
797,792
792,798
798,792
792,799
799,792
792,800
800,792
792,801
801,792
792,807
807,792
794,795
795,794
794,798
798,794
794,799
799,794
794,801
801,794
794,802
802,794
794,804
804,794
794,805
805,794
794,806
806,794
794,807
807,794
794,810
810,794
794,811
811,794
794,812
812,794
794,813
813,794
794,815
815,794
794,816
816,794
795,796
796,795
795,798
798,795
795,799
799,795
795,802
802,795
795,803
803,795
795,804
804,795
795,805
805,795
795,806
806,795
795,807
807,795
795,808
808,795
795,809
809,795
795,810
810,795
795,811
811,795
795,812
812,795
795,813
813,795
795,815
815,795
795,816
816,795
796,802
802,796
796,803
803,796
796,804
804,796
796,805
805,796
796,806
806,796
796,808
808,796
796,809
809,796
796,812
812,796
796,815
815,796
797,798
798,797
797,799
799,797
797,800
800,797
797,801
801,797
797,807
807,797
798,799
799,798
798,800
800,798
798,801
801,798
798,807
807,798
798,812
812,798
799,800
800,799
799,801
801,799
799,802
802,799
799,804
804,799
799,805
805,799
799,807
807,799
799,812
812,799
800,801
801,800
801,807
807,801
802,803
803,802
802,804
804,802
802,805
805,802
802,806
806,802
802,807
807,802
802,808
808,802
802,809
809,802
802,810
810,802
802,811
811,802
802,812
812,802
802,813
813,802
802,814
814,802
802,815
815,802
802,816
816,802
803,804
804,803
803,805
805,803
803,806
806,803
803,808
808,803
803,809
809,803
803,810
810,803
803,811
811,803
803,812
812,803
803,813
813,803
803,814
814,803
803,815
815,803
803,816
816,803
803,817
817,803
804,805
805,804
804,806
806,804
804,807
807,804
804,808
808,804
804,809
809,804
804,810
810,804
804,811
811,804
804,812
812,804
804,813
813,804
804,815
815,804
804,816
816,804
805,806
806,805
805,807
807,805
805,808
808,805
805,809
809,805
805,810
810,805
805,811
811,805
805,812
812,805
805,813
813,805
805,815
815,805
805,816
816,805
806,807
807,806
806,808
808,806
806,809
809,806
806,810
810,806
806,811
811,806
806,812
812,806
806,813
813,806
806,814
814,806
806,815
815,806
806,816
816,806
806,817
817,806
807,810
810,807
807,812
812,807
807,815
815,807
807,816
816,807
808,809
809,808
808,811
811,808
808,813
813,808
808,814
814,808
808,815
815,808
808,816
816,808
809,811
811,809
809,813
813,809
809,814
814,809
809,815
815,809
809,816
816,809
810,811
811,810
810,812
812,810
810,813
813,810
810,815
815,810
810,816
816,810
811,812
812,811
811,813
813,811
811,814
814,811
811,815
815,811
811,816
816,811
811,817
817,811
812,813
813,812
812,815
815,812
812,816
816,812
813,814
814,813
813,815
815,813
813,816
816,813
813,817
817,813
814,815
815,814
814,816
816,814
814,817
817,814
814,818
818,814
815,816
816,815
815,817
817,815
817,818
818,817
820,821
821,820
823,824
824,823
823,825
825,823
823,826
826,823
823,827
827,823
823,828
828,823
823,829
829,823
823,830
830,823
823,831
831,823
823,832
832,823
823,833
833,823
823,834
834,823
823,835
835,823
823,836
836,823
823,837
837,823
823,838
838,823
823,839
839,823
823,840
840,823
823,841
841,823
823,842
842,823
823,843
843,823
823,844
844,823
823,845
845,823
823,846
846,823
823,847
847,823
823,848
848,823
823,849
849,823
823,851
851,823
823,855
855,823
824,825
825,824
824,826
826,824
824,827
827,824
824,828
828,824
824,829
829,824
824,830
830,824
824,831
831,824
824,832
832,824
824,833
833,824
824,834
834,824
824,835
835,824
824,836
836,824
824,837
837,824
824,838
838,824
824,839
839,824
824,840
840,824
824,841
841,824
824,842
842,824
824,843
843,824
824,844
844,824
824,845
845,824
824,846
846,824
824,847
847,824
824,848
848,824
824,851
851,824
825,826
826,825
825,827
827,825
825,828
828,825
825,829
829,825
825,830
830,825
825,831
831,825
825,832
832,825
825,833
833,825
825,834
834,825
825,835
835,825
825,836
836,825
825,837
837,825
825,838
838,825
825,839
839,825
825,840
840,825
825,841
841,825
825,842
842,825
825,843
843,825
825,844
844,825
825,845
845,825
825,846
846,825
825,847
847,825
825,848
848,825
826,827
827,826
826,828
828,826
826,829
829,826
826,830
830,826
826,831
831,826
826,832
832,826
826,833
833,826
826,834
834,826
826,835
835,826
826,836
836,826
826,837
837,826
826,838
838,826
826,839
839,826
826,840
840,826
826,841
841,826
826,842
842,826
826,843
843,826
826,844
844,826
826,845
845,826
826,846
846,826
826,847
847,826
826,848
848,826
827,828
828,827
827,829
829,827
827,830
830,827
827,831
831,827
827,832
832,827
827,833
833,827
827,834
834,827
827,835
835,827
827,836
836,827
827,837
837,827
827,838
838,827
827,839
839,827
827,840
840,827
827,841
841,827
827,842
842,827
827,843
843,827
827,844
844,827
827,845
845,827
827,846
846,827
827,847
847,827
827,848
848,827
827,851
851,827
828,829
829,828
828,830
830,828
828,831
831,828
828,832
832,828
828,833
833,828
828,834
834,828
828,835
835,828
828,836
836,828
828,837
837,828
828,838
838,828
828,839
839,828
828,840
840,828
828,841
841,828
828,842
842,828
828,843
843,828
828,844
844,828
828,845
845,828
828,846
846,828
828,847
847,828
828,848
848,828
829,830
830,829
829,831
831,829
829,832
832,829
829,833
833,829
829,834
834,829
829,835
835,829
829,836
836,829
829,837
837,829
829,838
838,829
829,839
839,829
829,840
840,829
829,841
841,829
829,842
842,829
829,843
843,829
829,844
844,829
829,845
845,829
829,846
846,829
829,847
847,829
829,848
848,829
830,831
831,830
830,832
832,830
830,833
833,830
830,834
834,830
830,835
835,830
830,836
836,830
830,837
837,830
830,838
838,830
830,839
839,830
830,840
840,830
830,841
841,830
830,842
842,830
830,843
843,830
830,844
844,830
830,845
845,830
830,846
846,830
830,847
847,830
830,848
848,830
831,832
832,831
831,833
833,831
831,834
834,831
831,835
835,831
831,836
836,831
831,837
837,831
831,838
838,831
831,839
839,831
831,840
840,831
831,841
841,831
831,842
842,831
831,843
843,831
831,844
844,831
831,845
845,831
831,846
846,831
831,847
847,831
832,833
833,832
832,834
834,832
832,835
835,832
832,836
836,832
832,837
837,832
832,838
838,832
832,839
839,832
832,840
840,832
832,841
841,832
832,842
842,832
832,843
843,832
832,844
844,832
832,845
845,832
832,846
846,832
832,847
847,832
832,848
848,832
833,834
834,833
833,835
835,833
833,836
836,833
833,837
837,833
833,838
838,833
833,839
839,833
833,840
840,833
833,841
841,833
833,842
842,833
833,843
843,833
833,844
844,833
833,845
845,833
833,846
846,833
833,847
847,833
833,848
848,833
834,835
835,834
834,836
836,834
834,837
837,834
834,838
838,834
834,839
839,834
834,840
840,834
834,841
841,834
834,842
842,834
834,843
843,834
834,844
844,834
834,845
845,834
834,846
846,834
834,847
847,834
834,848
848,834
835,836
836,835
835,837
837,835
835,838
838,835
835,839
839,835
835,840
840,835
835,841
841,835
835,842
842,835
835,843
843,835
835,844
844,835
835,845
845,835
835,846
846,835
835,847
847,835
835,848
848,835
836,837
837,836
836,838
838,836
836,839
839,836
836,840
840,836
836,841
841,836
836,842
842,836
836,843
843,836
836,844
844,836
836,845
845,836
836,846
846,836
836,847
847,836
836,848
848,836
837,838
838,837
837,839
839,837
837,840
840,837
837,841
841,837
837,842
842,837
837,843
843,837
837,844
844,837
837,845
845,837
837,846
846,837
837,847
847,837
837,848
848,837
837,851
851,837
838,839
839,838
838,840
840,838
838,841
841,838
838,842
842,838
838,843
843,838
838,844
844,838
838,845
845,838
838,846
846,838
838,847
847,838
838,848
848,838
839,840
840,839
839,841
841,839
839,842
842,839
839,843
843,839
839,844
844,839
839,845
845,839
839,846
846,839
839,847
847,839
839,848
848,839
839,851
851,839
840,841
841,840
840,842
842,840
840,843
843,840
840,844
844,840
840,845
845,840
840,846
846,840
840,847
847,840
840,848
848,840
840,849
849,840
840,850
850,840
840,851
851,840
840,852
852,840
841,842
842,841
841,843
843,841
841,844
844,841
841,845
845,841
841,846
846,841
841,847
847,841
841,848
848,841
842,843
843,842
842,844
844,842
842,845
845,842
842,846
846,842
842,847
847,842
842,848
848,842
842,851
851,842
843,844
844,843
843,845
845,843
843,846
846,843
843,847
847,843
843,848
848,843
843,851
851,843
844,845
845,844
844,846
846,844
844,847
847,844
844,848
848,844
844,849
849,844
844,850
850,844
844,851
851,844
844,852
852,844
845,846
846,845
845,847
847,845
845,848
848,845
845,849
849,845
845,850
850,845
845,851
851,845
845,852
852,845
846,847
847,846
846,848
848,846
846,849
849,846
846,850
850,846
846,851
851,846
846,852
852,846
846,853
853,846
847,848
848,847
847,849
849,847
847,850
850,847
847,851
851,847
847,852
852,847
847,853
853,847
847,854
854,847
848,849
849,848
848,850
850,848
848,851
851,848
848,852
852,848
848,853
853,848
848,854
854,848
848,855
855,848
849,850
850,849
849,851
851,849
849,852
852,849
849,853
853,849
849,854
854,849
849,855
855,849
850,851
851,850
850,852
852,850
850,853
853,850
850,854
854,850
850,855
855,850
851,852
852,851
851,853
853,851
851,854
854,851
851,855
855,851
852,853
853,852
852,854
854,852
852,855
855,852
853,854
854,853
853,855
855,853
853,858
858,853
854,855
855,854
854,858
858,854
855,856
856,855
855,858
858,855
855,859
859,855
855,860
860,855
855,862
862,855
856,860
860,856
857,858
858,857
857,859
859,857
857,860
860,857
857,861
861,857
857,862
862,857
857,863
863,857
857,864
864,857
857,865
865,857
857,866
866,857
857,867
867,857
857,868
868,857
857,869
869,857
857,870
870,857
857,871
871,857
857,872
872,857
857,873
873,857
857,874
874,857
858,859
859,858
858,860
860,858
858,861
861,858
858,862
862,858
858,863
863,858
858,864
864,858
858,865
865,858
858,866
866,858
858,867
867,858
858,868
868,858
858,869
869,858
858,870
870,858
858,871
871,858
858,872
872,858
858,873
873,858
859,860
860,859
859,861
861,859
859,862
862,859
859,863
863,859
859,864
864,859
859,865
865,859
859,866
866,859
859,867
867,859
859,868
868,859
859,869
869,859
859,870
870,859
859,871
871,859
859,872
872,859
859,873
873,859
860,861
861,860
860,862
862,860
860,863
863,860
860,864
864,860
860,865
865,860
860,866
866,860
860,867
867,860
860,868
868,860
860,869
869,860
860,870
870,860
860,871
871,860
860,872
872,860
860,873
873,860
860,874
874,860
861,862
862,861
861,863
863,861
861,864
864,861
861,865
865,861
861,866
866,861
861,867
867,861
861,868
868,861
861,869
869,861
861,870
870,861
861,871
871,861
861,872
872,861
861,873
873,861
861,874
874,861
861,875
875,861
862,863
863,862
862,864
864,862
862,865
865,862
862,866
866,862
862,867
867,862
862,868
868,862
862,869
869,862
862,870
870,862
862,871
871,862
862,872
872,862
862,873
873,862
862,874
874,862
863,864
864,863
863,865
865,863
863,866
866,863
863,867
867,863
863,868
868,863
863,869
869,863
863,870
870,863
863,871
871,863
863,872
872,863
863,873
873,863
863,874
874,863
864,865
865,864
864,866
866,864
864,867
867,864
864,868
868,864
864,869
869,864
864,870
870,864
864,871
871,864
864,872
872,864
864,873
873,864
864,874
874,864
865,866
866,865
865,867
867,865
865,868
868,865
865,869
869,865
865,870
870,865
865,871
871,865
865,872
872,865
865,873
873,865
865,874
874,865
866,867
867,866
866,868
868,866
866,869
869,866
866,870
870,866
866,871
871,866
866,872
872,866
866,873
873,866
866,874
874,866
867,868
868,867
867,869
869,867
867,870
870,867
867,871
871,867
867,872
872,867
867,873
873,867
867,874
874,867
867,875
875,867
867,877
877,867
868,869
869,868
868,870
870,868
868,871
871,868
868,872
872,868
868,873
873,868
868,874
874,868
868,875
875,868
868,877
877,868
869,870
870,869
869,871
871,869
869,872
872,869
869,873
873,869
869,874
874,869
869,875
875,869
870,871
871,870
870,872
872,870
870,873
873,870
870,874
874,870
871,872
872,871
871,873
873,871
871,874
874,871
872,873
873,872
872,874
874,872
872,875
875,872
872,877
877,872
872,878
878,872
873,874
874,873
873,875
875,873
873,876
876,873
873,877
877,873
873,878
878,873
874,875
875,874
874,876
876,874
874,877
877,874
874,878
878,874
875,876
876,875
875,877
877,875
875,878
878,875
876,877
877,876
876,878
878,876
876,887
887,876
877,878
878,877
878,879
879,878
878,880
880,878
878,881
881,878
878,882
882,878
878,883
883,878
878,884
884,878
878,885
885,878
878,886
886,878
878,887
887,878
878,888
888,878
878,889
889,878
878,890
890,878
878,891
891,878
878,892
892,878
878,893
893,878
878,894
894,878
878,895
895,878
878,896
896,878
878,897
897,878
878,898
898,878
878,899
899,878
878,900
900,878
878,901
901,878
878,902
902,878
878,903
903,878
878,904
904,878
878,905
905,878
878,906
906,878
878,907
907,878
878,908
908,878
878,909
909,878
878,910
910,878
878,911
911,878
878,912
912,878
878,913
913,878
878,914
914,878
878,915
915,878
878,916
916,878
878,917
917,878
878,918
918,878
878,919
919,878
879,880
880,879
879,881
881,879
879,882
882,879
879,883
883,879
879,884
884,879
879,885
885,879
879,886
886,879
879,887
887,879
879,888
888,879
879,889
889,879
879,890
890,879
879,891
891,879
879,892
892,879
879,893
893,879
879,894
894,879
879,895
895,879
879,896
896,879
879,897
897,879
879,898
898,879
879,899
899,879
879,900
900,879
879,901
901,879
879,902
902,879
879,903
903,879
879,904
904,879
879,905
905,879
879,906
906,879
879,907
907,879
879,908
908,879
879,909
909,879
879,910
910,879
879,911
911,879
879,912
912,879
879,913
913,879
879,914
914,879
879,915
915,879
879,916
916,879
879,917
917,879
879,918
918,879
879,919
919,879
880,881
881,880
880,882
882,880
880,883
883,880
880,884
884,880
880,885
885,880
880,886
886,880
880,887
887,880
880,888
888,880
880,889
889,880
880,890
890,880
880,891
891,880
880,892
892,880
880,893
893,880
880,894
894,880
880,895
895,880
880,896
896,880
880,897
897,880
880,898
898,880
880,899
899,880
880,900
900,880
880,901
901,880
880,902
902,880
880,903
903,880
880,904
904,880
880,905
905,880
880,906
906,880
880,907
907,880
880,908
908,880
880,909
909,880
880,910
910,880
880,911
911,880
880,912
912,880
880,913
913,880
880,914
914,880
880,915
915,880
880,916
916,880
880,917
917,880
880,918
918,880
880,919
919,880
880,920
920,880
881,882
882,881
881,883
883,881
881,884
884,881
881,885
885,881
881,886
886,881
881,887
887,881
881,888
888,881
881,889
889,881
881,890
890,881
881,891
891,881
881,892
892,881
881,893
893,881
881,894
894,881
881,895
895,881
881,896
896,881
881,897
897,881
881,898
898,881
881,899
899,881
881,900
900,881
881,901
901,881
881,902
902,881
881,903
903,881
881,904
904,881
881,905
905,881
881,906
906,881
881,907
907,881
881,908
908,881
881,909
909,881
881,910
910,881
881,911
911,881
881,912
912,881
881,913
913,881
881,914
914,881
881,915
915,881
881,916
916,881
881,917
917,881
881,918
918,881
881,919
919,881
881,920
920,881
882,883
883,882
882,884
884,882
882,885
885,882
882,886
886,882
882,887
887,882
882,888
888,882
882,889
889,882
882,890
890,882
882,891
891,882
882,892
892,882
882,893
893,882
882,894
894,882
882,895
895,882
882,896
896,882
882,897
897,882
882,898
898,882
882,899
899,882
882,900
900,882
882,901
901,882
882,902
902,882
882,903
903,882
882,904
904,882
882,905
905,882
882,906
906,882
882,907
907,882
882,908
908,882
882,909
909,882
882,910
910,882
882,911
911,882
882,912
912,882
882,913
913,882
882,914
914,882
882,915
915,882
882,916
916,882
882,917
917,882
882,918
918,882
882,919
919,882
882,920
920,882
883,884
884,883
883,885
885,883
883,886
886,883
883,887
887,883
883,888
888,883
883,889
889,883
883,890
890,883
883,891
891,883
883,892
892,883
883,893
893,883
883,894
894,883
883,895
895,883
883,896
896,883
883,897
897,883
883,898
898,883
883,899
899,883
883,900
900,883
883,901
901,883
883,902
902,883
883,903
903,883
883,904
904,883
883,905
905,883
883,906
906,883
883,907
907,883
883,908
908,883
883,909
909,883
883,910
910,883
883,911
911,883
883,912
912,883
883,913
913,883
883,914
914,883
883,915
915,883
883,916
916,883
883,917
917,883
883,918
918,883
883,919
919,883
883,920
920,883
884,885
885,884
884,886
886,884
884,887
887,884
884,888
888,884
884,889
889,884
884,890
890,884
884,891
891,884
884,892
892,884
884,893
893,884
884,894
894,884
884,895
895,884
884,896
896,884
884,897
897,884
884,898
898,884
884,899
899,884
884,900
900,884
884,901
901,884
884,902
902,884
884,903
903,884
884,904
904,884
884,905
905,884
884,906
906,884
884,907
907,884
884,908
908,884
884,909
909,884
884,910
910,884
884,911
911,884
884,912
912,884
884,913
913,884
884,914
914,884
884,915
915,884
884,916
916,884
884,917
917,884
884,918
918,884
884,919
919,884
884,920
920,884
885,886
886,885
885,887
887,885
885,888
888,885
885,889
889,885
885,890
890,885
885,891
891,885
885,892
892,885
885,893
893,885
885,894
894,885
885,895
895,885
885,896
896,885
885,897
897,885
885,898
898,885
885,899
899,885
885,900
900,885
885,901
901,885
885,902
902,885
885,903
903,885
885,904
904,885
885,905
905,885
885,906
906,885
885,907
907,885
885,908
908,885
885,909
909,885
885,910
910,885
885,911
911,885
885,912
912,885
885,913
913,885
885,914
914,885
885,915
915,885
885,916
916,885
885,917
917,885
885,918
918,885
885,919
919,885
885,920
920,885
886,887
887,886
886,888
888,886
886,889
889,886
886,890
890,886
886,891
891,886
886,892
892,886
886,893
893,886
886,894
894,886
886,895
895,886
886,896
896,886
886,897
897,886
886,898
898,886
886,899
899,886
886,900
900,886
886,901
901,886
886,902
902,886
886,903
903,886
886,904
904,886
886,905
905,886
886,906
906,886
886,907
907,886
886,908
908,886
886,909
909,886
886,910
910,886
886,911
911,886
886,912
912,886
886,913
913,886
886,914
914,886
886,915
915,886
886,916
916,886
886,917
917,886
886,918
918,886
886,919
919,886
886,920
920,886
887,888
888,887
887,889
889,887
887,890
890,887
887,891
891,887
887,892
892,887
887,893
893,887
887,894
894,887
887,895
895,887
887,896
896,887
887,897
897,887
887,898
898,887
887,899
899,887
887,900
900,887
887,901
901,887
887,902
902,887
887,903
903,887
887,904
904,887
887,905
905,887
887,906
906,887
887,907
907,887
887,908
908,887
887,909
909,887
887,910
910,887
887,911
911,887
887,912
912,887
887,913
913,887
887,914
914,887
887,915
915,887
887,916
916,887
887,917
917,887
887,918
918,887
887,919
919,887
887,920
920,887
888,889
889,888
888,890
890,888
888,891
891,888
888,892
892,888
888,893
893,888
888,894
894,888
888,895
895,888
888,896
896,888
888,897
897,888
888,898
898,888
888,899
899,888
888,900
900,888
888,901
901,888
888,902
902,888
888,903
903,888
888,904
904,888
888,905
905,888
888,906
906,888
888,907
907,888
888,908
908,888
888,909
909,888
888,910
910,888
888,911
911,888
888,912
912,888
888,913
913,888
888,914
914,888
888,915
915,888
888,916
916,888
888,917
917,888
888,918
918,888
888,919
919,888
888,920
920,888
889,890
890,889
889,891
891,889
889,892
892,889
889,893
893,889
889,894
894,889
889,895
895,889
889,896
896,889
889,897
897,889
889,898
898,889
889,899
899,889
889,900
900,889
889,901
901,889
889,902
902,889
889,903
903,889
889,904
904,889
889,905
905,889
889,906
906,889
889,907
907,889
889,908
908,889
889,909
909,889
889,910
910,889
889,911
911,889
889,912
912,889
889,913
913,889
889,914
914,889
889,915
915,889
889,916
916,889
889,917
917,889
889,918
918,889
889,919
919,889
889,920
920,889
890,891
891,890
890,892
892,890
890,893
893,890
890,894
894,890
890,895
895,890
890,896
896,890
890,897
897,890
890,898
898,890
890,899
899,890
890,900
900,890
890,901
901,890
890,902
902,890
890,903
903,890
890,904
904,890
890,905
905,890
890,906
906,890
890,907
907,890
890,908
908,890
890,909
909,890
890,910
910,890
890,911
911,890
890,912
912,890
890,913
913,890
890,914
914,890
890,915
915,890
890,916
916,890
890,917
917,890
890,918
918,890
890,919
919,890
890,920
920,890
891,892
892,891
891,893
893,891
891,894
894,891
891,895
895,891
891,896
896,891
891,897
897,891
891,898
898,891
891,899
899,891
891,900
900,891
891,901
901,891
891,902
902,891
891,903
903,891
891,904
904,891
891,905
905,891
891,906
906,891
891,907
907,891
891,908
908,891
891,909
909,891
891,910
910,891
891,911
911,891
891,912
912,891
891,913
913,891
891,914
914,891
891,915
915,891
891,916
916,891
891,917
917,891
891,918
918,891
891,919
919,891
891,920
920,891
892,893
893,892
892,894
894,892
892,895
895,892
892,896
896,892
892,897
897,892
892,898
898,892
892,899
899,892
892,900
900,892
892,901
901,892
892,902
902,892
892,903
903,892
892,904
904,892
892,905
905,892
892,906
906,892
892,907
907,892
892,908
908,892
892,909
909,892
892,910
910,892
892,911
911,892
892,912
912,892
892,913
913,892
892,914
914,892
892,915
915,892
892,916
916,892
892,917
917,892
892,918
918,892
892,919
919,892
892,920
920,892
893,894
894,893
893,895
895,893
893,896
896,893
893,897
897,893
893,898
898,893
893,899
899,893
893,900
900,893
893,901
901,893
893,902
902,893
893,903
903,893
893,904
904,893
893,905
905,893
893,906
906,893
893,907
907,893
893,908
908,893
893,909
909,893
893,910
910,893
893,911
911,893
893,912
912,893
893,913
913,893
893,914
914,893
893,915
915,893
893,916
916,893
893,917
917,893
893,918
918,893
893,919
919,893
893,920
920,893
894,895
895,894
894,896
896,894
894,897
897,894
894,898
898,894
894,899
899,894
894,900
900,894
894,901
901,894
894,902
902,894
894,903
903,894
894,904
904,894
894,905
905,894
894,906
906,894
894,907
907,894
894,908
908,894
894,909
909,894
894,910
910,894
894,911
911,894
894,912
912,894
894,913
913,894
894,914
914,894
894,915
915,894
894,916
916,894
894,917
917,894
894,918
918,894
894,919
919,894
894,920
920,894
895,896
896,895
895,897
897,895
895,898
898,895
895,899
899,895
895,900
900,895
895,901
901,895
895,902
902,895
895,903
903,895
895,904
904,895
895,905
905,895
895,906
906,895
895,907
907,895
895,908
908,895
895,909
909,895
895,910
910,895
895,911
911,895
895,912
912,895
895,913
913,895
895,914
914,895
895,915
915,895
895,916
916,895
895,917
917,895
895,918
918,895
895,919
919,895
895,920
920,895
896,897
897,896
896,898
898,896
896,899
899,896
896,900
900,896
896,901
901,896
896,902
902,896
896,903
903,896
896,904
904,896
896,905
905,896
896,906
906,896
896,907
907,896
896,908
908,896
896,909
909,896
896,910
910,896
896,911
911,896
896,912
912,896
896,913
913,896
896,914
914,896
896,915
915,896
896,916
916,896
896,917
917,896
896,918
918,896
896,919
919,896
896,920
920,896
897,898
898,897
897,899
899,897
897,900
900,897
897,901
901,897
897,902
902,897
897,903
903,897
897,904
904,897
897,905
905,897
897,906
906,897
897,907
907,897
897,908
908,897
897,909
909,897
897,910
910,897
897,911
911,897
897,912
912,897
897,913
913,897
897,914
914,897
897,915
915,897
897,916
916,897
897,917
917,897
897,918
918,897
897,919
919,897
897,920
920,897
898,899
899,898
898,900
900,898
898,901
901,898
898,902
902,898
898,903
903,898
898,904
904,898
898,905
905,898
898,906
906,898
898,907
907,898
898,908
908,898
898,909
909,898
898,910
910,898
898,911
911,898
898,912
912,898
898,913
913,898
898,914
914,898
898,915
915,898
898,916
916,898
898,917
917,898
898,918
918,898
898,919
919,898
898,920
920,898
899,900
900,899
899,901
901,899
899,902
902,899
899,903
903,899
899,904
904,899
899,905
905,899
899,906
906,899
899,907
907,899
899,908
908,899
899,909
909,899
899,910
910,899
899,911
911,899
899,912
912,899
899,913
913,899
899,914
914,899
899,915
915,899
899,916
916,899
899,917
917,899
899,918
918,899
899,919
919,899
899,920
920,899
900,901
901,900
900,902
902,900
900,903
903,900
900,904
904,900
900,905
905,900
900,906
906,900
900,907
907,900
900,908
908,900
900,909
909,900
900,910
910,900
900,911
911,900
900,912
912,900
900,913
913,900
900,914
914,900
900,915
915,900
900,916
916,900
900,917
917,900
900,918
918,900
900,919
919,900
900,920
920,900
901,902
902,901
901,903
903,901
901,904
904,901
901,905
905,901
901,906
906,901
901,907
907,901
901,908
908,901
901,909
909,901
901,910
910,901
901,911
911,901
901,912
912,901
901,913
913,901
901,914
914,901
901,915
915,901
901,916
916,901
901,917
917,901
901,918
918,901
901,919
919,901
901,920
920,901
902,903
903,902
902,904
904,902
902,905
905,902
902,906
906,902
902,907
907,902
902,908
908,902
902,909
909,902
902,910
910,902
902,911
911,902
902,912
912,902
902,913
913,902
902,914
914,902
902,915
915,902
902,916
916,902
902,917
917,902
902,918
918,902
902,919
919,902
902,920
920,902
903,904
904,903
903,905
905,903
903,906
906,903
903,907
907,903
903,908
908,903
903,909
909,903
903,910
910,903
903,911
911,903
903,912
912,903
903,913
913,903
903,914
914,903
903,915
915,903
903,916
916,903
903,917
917,903
903,918
918,903
903,919
919,903
903,920
920,903
904,905
905,904
904,906
906,904
904,907
907,904
904,908
908,904
904,909
909,904
904,910
910,904
904,911
911,904
904,912
912,904
904,913
913,904
904,914
914,904
904,915
915,904
904,916
916,904
904,917
917,904
904,918
918,904
904,919
919,904
904,920
920,904
905,906
906,905
905,907
907,905
905,908
908,905
905,909
909,905
905,910
910,905
905,911
911,905
905,912
912,905
905,913
913,905
905,914
914,905
905,915
915,905
905,916
916,905
905,917
917,905
905,918
918,905
905,919
919,905
905,920
920,905
906,907
907,906
906,908
908,906
906,909
909,906
906,910
910,906
906,911
911,906
906,912
912,906
906,913
913,906
906,914
914,906
906,915
915,906
906,916
916,906
906,917
917,906
906,918
918,906
906,919
919,906
906,920
920,906
907,908
908,907
907,909
909,907
907,910
910,907
907,911
911,907
907,912
912,907
907,913
913,907
907,914
914,907
907,915
915,907
907,916
916,907
907,917
917,907
907,918
918,907
907,919
919,907
907,920
920,907
908,909
909,908
908,910
910,908
908,911
911,908
908,912
912,908
908,913
913,908
908,914
914,908
908,915
915,908
908,916
916,908
908,917
917,908
908,918
918,908
908,919
919,908
908,920
920,908
909,910
910,909
909,911
911,909
909,912
912,909
909,913
913,909
909,914
914,909
909,915
915,909
909,916
916,909
909,917
917,909
909,918
918,909
909,919
919,909
909,920
920,909
910,911
911,910
910,912
912,910
910,913
913,910
910,914
914,910
910,915
915,910
910,916
916,910
910,917
917,910
910,918
918,910
910,919
919,910
910,920
920,910
911,912
912,911
911,913
913,911
911,914
914,911
911,915
915,911
911,916
916,911
911,917
917,911
911,918
918,911
911,919
919,911
911,920
920,911
912,913
913,912
912,914
914,912
912,915
915,912
912,916
916,912
912,917
917,912
912,918
918,912
912,919
919,912
912,920
920,912
913,914
914,913
913,915
915,913
913,916
916,913
913,917
917,913
913,918
918,913
913,919
919,913
913,920
920,913
914,915
915,914
914,916
916,914
914,917
917,914
914,918
918,914
914,919
919,914
914,920
920,914
915,916
916,915
915,917
917,915
915,918
918,915
915,919
919,915
915,920
920,915
916,917
917,916
916,918
918,916
916,919
919,916
916,920
920,916
917,918
918,917
917,919
919,917
917,920
920,917
918,919
919,918
918,920
920,918
919,920
920,919
920,921
921,920
