-0.30305274406250005,8.509737968749999,2.1558457121875
0.2153717325,8.45908731875,2.2392702784375
-0.425210248625,8.38204709375,2.3678122896875
-0.7282629406250001,6.7127031865625,1.4586540989375
-0.05831211937499994,9.422726759375,0.538429356375
0.10130132375000012,9.2750311803125,2.237993399375
-0.09151173624999995,9.286097756250001,0.8921327596875
-2.0915746565625,7.386484878125,1.2330671753125
-1.2683948746875002,6.6926983984375,2.16861475425
-1.689774395625,7.6065385687500005,2.1269024181250002
-0.12215746656250015,6.994899864375,1.0300387634375
0.8699996696874999,7.7793468146875,1.1398528521875
-0.8934096853125,7.9027812125,2.0013398454375
-0.8597844390625,8.317350499375,2.4508113103125
-1.2462617796874997,7.066832215,2.0834875545
-0.046819953437500034,8.741283800312498,1.8757772581249998
0.12641381875000002,7.1115240365625,0.3524265087499999
-3.0726653234375,8.989855094687499,3.7762414271875
-1.0670691191875004,7.6746402559375,2.7696125790624997
0.5243834262499999,10.4204173628125,1.1768831894999998
0.27027879343749994,8.77405784375,0.09704497312500002
0.18089525437500004,9.9441307109375,0.5158706746875
-0.6180232790625001,9.695559396875002,0.5933364269999998
-0.7797648804374999,8.86982595625,0.35753411343749986
-0.5529010190625,9.8385731125,0.3575341262499999
-0.794236528625,8.119855445625,-0.06001464687499991
-0.706981160625,10.50511875,0.6822943159374999
-0.858933148125,10.339120878125001,0.7784880059374999
-1.4884486604375,9.276733565625001,0.5746084201875001
-1.0581307640625,9.878157165625002,0.463943065625
-1.0874996770625,10.5527899125,0.5682238565625
-1.04961802625,8.576988356249998,-0.16131597768750006
-0.9074556490625001,10.5881177375,0.1936643040624999
-1.3471375325000001,9.064767109375001,0.5337473520000001
-0.9789624912499999,9.204801199999999,0.32688835125
-0.7376269375,10.278680615625,0.6197258275625
1.2564771040625,7.712096303125,-0.14258804156249993
0.8180721385624999,9.228636818750001,1.637846813375
0.767847125,9.244811028125,1.8698183406250002
0.795087806875,9.29929243125,1.5084535221875002
1.0572795078125001,9.39676303125,1.5965601573125
0.9512961779375,9.272051784374998,0.576736595
1.341178613625,8.760011737500001,1.718717589375
1.1258068840625,9.8185682,1.682538563625
1.449715761875,9.6853443125,1.1641141109375
1.1185710715625001,9.528284475,1.5263302295
1.6650875196875001,9.119248440625,1.1926316946875
1.7489377803125001,8.835349446875,1.5067509710625
1.9306843034374999,9.176283559375001,1.3015945153125
1.9264279149999997,9.425706203125,1.4961100740625
1.8430032884375,9.415065324999999,0.9117120505
1.736594325625,8.994537225,1.5578273023125
2.0575237640625,8.888128146875001,1.442905583
2.1141333734375003,8.598695821875001,1.8302342190625
2.15073802375,9.221826634375,0.987049570625
0.1498238200625,4.6002724275,5.33194053225
3.5940693131875,6.1819353125,1.4437568562500003
-0.016174165937500012,9.733866634375001,1.5365454981250002
-0.63589998875,8.56379360625,2.4457036765625
-0.9827932024999999,9.147340375,1.9059974393749999
-0.716345165625,9.081792484375,2.6397936318750004
-0.8614870076875,9.548289471875002,1.706374175
-0.8376514003125,9.21416525625,2.3712173946875
-0.5558804525000001,9.249918721875002,1.4565259403125
-1.3147891791875,8.891958846875,2.504015766875
-0.681017371125,8.931543015625,1.8395982382500002
-1.1006943491875,8.185403425,2.4201655468750003
-1.35607586875,9.233318934375,2.3652585015625
-1.2100827818750002,10.000314634375,2.063482645625
-1.4518439528124998,9.01922393125,2.1243486265625
-1.3948087284375,8.9043024125,1.9587762771875001
-1.5603810734375,9.272902931250002,2.0941284975
-1.1330426715625,8.422056903125,2.1737223549999998
-1.2058264143750002,9.2541749375,2.8334579583124997
-0.75507804075,9.515941109375,2.501462005125
-0.921927288,8.874082156250001,2.54657940375
-0.8874507812500001,9.25758005,1.540801841875
-1.40417273,8.545065609375001,2.6312809062499998
-1.474828289375,8.91068690625,2.117538459875
-1.86811583425,7.842340887500001,2.5704149875
-2.2767262596875,8.703402070000001,2.3478074115625
-2.0290061778125,9.170324840625,2.37334559
-2.1269024195624997,8.65998745625,2.509549065
-1.927279193125,8.43780541875,1.9319611566875001
-1.7344661399999999,8.174336884375,2.7095979409375
-2.2988593446875,8.557409087499998,2.4869903521875
-1.90301796325,8.186680190625,2.5563689959375
-1.8451314871875,9.04816722375,1.6902
-2.134138241125,8.8583337375,2.4176117337500003
-2.32397184125,8.413969912499999,2.4440011378125
-1.820444613125,8.32458631875,2.8045147215624997
-0.014897243437499978,9.450818828125001,2.3776019623125
-0.15748526062499996,9.040505684374999,2.7240695675
-0.28985801750000006,9.160960825,2.1034924634375
-0.09449117543749999,9.2422570875,2.5265745253125
-0.14727001075,8.9481427625,1.5493145546875
-0.2213306553124999,8.98772688125,2.5670098962499996
-0.511188659875,9.81175804375,1.6212470271875
-0.7218784603124999,9.485720996875,2.626598910625
-0.43329730250000004,8.860887425,1.760855576875
-1.1355964835624999,8.594865071875,2.6985313809375002
-0.577587884375,9.768768834374999,2.037518899375
-1.085797107375,8.83960576875,2.9888150540625
-1.2245544035624998,8.900471612499999,1.5910268661875
-1.03259262125,8.718299446875001,2.319715481125
-1.1739037076874999,8.810662346875,1.6544465964375
-1.5510171128125,8.220305490625,2.4069708346875
0.3413599531875,9.597237521875002,2.6687368998125
-0.18089524293749998,8.729366009375,2.4601752859375003
-0.2345253725,9.0634900875,1.9609044484375
-0.32944215193750004,9.13031501875,2.44017042625
0.14429056531250004,9.302697521875,1.7480864807499998
-0.10002442949999998,8.305858371874999,2.3712173959375002
-0.21026411218749996,9.35973264375,1.8042704443750002
-0.41073861906250003,8.951548003125,2.295879841375
-0.8785124328125,9.527007618750002,2.2622546284375
-0.4469176571875,9.031567471875,2.6346860184375003
-0.9466141683125,8.26882795,2.8347348712500002
-1.2036982351874999,8.24414114375,2.0694415964374997
-1.503771540125,9.305251349999999,2.8981546362499997
-2.2196910599999997,7.696773426875,2.9730664915625002
-2.7985558340625003,9.043059596875,2.7930225428125004
-3.1241672903125,8.5263377125,2.3120539987499997
-2.6236194875,7.744444606249999,3.1565155965625
-0.6384537871875,8.844713228124998,2.3648328728125
0.6827199366875,9.225231759375001,3.197376623625
0.8431846584375,8.894087025000001,1.74212761
0.8053030581875,7.965775259375,2.97562032125
0.24942262531250003,9.6006424375,1.7344661566875
0.24005860718750002,9.24949295625,3.5195830048125
0.24005859812499997,8.867697640625,1.972822241875
-0.591208221125,9.37250165,2.9790254415625
-0.38945683875,9.320148560625,2.2209679475
-0.458409833625,8.920050748125,3.0415939017499998
-0.6520741521875,9.423152556249999,2.4014375709375
-0.5154450268749999,8.66381805,2.5035901771875
-0.3656212171875,9.667467515624999,2.2431010000000002
-0.8138157734375,9.069023403125001,2.8624011903125
-0.8653177018749999,9.129889303125,1.9191921321875
-0.797215974125,8.787252531250001,2.1366920796875
-1.0543000496875,9.2137395875,2.9190107733125
0.5622649776875,10.0135091875,2.3129052971875
0.6384537957499999,8.8025754125,2.9356105660625
0.6401563426875,9.173304184374999,1.9787811366875
0.4056309671874999,9.023906034375,2.1558456445625
0.6801661071875,9.107756209375001,2.045605991875
0.5086348570625,8.9302661625,2.90198535625
-0.03277396575000001,8.5684756125,2.0639083371874998
0.37072885499999997,9.360158328125,2.4486831593750003
-0.24601753000000004,8.384600953125,2.7023621509374998
0.21962809343750006,8.754904096875,2.6040401812500003
0.19196177843749995,8.31096596875,2.4222937298125
0.32263200018750005,8.703402259375,2.760248565625
-0.7589087409374999,8.86003614375,2.9624256359375
-0.776785460625,9.572550778124999,2.5742457165625
-1.1858215215624999,8.891958934375001,2.5227437825
-1.5748527028125,8.4050313571875,2.69044431
-2.02091911125,8.85237468125,2.748756409375
0.7423089381250001,9.15840695,2.47592382325
0.6056798348124999,9.397188596875,2.2328857409375
0.75082166075,8.07899430625,2.8283503478125
0.650371598125,8.485476646875,2.097107913125
0.5392806433125,8.968147759375,2.89815460875
0.80487746125,9.633842234374999,2.24097280425
0.445215120375,8.367149843750001,2.3822839671875
0.33157034174999994,9.263113359375001,1.71403564875
0.23793043687500004,8.2045569875,2.17542491375
-0.043414864375,9.15585306375,1.7178663709375
-0.24431498737500001,8.575285836875,2.6095734890625
0.025963771249999962,8.7893806165625,1.3731013175000002
0.09193734937500006,9.050295490625,2.6163836984374997
0.94703980875,8.934522458125,1.58379105175
-0.46138926418750015,8.93579951875,2.8185607278124998
-0.5567317100625,9.336748315624998,3.1586437234375
0.12896766437500007,8.811939506249999,1.046638551875
0.1847259638749999,9.011988262500001,0.5537523165625002
2.7687613021875,9.972648131875,2.2724698806249997
3.632802132187499,10.303367371875002,2.848355225625
2.339294736875,6.955741376875001,1.580386003125
1.6778565421875,8.515271036249999,1.5105816853125
1.7238253034375,9.388675956250001,1.0249311921875002
3.939259946875,11.3168064140625,1.723399637375
0.677612275,9.0975411215625,1.9166382843750003
1.835767555625,10.496606131250001,2.4699648678124997
2.749607666875,10.994600219062502,1.6999896590625
2.4308063690625,9.011562425000001,0.0008512375000000461
2.764079346875,10.6574964046875,1.387572965625
0.9823675990624998,10.448934906249999,1.6974358603125
2.764930605625,8.735750467499999,3.1262954214375003
2.9922200953125,9.045187767375001,0.4128667812499999
2.3707918160625003,6.416460703437501,1.5110073321875
1.0517462353125,9.843255025000001,1.5259045676249998
0.6937864596875,9.1962885875,0.060865936250000086
0.56056244,10.2918752125,0.19919758081249994
0.521403949375,9.111161232499999,0.41542063093750003
0.54736776,10.051390931250001,0.6678226640625
0.6414332496875,9.027311015,-0.41329245237500006
0.08342463062499997,8.305858153125,0.20941287337500009
0.38690297906250004,9.473377333750001,0.16089035218750014
0.56652130875,10.3233723625,0.6652688508125
-0.08810660468750003,9.692154303437501,-0.10513206550000005
0.1949412196875,9.5699968190625,0.12258315249999996
0.4945888945624999,9.9807353375,0.27283262531249997
-0.10257824906249996,8.880040978125,0.11577293531250002
-0.022984309687499982,10.277829310312502,0.7499703717499999
0.2638942035625,10.342100196250001,0.1834490484375001
-0.193238653,8.80981123,0.19962321656250004
-0.11960368187500015,10.440847837812498,0.46819945106250005
-0.06980426781250004,8.8902562690625,0.21494607624999995
0.5316192198124999,8.2662741528125,3.326769943125
0.7742316415625001,9.405701445,0.2468688537499998
1.576129633125,10.160353692624998,0.5392806365625
3.5221367728125004,11.39256962375,1.4122597934374999
1.665513132375,8.420780084375,-0.5256602862499999
2.4457036387500004,10.1590768925,0.6473921953125
1.7016921581250002,7.966626484375,0.22984337906250007
3.411045890625,10.46681161375,1.2441336366874998
3.2199353553125,12.425162214375,0.8525486412500001
2.8981545753125,12.0063364334375,0.1838747065625
2.334187070625,9.682790341562502,0.9381014928125002
2.5729688465625,9.46018288375,1.33309150575
2.6227682506249996,10.277829254375,0.41754881468749994
1.1445347931249998,10.9013857009375,0.32646272749999994
2.3001361656249997,10.068416453125,1.513135508125
3.8090154774999996,10.031811840625,0.28900678875
1.9400483046875001,8.442487505312501,1.0687716671875
3.417004706875,12.6196777325,1.6599798968750001
1.85960311425,8.8834461303125,-0.14471618512499995
2.0579494398125,8.670202559375,0.355831575625
3.4633990559375,9.141807231249999,-0.6133412684374999
2.458472740625,10.087144348625,-0.5609880789374999
0.5388550375000002,8.475686965625,0.8951122593749999
2.5576459156249998,9.172452833125,0.3192268956249999
2.5355128634375,9.634693464375001,0.8491434871875
2.252890669375,11.09590150625,0.5746084160625
3.0143531609375,9.33206636625,0.9495936609375001
2.3601508781249994,10.428504414374999,1.5556990778125002
2.1213691124999996,10.4966060728125,0.5380037243749999
1.9634582809374999,11.225294759375,0.7448627465625
1.7974601953124998,9.182242455,1.37352694375
2.447406270625,9.81814253375,0.8180721662499999
2.9815792578125,8.8472671340625,-0.2609147640624999
2.601912055625,10.168015087499999,0.5018247154999999
3.2863344837499997,8.9260098240625,0.6891044928124999
0.39796951468749986,9.490828471875,1.0019468175
1.98857078,9.68832359,1.43992612625
3.0462759012500005,10.610250905937498,1.7157381665625002
3.397851178125,10.267614115,0.08470160937499999
4.48279689375,11.3636263503125,0.527788486875
3.9711827146875,11.809267136875,1.247113053125
2.8074941396875,9.95306924375,-0.02000490643749986
1.8868437049999998,8.197746749375,1.056002603125
2.9534872287500002,10.439996510937501,0.9674703184375
1.1666678853749999,7.586108059687501,0.544388258125
3.42168670175,10.31783913075,-0.0068101539375000075
2.51848731875,8.948142919375002,1.055151273125
3.9043577626250006,9.7806866028125,0.9925828490625
2.441872916875,7.4307509778125,1.5267558208125
2.667885652375,9.468695440000001,1.3735269603125
2.8730421406250004,9.76408688375,0.6950633631249999
3.8051847090625,10.6157841714375,0.07959389312500009
1.5454837848125003,10.8549914634375,0.17365938437499984
1.5399505487499996,10.000314548312499,-0.04000977562500008
3.8064615943749995,10.3859407634375,1.7953320709375
1.2224262196875,9.90837737125,0.6886788046874999
0.895914723125,9.278594375,1.3267070035625
1.111875,8.885,3.5017062471875
1.8221875,10.155312499999999,2.0937028365624997
0.8190625,9.173125,2.3724943275
0.91875,8.4225,3.65791464375
1.7846875,10.083124999999999,2.4946518275
1.0190625,9.516874999999999,1.5637861740624999
1.0053125,8.378125,3.2863345384375
1.5490625,10.021249999999998,2.1954297706249997
1.1071875,9.099062499999999,2.2064963375
1.34875,9.7615625,3.0756447643750002
1.04375,9.4521875,3.276544915625
1.2671875,10.1821875,1.018546628625
0.9653125,8.71,2.938164385625
1.05,9.5771875,3.4421172205
1.2075,9.7715625,1.788521874875
0.8096875,8.946875,3.268032164375
0.8484375,9.046875,3.473188634375
1.174375,10.364062500000001,1.1445348245625002
0.676875,8.9553125,3.180351184375
0.6074999999999999,8.9071875,3.323364825
1.2953125,10.1246875,1.5995395616875
0.5559375,9.3484375,3.4212611031250004
0.8634375000000001,8.79625,3.4799987843749998
0.9521875,10.2871875,1.5893243428125
0.44781249999999995,9.142812500000002,2.8411193884375
0.5896875,9.090937499999999,3.131828689375
0.9946875000000001,9.783437500000002,1.7565992515625
0.475,8.998125,3.4983011875
0.5665625000000001,9.087499999999999,3.06585517125
0.9571875,9.7771875,2.0979592201875
0.195,9.235624999999999,2.80536597875
0.16843750000000002,8.9,3.3731642665625
0.9575,10.2703125,2.0439034421875
0.07531249999999999,8.8078125,2.7270489775
0.298125,9.4840625,3.0811780165625002
0.4965625,9.744375,2.2477830259375002
-0.048750000000000016,9.2559375,2.3831352225
0.050625,9.4503125,3.5136240790624997
0.435,9.5396875,2.236716449375
-0.116875,9.252812500000001,2.4955030875
0.296875,9.2871875,3.2986779759375002
0.11718749999999994,9.893437500000001,2.7044903006250003
0.004375000000000032,9.403749999999999,1.7697939333125001
-0.41468750000000004,8.620625,3.682175871875
0.30500000000000005,9.809999999999999,2.7504590079375
-0.276875,9.2328125,2.2209679612500004
-0.13437500000000002,9.033124999999998,3.260370734375
-0.505625,9.307812499999999,3.6757913665625
0.13437500000000005,10.0615625,1.451843933125
-0.4221875,9.192499999999999,3.3829538775
-0.45968749999999997,9.1359375,2.9994559228125
-0.018750000000000072,9.7703125,1.9443046254375
-0.554375,9.069375,2.939441294375
-0.950625,8.811250000000001,3.6357815612500004
-0.1275,10.083437499999999,2.36823798875
-0.4203125,10.4571875,1.983888735625
-0.445,9.1371875,3.2152533546875
-0.3365625,10.0275,3.0181839028125
-0.4709375,9.44625,1.8434289328125
-0.7590625,8.783750000000001,3.2761192696875
-0.39875000000000005,9.2459375,3.22206352125
-0.66375,10.381562500000001,1.6787078425
-0.7459375,8.9784375,3.1348081580000002
-0.878125,9.0940625,3.2535605543750004
-0.13093750000000004,10.10125,2.03326254
-1.0346875,8.629999999999999,2.8155812534374998
-0.8634375,9.179375,3.325918664375
-1.0859375,9.356875,3.3625233559375
-0.5821874999999999,9.7321875,1.81533697
-1.11375,8.648125,3.79411815
-0.8196874999999999,9.2578125,3.3054881228125
-0.9615625,9.273125,3.1501310146875
0.050625,10.12125,0.01617414281250007
-0.26093750000000004,9.291875000000001,1.8204445996875
0.11749999999999997,9.613125,1.7731990043749999
0.12062500000000004,9.9696875,1.6697694921875001
-0.0378125,9.0390625,2.1192409685625
0.022500000000000048,9.7759375,2.1971323753125
-0.020312500000000067,9.9146875,1.6544465868750002
-0.07749999999999993,8.5740625,1.7800091928125
0.05125000000000003,9.5428125,1.805121663875
0.0034374999999999753,9.7834375,2.1605276643749995
-0.413125,9.4946875,2.35078687625
-0.14687500000000003,10.538749999999999,2.3218436746875
-0.4821875000000001,9.509375,2.1281793309375
-0.09406249999999994,9.565,1.5893243518749998
-0.2434375,9.96875,2.1043437386875
-0.60375,9.7184375,2.159250751875
0.009062499999999973,9.945,1.5067509491875
-0.41031249999999997,9.134687499999998,2.0192165459374998
-0.2825,9.934999999999999,2.1749993128125
-0.4046875000000001,10.105625,1.362034785625
-0.37468749999999995,9.161562499999999,2.1515893024999997
-0.40312499999999996,9.685937500000001,1.7966090246875
-0.3321875000000001,10.2796875,1.777455435
-0.535625,9.2109375,2.0451803595625
-0.4578125,9.7765625,1.7974602584375001
-0.45343749999999994,9.75375,1.572724520625
-0.7284375,9.2609375,1.9847400515625
-0.5868750000000001,9.550625,1.368419305625
-0.8018750000000001,9.6175,2.2601264890625004
-1.1,9.7740625,2.6470294533125003
-0.6734374999999999,9.8909375,1.4658899318749998
-0.961875,9.01875,2.3988837158125
-0.9253124999999999,9.4375,1.5850679678125
-0.9796875,9.572187500000002,2.1592507598125
-1.0787499999999999,9.5734375,2.1009386266875003
-1.0228125,9.3025,1.9306842499999999
-0.3725,7.1734375,1.2220005821875
-0.9821875,9.884374999999999,1.43226468875
-1.2234375,9.221875,2.3137565762500003
-0.8459375,9.8490625,1.6710464081249998
-1.263125,8.9884375,2.0090012859375
-1.0834375,9.7675,2.0707184878125
-0.8709374999999999,9.705,1.8059729763749999
-1.26625,9.3990625,1.9328125109374998
-1.0456249999999998,9.900312499999998,1.7774553496875
-1.2974999999999999,9.075,2.2154346562500002
-1.2356249999999998,9.689062499999999,2.054118661125
-0.8400000000000001,9.764062500000001,2.1703172525
-1.4896875,9.48125,1.9779298865625001
-1.106875,9.5515625,1.5425043721875
-1.3503124999999998,9.469375,2.2946029615625
-1.4587500000000002,9.5896875,2.0834875596874998
-1.0953125,9.95625,1.4680181404375001
-1.2818749999999999,9.031875,2.18308636
-1.0940625000000002,9.469375000000001,1.5322891214375
-1.13375,9.857187499999998,2.1537175033125004
-1.4668750000000002,9.678125,2.1843632985625
-1.2378125,9.8871875,1.488448620625
-1.3996875000000002,8.85375,2.1358407655
-1.088125,9.4234375,1.64891334875
-1.19,9.87875,2.1894709006250004
-1.2903125000000002,9.219375,2.1056205940624997
-1.038125,9.72875,1.5450581749999999
-1.424375,9.338437500000001,2.1371177221875
-1.5443749999999998,9.8953125,2.134563913125
-1.2243750000000002,9.22375,1.11474033875
-1.4856250000000002,9.174687500000001,2.0298574445625
-1.2609375,9.712187499999999,2.0494366687500003
-1.1134375,9.3696875,1.3888498303124999
-1.551875,9.2753125,2.33759217325
-1.1734375,9.600625,1.5961344787499998
-1.3312499999999998,9.4890625,2.250336791875
-1.40875,9.9290625,2.2443779071875
-1.365,9.8825,1.50249463825
-1.4890625000000002,9.165625,2.137968951875
-1.2540625,9.5190625,1.5969857867500001
-1.1896875,9.805,2.452088206875
-1.59375,9.721875,2.2039425329999998
-1.2440625,9.983125,1.5527196296875
-1.4596875,8.9721875,2.0707184859375003
-1.2981250000000002,9.825937500000002,2.1520149484375004
-1.1846875,9.8646875,1.6067754048750003
-1.4678125,9.284062500000001,2.165209656875
-1.2396875,9.4328125,1.5344173121875
-1.2471875,9.7503125,2.2758749984375
-1.57625,9.36125,2.0626313876875004
-1.3753125000000002,10.104687499999999,1.672323306125
-1.61875,9.0425,2.3069464010625
-1.3243749999999999,9.607499999999998,2.2103270183125
-1.2631249999999998,9.7078125,1.5416531034374998
-1.5809375,9.2740625,2.1988349028125
-1.1243750000000001,9.383125,1.7970346246875
-1.2246875,9.908749999999998,2.2618289895
-1.6612500000000001,9.54875,2.0788055401875
-1.075,9.773125,1.515263662
-1.43125,9.160625,2.0524161220624997
-1.6040625000000002,9.857499999999998,2.109025725125
-1.1137499999999998,9.6521875,1.8481109304375
-1.335625,8.9571875,2.01070382625
-1.3440625000000002,9.754375,2.1409484137500003
-1.185625,9.7921875,1.6203957409375
-1.59125,9.5903125,2.4286782159374996
-1.1628124999999998,9.655625,1.58251415575
-1.4634375,9.2446875,2.185214543625
-1.429375,9.7234375,2.181809453125
-1.1009375,9.752812500000001,1.7523428578124998
-1.6662499999999998,9.32125,2.1690403990625002
-1.1646874999999999,9.91,1.8936539851875
-1.6684375,8.761875,2.129456217125
-1.221875,9.567812499999999,1.6927538235624997
-1.44375,9.373125,2.1205179107500003
-1.5328125,9.709375000000001,2.1711685325
-1.2378125,9.781875,1.7787322706250002
-1.7140625,9.3240625,2.1664865962500004
-1.1225,9.950937499999998,1.8247009336875
-1.515,9.071874999999999,2.050713588875
-1.2509375,9.581875,1.7659631895625
-1.3496875,9.634062499999999,2.16989163075
-1.839375,10.18625,2.772166382125
-1.0553124999999999,9.919375,1.633590451875
-1.5006249999999999,9.05,2.1571225395
-1.4103124999999999,9.7728125,2.071569784375
-1.0803124999999998,9.971875,1.7370199675
-1.6634375,9.4990625,2.0443290978125
-1.2646875,9.471562500000001,1.628908444375
-1.2465625,9.745000000000001,2.1251998793749998
-1.6903125,9.1078125,1.7774554025
-1.2650000000000001,9.4396875,1.6238008326875
-1.25,9.685,2.0434777978125
-1.895,9.429375,2.0319856334375004
-1.3046875,9.78375,1.702543446875
-1.4634375,9.31125,2.1307331415625
-1.663125,9.6078125,2.0196421671875
-1.1671875,9.9559375,1.7319123509374998
-1.501875,9.0475,2.0490110721874997
-1.356875,9.712187499999999,2.1294562390625
-1.20125,9.6375,1.7761784703124999
-1.5337500000000002,9.26875,2.144779139375
-1.1237499999999998,9.501875,1.5761295978125
-1.2981250000000002,9.8575,2.0694415928125
-1.75,9.4571875,2.1120051799999997
-1.3334375,9.635,1.4071521556875002
-1.2806250000000001,8.981562499999999,2.0907233901874998
-1.401875,9.5671875,1.890248884375
-1.214375,9.775,1.698287105
-1.6731249999999998,9.1275,1.9434533520000001
-1.1681249999999999,9.501874999999998,1.605924151125
-1.2353125,9.5590625,2.02560105875
-1.6246875,9.5775,2.039647044375
-1.093125,9.8909375,1.7178663896875
-1.5350000000000001,9.1428125,2.1413740251875
-1.5056250000000002,9.5203125,2.3197154958125
-1.3253125,9.923124999999999,1.5906012021875002
-1.4315625,9.0475,2.0945541078125
-1.3578124999999999,9.44875,1.9298330265624999
-1.17625,9.9296875,1.931961185625
-1.6296875,9.339375,2.0941284612500004
-1.196875,9.5265625,1.637421179375
-1.3334375,9.4775,2.0647595725
-1.6459375,9.524375,1.9362175768750003
-1.2159375,9.9728125,1.6178419124999999
-1.4212500000000001,9.3765625,2.163507119375
-1.4553124999999998,9.7240625,2.0800824628125003
-1.1681249999999999,9.875,1.6565747781250002
-1.5509374999999999,9.5525,2.0107038485625
-1.1046875,9.865312500000002,2.0064474371874996
-1.4281249999999999,9.5390625,2.1269024571874997
-1.7371874999999999,9.805937499999999,2.172871134375
-1.0846875,9.9675,1.5497401809375
-1.3918750000000002,8.9428125,1.9872938625
-1.178125,9.76,1.9775042733125003
-1.1312499999999999,9.708749999999998,1.6872205765625
-1.8893750000000002,9.446875,1.8527929315625
-1.1712500000000001,9.7359375,1.5395249198125
-1.4762499999999998,9.145937499999999,2.0473085468750005
-1.70875,9.79375,2.152440558375
-1.2840624999999999,9.881562500000001,1.5101560575000001
-1.4284375000000002,8.924375000000001,2.06518523125
-1.4121875,9.627187499999998,2.148609845625
-1.2153125,9.523125,1.465889893125
-1.7528124999999999,9.3365625,2.07667738325
-1.1821875,9.5490625,1.705097255125
-1.243125,9.1271875,1.93323808575
-1.3228125,9.76625,1.9689915334375
-1.0584375000000001,9.7103125,1.592729405625
-1.6740624999999998,9.264375000000001,1.8408751033125
-0.8,9.47875,1.5288840225000002
-1.4224999999999999,9.74125,2.0532673915625
-1.6062500000000002,9.62875,2.2873671478124997
-1.165,9.885312500000001,1.51654059125
-1.4340625,9.322812500000001,2.1400970968749995
-1.4709374999999998,9.6325,2.1558456640625003
-1.3125,10.032499999999999,1.363737313125
-1.2953125,9.249062499999999,1.9115306465625
-1.245625,9.4228125,1.5544221890624998
-1.1584375000000002,9.950625,1.951114799375
-1.7578125,9.3496875,2.0758261368750004
-1.2765625000000003,9.4015625,1.5199456574999999
-1.3659374999999998,9.6459375,2.1324357303125
-1.6690625,9.5546875,1.9426020434374998
-1.1678125,10.0875,1.6514671321875
-1.5778124999999998,9.0290625,1.94770972175
-1.4240625000000002,9.613125,2.069867228125
-1.4606249999999998,10.0528125,1.4284339675
-1.6075,8.8240625,1.8676902109375
-1.3228125,9.64375,1.7463840278124998
-1.3840625000000002,9.5428125,1.5522940041875002
-1.5684375,9.0078125,2.3444023665625
-1.2465625,9.5575,1.5459094651875
-1.5190625,9.339375,2.1239229740625
-1.6974999999999998,9.81875,2.0600775509375
-1.086875,10.0175,1.6595542290624998
-1.506875,8.9625,1.9898476825000002
-1.498125,9.6828125,2.069441628125
-1.3612499999999998,9.780625,1.4407774275
-1.54,9.180625,2.1086001098125
-1.1221875000000001,9.53875,1.5795346965625
-1.384375,9.6946875,2.1537174360624998
-1.9065625000000002,9.9184375,2.2443779033749998
-1.1565625,9.8428125,1.45056701625
-1.3984375,9.0196875,1.98644257625
-1.3778125,9.691875,1.9804836571875
-1.154375,9.914375,1.7731989734374998
-1.5859375,9.504375,2.0498623740625
-1.1871874999999998,9.7075,1.5352685765625
-1.4928124999999999,9.5628125,2.019216566875
-1.3025,9.6671875,2.1064719125
-1.1553125,9.75,1.789798806875
-1.4784374999999998,9.444062500000001,1.97622735125
-1.055625,9.968125,1.7153125748124998
-1.43875,9.150625,2.082210624375
-1.3975,9.6684375,1.965586396875
-1.1134374999999999,9.531875,1.5467607504374998
-1.4396874999999998,9.40875,2.084764483125
-1.17375,9.6515625,1.599113954375
-1.3046875,9.3621875,2.2860902209375
-1.0371875,9.979062500000001,1.791075730625
-0.423125,9.0803125,1.7910757115625002
1.6162500000000002,9.510312500000001,1.4386492321875002
1.380625,9.75625,1.4467363010624998
1.145,9.151875,1.6506158578125
1.525625,9.5234375,1.2543489078125
1.3265625,9.3403125,1.6250777451875003
1.2596874999999996,9.3875,1.5246276929375
1.51125,9.7271875,1.1040994312499999
0.9275,9.51375,1.84470587375
1.3987500000000002,9.5475,1.0066288109375001
1.0653124999999999,9.2634375,1.8293829759375
1.0284375,9.889375000000001,1.7693682705000002
1.1993750000000003,9.931562500000002,1.2271082078125
0.8581249999999999,9.3775,2.0021911306249995
1.1396875,9.5203125,1.2266825503125
1.1721875,9.855,1.7033947591875
0.689375,9.6709375,1.6842411465625
1.0771875,9.685,0.8861738703125
0.6568749999999999,8.8775,1.3994907096875
0.95875,9.8,1.6757283676874999
0.870625,9.970625,1.301168868125
0.7653124999999998,9.0328125,1.7293585150000002
0.8184375,9.696875,1.677005301875
0.9596875,10.155937499999999,0.9295887378125001
0.8834375,8.684687499999999,1.3309633611249998
0.6687500000000001,9.92,1.5088791325000002
1.10375,9.6515625,0.9266092803124999
0.6234375000000001,9.3234375,1.64210317
0.388125,9.9890625,1.6965845373750001
0.7790625,9.869375,1.1441091870625
0.51125,9.063125,1.6348673965625
0.6371874999999999,9.86,1.74851213375
0.67625,9.7965625,1.2790357881249999
0.29468749999999994,9.375625,1.7625581146875
0.71,9.5234375,1.0811150991875
0.6484375,9.615625,1.595283273125
0.376875,9.583124999999999,1.57996035375
0.7415625000000001,9.747499999999999,1.260733425
0.21093749999999994,9.3165625,1.7510659535625002
0.3062500000000001,9.635000000000002,1.5467607325
0.7503125,9.832812500000001,0.9691728475000001
0.38125,9.4765625,1.5446325712500002
0.11531250000000004,9.7646875,1.5373967823125
0.30156249999999996,10.1696875,1.4003420068749999
0.10718749999999996,9.231875,1.639975005
0.009687499999999988,9.7434375,1.3701218033124998
0.38406250000000003,9.826249999999998,1.0181209871875
0.20906250000000004,9.2809375,1.6199700953125
0.11937499999999998,9.653437499999999,1.4680181075
0.4012500000000001,9.6796875,1.0483411140625
0.289375,9.86375,1.8745003224999999
-0.11906250000000004,9.558125,1.46674120125
0.14906250000000004,9.605,1.03514640875
0.07218750000000002,9.86,1.7932039053124997
-0.39531249999999996,10.0509375,1.828106050125
0.33218749999999997,9.700312499999999,1.2079546096875
-0.04781250000000002,9.424687500000001,1.711056211875
-0.24749999999999997,9.821875,1.6531697030624999
0.26375000000000004,9.7403125,1.0027981350000001
-0.15531249999999996,9.453125,1.5608067600000002
-0.4665625,9.79125,1.5395249459375
0.04218749999999999,10.135625,1.0534487949375
-0.12031250000000006,9.2271875,1.6118830329375
-0.2884375,9.635,1.47227444675
0.08406249999999996,10.0096875,1.256477046875
-0.208125,9.2178125,1.5101560550000002
-0.17999999999999997,9.618125,1.7131843565625
-0.08375000000000007,10.107187499999998,1.05089495875
-0.45062499999999994,9.345625000000002,1.5710219953125
0.06812500000000005,9.545,1.1479399154375
-0.0946875,9.7284375,1.8059730193749997
-0.24062499999999998,9.9021875,1.861305653875
-0.05124999999999999,9.871875,1.0670690959375
-0.09687500000000011,9.1171875,1.6140112
-0.016562500000000008,9.592187500000001,1.219872414375
0.10500000000000004,10.0359375,1.5552734695
-0.3209375,9.5828125,1.5714476240625
0.10593749999999999,9.5621875,1.0496180246875
-0.0446875,9.5328125,1.62124697425
-0.14312499999999995,9.8434375,1.7242509094999998
-0.03656250000000005,9.9275,1.2254056678124998
-0.22156250000000005,9.0753125,1.6961589459375
-0.06625000000000002,9.610624999999999,1.4080034518750002
0.08343749999999997,10.045,1.6680669518750002
-0.21406249999999996,9.3353125,1.5731501703125
0.11468749999999994,9.899375000000001,1.2326414479999999
-0.3459375,10.7646875,3.9252139046875
0.03375,9.712187499999999,1.586770500625
-0.18062499999999998,10.118125000000001,1.1296376015625
-0.116875,9.0590625,1.7795835490625
-0.32156250000000003,9.6009375,1.806398598875
-0.3550000000000001,10.1703125,0.9636396042500002
-0.25812500000000005,9.031875,1.6987127348125
-0.09624999999999995,9.957812500000001,1.6676413125000003
-0.30531249999999993,10.286562499999999,1.1743293343749999
-0.295625,8.896249999999998,1.6220983118749999
-0.16062499999999996,9.89625,1.6574260390625
-0.011562499999999976,10.0109375,1.06068461625
-0.2725000000000001,8.996875,1.5118585662500001
0.0015625000000000222,9.5903125,1.2888254243750001
0.01843750000000005,10.060937500000001,1.5880474465625
-0.5615625000000001,9.3271875,1.52079693
0.24625000000000002,9.591875,1.0798381651875
-0.280625,9.203125,1.621247016875
-0.49375,9.874375,1.59358069375
0.3615625,9.987812499999999,1.2500925571875
-0.4025,9.06,1.486320432
-0.2665625,10.070625,1.587196145
0.035312499999999955,9.916562500000001,1.24200545625
-0.3759375,9.275624999999998,1.816613887
-0.14031249999999995,9.649375,1.1449605145625
-0.24375,9.921875,1.68594364575
-0.665625,10.001249999999999,1.940473885625
-0.14312500000000009,10.05625,1.0449360688125
-0.30375,9.084062499999998,1.7378712145625002
-0.3190625,9.9246875,1.698287085625
-0.02875000000000001,10.05375,1.2696717996875
-0.456875,9.3334375,1.7761784720000002
-0.27031249999999996,9.631562500000001,1.322876280125
-0.1803125,10.0478125,1.7923526171875
-0.7565625,9.57,1.6037959393749999
-0.09406249999999994,9.841875,1.2062520728125
-0.5546875,9.333125,1.7685170493749998
-0.41375000000000006,9.616562499999999,2.0179396571875
-0.3059375000000001,9.927500000000002,1.1930573037499999
-0.7040625,9.5309375,1.8928026978124999
-0.3153125,10.0278125,1.354373325
-0.06874999999999992,9.509375,1.88641816625
-0.12937500000000002,9.7675,1.31053283625
-0.5103125,9.254375,1.84300329625
-0.3799999999999999,9.73,1.7170150721875
-0.103125,9.927187499999999,1.7578760731249998
-0.6656249999999999,9.666875000000001,1.817039528125
-0.2571875,9.823124999999997,1.2552001834375
-0.6128125,9.240625,1.9672889673125
-0.3903125000000001,9.861875000000001,1.4531208814375
-0.20874999999999994,9.8353125,1.8417263628125
-0.7662499999999999,9.626874999999998,1.7995884329375
-0.3084375,10.161562499999999,1.1585808215625002
-0.7081249999999999,9.1228125,1.6872205663750002
-0.2496875000000001,9.666875000000001,1.2590308839375
-0.41093749999999996,9.788125,1.755322294375
-0.43281250000000004,9.655000000000001,1.4620592282499998
-0.3615625,9.80375,1.212210931375
-0.3928125,8.930625,1.7480865045
-0.61,9.8446875,1.757450501875
-0.8259375000000001,10.2253125,0.7461396758125002
-0.6937500000000001,9.075624999999999,1.4488644934374997
-0.5787500000000001,9.6325,1.628482842375
-0.7106250000000001,10.2228125,0.8504204728125
-0.781875,8.94375,1.5991139637499998
-0.7015625000000001,9.735624999999999,1.768091370625
-0.521875,10.051874999999999,1.01939789
-0.9543749999999999,8.591249999999999,1.53782234575
-0.9053125,9.965,1.7987371462499997
-0.6193750000000001,9.651562499999999,1.130063206875
-0.86,8.61125,1.6765796640625001
-0.8109375,9.525624999999998,1.5101560341875002
-0.6749999999999999,10.092500000000001,0.8742560737500001
-0.8234375,9.0075,1.452695196875
-0.7571875,9.9553125,1.1998675237500003
-0.550625,9.911874999999998,1.5735757776875001
-1.2168750000000004,9.5121875,1.6867949315625002
-0.5940624999999999,9.499375,1.0917560109375
-0.7515625,9.9928125,1.9353662875
-1.1203125,9.533437499999998,1.4956843810625
-0.5100000000000001,9.4053125,1.09558671075
-0.6368750000000001,10.010312500000001,1.66551316825
-1.0990624999999998,9.4275,0.9564037928124999
-0.5534375,9.54125,1.1432579084374999
-0.7521875,9.915,1.7987371390625
-1.1671874999999998,9.913437499999999,1.81576262625
-0.8365625,9.589375,1.04025403875
-0.8821875,9.571562499999999,1.8153369596875
-1.3328125000000002,9.8496875,1.7272302984375
-0.6778125,10.284375,1.1300632334374998
-0.984375,9.0471875,1.5978370040624998
-1.1184375,9.8575,1.77149645
-0.715,9.939374999999998,1.1287863178125002
-1.1459375,9.524375,1.8787567458124999
-0.8537499999999999,9.659375,1.4194956071875
-1.0053125,9.6875,1.71275872875
-0.9950000000000001,9.7053125,1.4671668565624998
-0.7068749999999999,9.9415625,1.2002931190625
-1.115625,9.265625,1.8383213134374998
-1.009375,9.8615625,1.7382968796875
-0.9153124999999999,9.4946875,0.9478910653125
-1.1803124999999999,8.9790625,1.7710708403125
-0.8415625,10.1034375,2.18947088
-0.8940625,9.912500000000001,1.2092314645
-0.9881249999999999,9.5984375,2.1494611046875
-0.8259375,9.9290625,1.1194223141874997
-1.5709375,10.0184375,-1.4633361309375
-2.1403125000000003,6.455,4.4517050000000005
0.01,9.880625000000002,1.4681250000000001
-0.04875,9.881875,1.4975
-0.0715625,9.8946875,1.444375
-0.10375000000000001,9.892500000000002,1.4175
-0.06718750000000001,9.8803125,1.52875
0.0190625,9.892500000000002,1.4881250000000001
-0.0353125,9.908750000000001,1.249375
0.0203125,9.879375,1.4715625
0.01875,9.8721875,1.4971875
0.02875,9.891875,1.3456249999999998
-0.0740625,9.915625,1.2928125000000001
-0.0628125,9.893125000000001,1.3171875000000002
-0.06031249999999999,9.8896875,1.3078125
-0.21125,9.9134375,1.2471875
-0.0034374999999999996,9.8875,1.3715625
-0.0018750000000000008,9.905000000000001,1.2875
-0.06687499999999999,9.888125000000002,1.3125
-0.023125,9.8871875,1.4
-0.0609375,9.865625000000001,1.524375
0.034687499999999996,9.8571875,1.4993750000000001
-0.008437499999999994,9.883437500000001,1.35
0.0012499999999999998,9.8790625,1.39625
-0.093125,9.876875000000002,1.408125
-0.1015625,9.853750000000002,1.4874999999999998
0.0,9.8625,1.43
0.05500000000000001,9.8671875,1.45
0.10312500000000001,9.8825,1.3796875
-0.0784375,9.8790625,1.3640625
-0.0140625,9.877187500000002,1.3834374999999999
-6.505213034913027e-19,9.887500000000001,1.38375
-0.0859375,9.8828125,1.3475
-0.06281250000000001,9.880625000000002,1.3640625000000002
0.0665625,9.861875,1.4515625
0.1140625,9.8628125,1.45875
0.091875,9.875937500000001,1.4159374999999998
0.0696875,9.861875000000001,1.43875
0.0690625,9.8715625,1.4634375
-0.007500000000000001,9.8803125,1.4109375
0.1325,9.8625,1.4265625
0.1275,9.859375,1.4296875
0.0365625,9.8528125,1.4790625
0.0809375,9.863125,1.4787499999999998
0.03,9.883437500000001,1.4137499999999998
0.070625,9.86125,1.4834375
0.1375,9.851875,1.5206250000000001
0.070625,9.8634375,1.4665625
0.0559375,9.8684375,1.47125
0.138125,9.842500000000001,1.5290625
0.1434375,9.83625,1.5765625
0.5609375,9.21625,2.1640625
5.3540625,2.939375,7.9628125
5.3334375,2.8828125,7.9887500000000005
5.4350000000000005,2.8737500000000002,7.9399999999999995
5.639374999999999,2.8075,7.83875
5.6196874999999995,2.8103125,7.8296875
5.619375,2.8409375,7.8415625
5.603125,2.8228125,7.84375
5.6175,2.8125,7.837187500000001
5.596562499999999,2.813125,7.8290625
5.6,2.8425000000000002,7.8553125
5.609375,2.8487500000000003,7.843125000000001
5.5546875,2.8550000000000004,7.856562500000001
5.6031249999999995,2.831875,7.8515625
5.613125,2.8303125,7.850625
5.6059375,2.835,7.8515625
5.6178125,2.8225,7.8396875
5.6115625,2.81875,7.846875000000001
5.613125,2.8078125,7.828437500000001
5.606249999999999,2.81875,7.8496875
5.6184375,2.8187499999999996,7.846875000000001
5.6118749999999995,2.7981249999999998,7.8375
5.5825,2.8125,7.8334375000000005
5.61375,2.814375,7.8325
5.593125000000001,2.8090625,7.8490625000000005
5.5978125,2.7890625,7.859375
5.6075,2.7978125,7.8453125
5.593437499999999,2.78625,7.853125
5.604687499999999,2.7859375,7.8296875
5.614374999999999,2.7781249999999997,7.828125
5.6274999999999995,2.71,7.848750000000001
5.6040624999999995,2.70875,7.85375
5.6175,2.72,7.8618749999999995
5.6365625,2.71,7.865
5.6503125,2.7046875000000004,7.8471875
5.6409375,2.6965625,7.8459375
5.6934375,2.7253125000000002,7.8303125
5.7240625000000005,2.7528125,7.799375
5.7203125,2.6237500000000002,7.8146875
5.71125,2.6350000000000002,7.8121875
5.73125,2.6500000000000004,7.8121875
5.753125,2.6587500000000004,7.7865625000000005
5.76125,2.6375,7.77125
5.7259375,2.6390625,7.804375
5.735,2.6125,7.8184375
5.735,2.615,7.8125
5.7325,2.59875,7.8171875
5.733750000000001,2.5975,7.821875
5.751250000000001,2.6053125,7.8025
5.7521875,2.5840625,7.796250000000001
5.75375,2.5865625,7.8259375
5.741250000000001,2.61125,7.820937500000001
5.75375,2.6284375,7.7978125
5.75125,2.5681249999999998,7.81625
5.773124999999999,2.5759374999999998,7.790000000000001
5.7984375,2.5728125,7.78875
5.82,2.5612500000000002,7.7596875
5.855625,2.5575,7.7612499999999995
5.8325000000000005,2.5640625,7.766249999999999
5.815625,2.501875,7.800937500000001
5.7884375,2.44375,7.792187500000001
5.829375000000001,2.45,7.800000000000001
5.8187500000000005,2.4525,7.781250000000001
5.829375000000001,2.44625,7.786250000000001
5.828437500000001,2.4575,7.803750000000001
5.828125,2.4312500000000004,7.7837499999999995
5.8284375,2.45625,7.786250000000001
5.834375,2.4650000000000003,7.807500000000001
5.8471875,2.4650000000000003,7.796250000000001
5.8434375,2.4312500000000004,7.79
5.851875000000001,2.4228125,7.793750000000001
5.8425,2.435,7.785
5.850937500000001,2.4325,7.7925
5.854062500000001,2.4175,7.795
5.86625,2.42125,7.782187500000001
5.835625,2.43375,7.78375
5.840000000000001,2.4275,7.782500000000001
5.8465625,2.4375,7.792187500000001
5.858750000000001,2.4437500000000005,7.7837499999999995
5.8675,2.4487500000000004,7.8125
5.859375,2.4400000000000004,7.796250000000001
5.860312500000001,2.4425000000000003,7.799687499999999
5.848750000000001,2.4459375000000003,7.8012500000000005
5.858125,2.4387500000000006,7.801250000000001
5.862500000000001,2.45125,7.806875000000001
5.87375,2.439375,7.8121875
5.869375,2.4537500000000003,7.795937500000001
5.865,2.4300000000000006,7.785
5.8553125,2.4225,7.7925
5.8575,2.43,7.78875
5.856250000000001,2.42875,7.796250000000001
5.852500000000001,2.425,7.790000000000001
5.845625,2.42125,7.780000000000001
5.866250000000001,2.425,7.7787500000000005
5.8656250000000005,2.435,7.78875
5.8515625,2.4325,7.800000000000001
5.8725000000000005,2.43,7.803750000000001
5.852500000000001,2.41875,7.782500000000001
5.860625000000001,2.425,7.7925
5.856250000000001,2.4225,7.78875
5.8568750000000005,2.42,7.775
5.8846875,2.42375,7.75625
5.954615384615384,2.366923076923077,7.753076923076923
