1617120315122 0.4695735198180591 0
1617120315368 0.49462437066279114 1
1617120315605 0.5009035930426171 2
1617120315832 0.516835426724059 3
1617120316147 0.5056023799924562 4
1617120316368 0.5089564836087138 5
1617120316589 0.54444005619606 6
1617120316815 0.5523407860115899 7
1617120317016 0.5341135393874424 8
1617120317206 0.5500442521307816 9
1617120317389 0.5472044451570942 10
1617120317585 0.5515083114249236 11
1617120317773 0.5398373749171901 12
1617120317996 0.560202334084392 13
1617120318217 0.5561460289778201 14
1617120318402 0.5537303914821118 15
1617120318572 0.5664093288737718 16
1617120318751 0.5400107097443119 17
1617120318928 0.5543742326671515 18
1617120319101 0.5594051371033173 19
1617120319290 0.5688894832459991 20
1617120319523 0.5630375819957836 21
1617120319764 0.5742478586636687 22
1617120319988 0.5712844659040933 23
1617120320169 0.5651464197253065 24
1617120320344 0.5704381203321571 25
1617120320543 0.5632428458212918 26
1617120320755 0.5758899889337302 27
1617120320950 0.5661494937909676 28
1617120321129 0.5493753937201838 29
1617120321311 0.5756138919726973 30
1617120321537 0.5763244575962503 31
1617120321732 0.5813272665726474 32
1617120321938 0.5586909822844074 33
1617120322115 0.573249602593171 34
1617120322289 0.5698226734341886 35
1617120322480 0.5654465937866152 36
1617120322674 0.5804201350060247 37
1617120322893 0.5819727104036906 38
1617120323066 0.5823689871772264 39
1617120323247 0.5759617304879264 40
1617120323487 0.5916057090035154 41
1617120323689 0.5790788641684281 42
1617120323919 0.5908068879511338 43
1617120324102 0.582828139991654 44
1617120324314 0.6101633263790424 45
1617120324530 0.5874355015821247 46
1617120324718 0.5978702832041131 47
1617120324898 0.6084313742176887 48
1617120325075 0.593210998453712 49
1617120325251 0.598372010623647 50
1617120325433 0.5838870205748091 51
1617120325634 0.5811641101064502 52
1617120325809 0.5894337544321043 53
1617120325996 0.6080598678412094 54
1617120326170 0.605009779292939 55
1617120326348 0.6101399359300737 56
1617120326531 0.611037201281784 57
1617120326714 0.5877896850821214 58
1617120326893 0.619087897044723 59
1617120327087 0.6132209536069636 60
1617120327265 0.6134310341135527 61
1617120327481 0.6224097158762917 62
1617120327681 0.6290660733719524 63
1617120327873 0.6177731735244694 64
1617120328068 0.6247174715283428 65
1617120328245 0.6273989587664407 66
1617120328431 0.6335772550144299 67
1617120328653 0.6048466979299515 68
1617120328832 0.6282089210444151 69
1617120329036 0.618393589523725 70
1617120329216 0.6277567555378838 71
1617120329406 0.6273992420221737 72
1617120329596 0.5908962066783748 73
1617120329783 0.6063371034569909 74
1617120329979 0.6228011019420976 75
1617120330170 0.5666583335456901 76
1617120330365 0.6069336972612474 77
1617120330552 0.6204744419625392 78
1617120330737 0.6156263718170222 79
1617120330928 0.6201625070990925 80
1617120331176 0.598072946296808 81
1617120331384 0.6207389234550547 82
1617120331579 0.6172372299685289 83
1617120331813 0.624817979331055 84
1617120332030 0.631187708703418 85
1617120332209 0.6437712206679782 86
1617120332391 0.6305103626872356 87
1617120332584 0.6461817386390226 88
1617120332763 0.645768088820459 89
1617120332943 0.64790159303478 90
1617120333122 0.6202555480596935 91
1617120333303 0.6381752403288989 92
1617120333480 0.6393519609162994 93
1617120333655 0.6472474353302095 94
1617120333833 0.6370675494951452 95
1617120334014 0.6279961603760242 96
1617120334198 0.6396259293289202 97
1617120334375 0.6430149430971004 98
1617120334548 0.6407499861834854 99
1617120334726 0.6286397196708251 100
1617120334905 0.6318698870329166 101
1617120335080 0.6187963512359306 102
1617120335258 0.6413946336548104 103
1617120335435 0.6485015476873623 104
1617120335613 0.6401448921376817 105
1617120335792 0.631721481997566 106
1617120335978 0.6546688602546813 107
1617120336157 0.6480690168739681 108
1617120336343 0.6347634030355379 109
1617120336521 0.6420917320793961 110
1617120336696 0.649883298229569 111
1617120336871 0.6393258819696392 112
1617120337052 0.6419913654696076 113
1617120337229 0.642905327050093 114
1617120337404 0.6536485059544127 115
1617120337578 0.6497192584819271 116
1617120337753 0.6408265483209089 117
1617120337945 0.6558545714739341 118
1617120338126 0.6259369871823574 119
1617120338299 0.6443230410348372 120
1617120338474 0.6354145620911779 121
1617120338649 0.6425828387014303 122
1617120338828 0.6448336925821313 123
1617120339005 0.6369207688035835 124
1617120339181 0.6530617176293668 125
1617120339356 0.6549828036171838 126
1617120339529 0.6476331605331002 127
1617120339703 0.6531908699768109 128
1617120339896 0.6528279086954845 129
1617120340075 0.6573351751987262 130
1617120340250 0.6478774081776806 131
1617120340491 0.6570022394878082 132
1617120340701 0.6356056943955324 133
1617120340883 0.6425096388827066 134
1617120341082 0.6368340029160916 135
1617120341257 0.6498957961919046 136
1617120341431 0.6614111054656817 137
1617120341612 0.6550250309045197 138
1617120341798 0.6505231727721807 139
1617120341986 0.6586823453568899 140
1617120342155 0.6494521349092692 141
1617120342331 0.6485852225874624 142
1617120342504 0.6541835273082106 143
1617120342681 0.6615426904060977 144
1617120342859 0.6541876443637329 145
1617120343035 0.6601317954855567 146
1617120343208 0.653684625248372 147
1617120343384 0.6534199920965432 148
1617120343558 0.6488207487177116 149
1617120343741 0.6534137071688433 150
1617120343929 0.6310930744650497 151
1617120344107 0.6431964300994448 152
1617120344285 0.6373828771942366 153
1617120344463 0.6551049022863098 154
1617120344642 0.6451083863662516 155
1617120344823 0.6606750796257775 156
1617120345003 0.6536695330660547 157
1617120345177 0.6534998117952001 158
1617120345351 0.6584358604826915 159
1617120345530 0.6625859756336303 160
1617120345709 0.6528667143175624 161
1617120345891 0.6591998711619099 162
1617120346068 0.6597782236076901 163
1617120346243 0.6537739409598039 164
1617120346420 0.6536120641981736 165
1617120346601 0.6622395463228192 166
1617120346776 0.6559458332613888 167
1617120346954 0.6627310521195285 168
1617120347125 0.6656129069599597 169
1617120347299 0.6504297706938863 170
1617120347473 0.6175350920435246 171
1617120347655 0.6285161425601439 172
1617120347834 0.6430702765130089 173
1617120348022 0.6504844633598634 174
1617120348203 0.648323555215021 175
1617120348377 0.6533988929365736 176
1617120348554 0.645674500734708 177
1617120348732 0.6571856401130668 178
1617120348918 0.6602710439023345 179
1617120349108 0.6615537305316509 180
1617120349291 0.6387212119529729 181
1617120349525 0.6545029487990391 182
1617120349710 0.6552288716208069 183
1617120349901 0.6475370622535881 184
1617120350122 0.6532937632619167 185
1617120350309 0.6467134600704196 186
1617120350503 0.6364111587592344 187
1617120350681 0.644311576472966 188
1617120350853 0.6562918876453292 189
1617120351028 0.6612298764738792 190
1617120351201 0.6644876335878382 191
1617120351379 0.6571449375665882 192
1617120351553 0.6554855891672281 193
1617120351727 0.6312598319482053 194
1617120351912 0.6532811325967822 195
1617120352091 0.6554088691548192 196
1617120352268 0.6568571722498429 197
1617120352443 0.6595000969094366 198
1617120352619 0.6221437904507687 199
1617120352795 0.6490776096050364 200
1617120352972 0.6547675608474017 201
1617120353149 0.6655433388633061 202
1617120353331 0.6621164006322187 203
1617120353505 0.6623775049912446 204
1617120353682 0.667334619883819 205
1617120353857 0.6635723308863938 206
1617120354073 0.6569250240724553 207
1617120354250 0.6667820911195408 208
1617120354425 0.6614540659267535 209
1617120354604 0.6677827302766478 210
1617120354779 0.6592973924899772 211
1617120354954 0.6602501627649026 212
1617120355131 0.6463912981931195 213
1617120355306 0.6508840075677316 214
1617120355480 0.6423577289363066 215
1617120355670 0.648473820237537 216
1617120355915 0.6396825699330512 217
1617120356113 0.6558584455085038 218
1617120356319 0.6586728198338108 219
1617120356527 0.6594200777026161 220
1617120356717 0.6582611524763438 221
1617120356913 0.6433019754385589 222
1617120357097 0.6613341642267593 223
1617120357278 0.644427892128111 224
1617120357452 0.6627046781726512 225
1617120357626 0.650627003972895 226
1617120357805 0.6592278679328467 227
1617120357997 0.6523868308158135 228
1617120358177 0.6559827472791466 229
1617120358349 0.6583075787961532 230
1617120358528 0.6456245200437569 231
1617120358713 0.6592480527278701 232
1617120358909 0.639106862716893 233
1617120359112 0.6608466842483494 234
1617120359312 0.6414394869396873 235
1617120359507 0.6581962411426853 236
1617120359705 0.6507251790765567 237
1617120359909 0.6535989253532646 238
1617120360105 0.657685448299644 239
1617120360287 0.6621755138677093 240
1617120360471 0.658374127478699 241
1617120360664 0.6564059940871368 242
1617120360851 0.6652332893453216 243
1617120361056 0.6581425124395298 244
1617120361244 0.6617748400197976 245
1617120361425 0.6658789657638312 246
1617120361606 0.667581389204445 247
1617120361785 0.6613485778180928 248
1617120362002 0.6667300498731519 249
1617120362180 0.6409506398671377 250
1617120362358 0.6619242712353561 251
1617120362538 0.6661467172828558 252
1617120362711 0.6585425234901257 253
1617120362896 0.6602028434118808 254
1617120363125 0.6532491299902377 255
1617120363331 0.662093942669785 256
1617120363513 0.6606247559736816 257
1617120363687 0.665145686387259 258
1617120363892 0.6699352639277699 259
1617120364115 0.6630665841901825 260
1617120364329 0.669375145995515 261
1617120364534 0.6593284972264989 262
1617120364724 0.6684414703535698 263
1617120364916 0.6566624197735663 264
1617120365093 0.6680655998647986 265
1617120365282 0.6667905953969049 266
1617120365460 0.6413826155526399 267
1617120365638 0.6543530066727177 268
1617120365819 0.6287952922572508 269
1617120366031 0.6506694657509576 270
1617120366213 0.6662538502917512 271
1617120366391 0.633266138232136 272
1617120366582 0.6522766770746147 273
1617120366803 0.667833634773786 274
1617120366998 0.6611328374572857 275
1617120367173 0.6494522067108208 276
1617120367345 0.6632153443044106 277
1617120367518 0.6652486507068541 278
1617120367694 0.6645669256340329 279
1617120367872 0.6642394881965934 280
1617120368080 0.660283204452902 281
1617120368301 0.6620722610998016 282
1617120368500 0.6682439975105298 283
1617120368849 0.6615111983956765 284
1617120369091 0.6665053526147801 285
1617120369410 0.6579325430911613 286
1617120369671 0.6592525443935671 287
1617120369925 0.6706033969514448 288
1617120370134 0.6653640351772078 289
1617120370358 0.6685525459185214 290
1617120370583 0.6692943588894538 291
1617120370783 0.6718780215980761 292
1617120370976 0.6433810896445564 293
1617120371237 0.6593786572886869 294
1617120371464 0.6672520555191825 295
1617120371712 0.663410263381263 296
1617120371903 0.6577528586912939 297
1617120372084 0.6610891237595843 298
1617120372263 0.6687828850987173 299
1617120372440 0.6518697525885366 300
1617120372624 0.6665032032693153 301
1617120372867 0.6588857105089722 302
1617120373048 0.6551413246192164 303
1617120373225 0.6664463675568323 304
1617120373424 0.6569251922071556 305
1617120373620 0.6658123548854921 306
1617120373817 0.664997207803388 307
1617120374007 0.6613212861871312 308
1617120374181 0.6624470162594841 309
1617120374357 0.6685907623257356 310
1617120374533 0.6667852101160155 311
1617120374715 0.6716563585069079 312
1617120374894 0.6677222589564001 313
1617120375074 0.6717994384078929 314
1617120375249 0.6724970234964652 315
1617120375432 0.6634688974455052 316
1617120375608 0.668857754835627 317
1617120375787 0.6654420500174432 318
1617120375977 0.6545491975984322 319
1617120376167 0.6619802322171848 320
1617120376339 0.6530754065124116 321
1617120376553 0.6665524155654171 322
1617120376768 0.6614580103418559 323
1617120376954 0.6609193071797017 324
1617120377129 0.6695987761016547 325
1617120377323 0.661501165784807 326
1617120377509 0.6630610337996562 327
1617120377689 0.6737248754607457 328
1617120377886 0.6680206040934802 329
1617120378063 0.6686257683162264 330
1617120378244 0.6653705803384907 331
1617120378437 0.6722171666635817 332
1617120378611 0.6679343251527392 333
1617120378790 0.6647596066185791 334
1617120378980 0.6608884810800879 335
1617120379181 0.666593490334512 336
1617120379355 0.6620195512527463 337
1617120379530 0.6699138201141831 338
1617120379714 0.6663085461966642 339
1617120379903 0.6580693577181033 340
1617120380080 0.664974094899343 341
1617120380266 0.6573355516124225 342
1617120380443 0.6708906577057414 343
1617120380620 0.6568781639676281 344
1617120380801 0.6592437062076268 345
1617120380986 0.6716268918102465 346
1617120381160 0.6546813914628934 347
1617120381338 0.6702995680739398 348
1617120381515 0.6676667139238492 349
1617120381703 0.6691490674328152 350
1617120381889 0.6695163180111292 351
1617120382087 0.6651588995405531 352
1617120382290 0.6744376822499949 353
1617120382479 0.6617131661844786 354
1617120382657 0.6659042145373115 355
1617120382845 0.6648746354866844 356
1617120383027 0.6692797654909124 357
1617120383218 0.6670686088105509 358
1617120383464 0.6657079353048398 359
1617120383641 0.6681552110083058 360
1617120383822 0.666627561792283 361
1617120384004 0.6711777281751299 362
1617120384188 0.66325436244592 363
1617120384376 0.6592750490563138 364
1617120384554 0.6652875057849112 365
1617120384747 0.668662763556212 366
1617120384975 0.6706071806166207 367
1617120385160 0.6695954391546187 368
1617120385336 0.6721538250313225 369
1617120385527 0.6731261106862437 370
1617120385760 0.6693378199748397 371
1617120385957 0.6669504583322011 372
1617120386132 0.673769950002983 373
1617120386368 0.6726868693428147 374
1617120386646 0.6702880161101569 375
1617120386961 0.665066673576404 376
1617120387140 0.6630205436368821 377
1617120387319 0.6704567300637486 378
1617120387513 0.6688247101986536 379
1617120387738 0.6722961157342363 380
1617120387930 0.6725651682093595 381
1617120388115 0.6690690656854011 382
1617120388304 0.6696876159095646 383
1617120388493 0.6751693728534911 384
1617120388686 0.6645377644749264 385
1617120388869 0.6691837879527579 386
1617120389046 0.6692474323401719 387
1617120389225 0.6620024315850398 388
1617120389445 0.6653004186035124 389
1617120389641 0.6731536362629683 390
1617120389833 0.6713573979411769 391
1617120390020 0.67444892464966 392
1617120390201 0.6720040280052124 393
1617120390376 0.6701526470212952 394
1617120390561 0.6676921542387393 395
1617120390752 0.6695667240123968 396
1617120390955 0.6714643341667278 397
1617120391152 0.6658781487849448 398
1617120391352 0.6692020248415027 399
1617120391532 0.6590301265316446 400
1617120391707 0.6631105959316725 401
1617120391960 0.6726916167877868 402
1617120392151 0.6680676565725864 403
1617120392349 0.6714095875184871 404
1617120392566 0.6716445611243317 405
1617120392767 0.6763171311421615 406
1617120392959 0.6662707864835122 407
1617120393139 0.6710423982023305 408
1617120393337 0.6691834545068869 409
1617120393526 0.6631900268593217 410
1617120393704 0.6561820534842715 411
1617120393906 0.6287466795992167 412
1617120394089 0.656004116685638 413
1617120394273 0.660584888275761 414
1617120394457 0.6649970081512717 415
1617120394651 0.6730565208445062 416
1617120394856 0.6705044197474367 417
1617120395054 0.6715113558666896 418
1617120395259 0.6677563486015669 419
1617120395444 0.6726218647915554 420
1617120395625 0.6674167885759441 421
1617120395805 0.6762124706319838 422
1617120395993 0.6699316876141235 423
1617120396170 0.6651097276519748 424
1617120396358 0.6712178795863475 425
1617120396537 0.6704887470408859 426
1617120396718 0.6729137818338033 427
1617120396905 0.6725298074536024 428
1617120397093 0.6711308841888923 429
1617120397275 0.6688629361828354 430
1617120397451 0.6707719683589575 431
1617120397629 0.6723749478330376 432
1617120397814 0.6732840388067316 433
1617120398014 0.6680544823317642 434
1617120398232 0.6730874126934887 435
1617120398409 0.6757523353989697 436
1617120398589 0.6730825173124371 437
1617120398769 0.6720319991278905 438
1617120398951 0.6736772255162293 439
1617120399136 0.66913444548434 440
1617120399318 0.6729345376562947 441
1617120399496 0.6705707405775316 442
1617120399673 0.6701035222443237 443
1617120399851 0.6673003624329868 444
1617120400042 0.6657579271212783 445
1617120400222 0.6668964647313952 446
1617120400400 0.6730878307341936 447
1617120400578 0.6728065054973712 448
1617120400758 0.6658009031169032 449
1617120400941 0.6766860525260273 450
1617120401115 0.6692258564067947 451
1617120401293 0.673415881879021 452
1617120401472 0.6709412590035279 453
1617120401651 0.667666237403387 454
1617120401829 0.6710908305811975 455
1617120402018 0.6753615745886432 456
1617120402196 0.6695817188868002 457
1617120402371 0.6558757216918709 458
1617120402550 0.662820779478109 459
1617120402728 0.6660837825473059 460
1617120402928 0.6734493161034196 461
1617120403124 0.6632565248869678 462
1617120403302 0.6670059478360252 463
1617120403479 0.6722101583653249 464
1617120403657 0.6703649995848022 465
1617120403843 0.6584106734351018 466
1617120404028 0.6692709146021744 467
1617120404208 0.6585367609750096 468
1617120404388 0.667959308905181 469
1617120404565 0.6671119770258789 470
1617120404745 0.6642589394065875 471
1617120404924 0.6742333457153573 472
1617120405100 0.674639749195475 473
1617120405280 0.6713958640569749 474
1617120405460 0.6762387817188287 475
1617120405638 0.6688178167664277 476
1617120405822 0.6714946433013393 477
1617120406010 0.6708316293241996 478
1617120406188 0.6716900117964729 479
1617120406363 0.6751608918861826 480
1617120406541 0.6713974674391937 481
1617120406727 0.6725971680622945 482
1617120406952 0.6728388295708656 483
1617120407130 0.6776347664112121 484
1617120407308 0.6664379882592046 485
1617120407485 0.6727526545454677 486
1617120407672 0.6738028371577561 487
1617120407860 0.6716466134847477 488
1617120408045 0.6701988890250924 489
1617120408223 0.6670005596719688 490
1617120408400 0.6639843492992603 491
1617120408580 0.6631134595951256 492
1617120408761 0.6745247354897024 493
1617120408942 0.6738639738520732 494
1617120409120 0.6702631768430428 495
1617120409305 0.6699597185450367 496
1617120409483 0.6692699572488382 497
1617120409668 0.6708497515895766 498
1617120409844 0.6745449501178951 499
