-2.18046875,9.61765625,-1.051875,5.217473475521791,4.699125165319172,3.142146894939032,-0.742963433608444,0.005619442498019437,-2.0263839425251993
-1.853125,9.209531250000001,-1.0259375,4.879862278730313,4.198888033488561,3.1189184417188196,-0.6543496189837473,-0.18198725581628034,-2.2380080805017477
-2.09625,9.5159375,-0.88375,4.254148526732465,3.543579016487956,2.9807735468331034,-0.9890329939478549,-0.13647740850322168,-2.051674559688861
-2.32234375,9.567656249999999,-0.8959375,5.034918613476879,4.085996949256808,3.4705815969508267,-0.885510355450761,-0.069109918680752,-2.1153501319179377
-2.3334375,9.49671875,-0.8696875000000001,4.944462881202947,4.369230858617845,3.003352277429964,-0.6361280198981667,-0.1202284571583237,-1.9160146370328655
-2.4370312500000004,9.235624999999999,-0.4203125000000001,4.554907271177256,3.5766507880103418,3.5693158346304616,-0.09576104788594449,-0.10647939048191356,-1.8671850349533083
-2.51078125,9.365156250000002,-0.5249999999999999,4.563352079573572,4.483719156636145,3.1357026724483936,-0.6900376873294212,0.030441015577191657,-2.22552174250039
-2.7953125,9.181249999999999,-0.49359375000000016,4.699198391996634,3.803392605621986,3.289847245308046,-0.0825648506509502,0.057076324097900914,-1.9990322256766677
-3.1528125000000005,9.35296875,-0.57046875,5.039029689815664,4.219338914335211,3.0863643810758052,-0.5584176979898131,0.07727608179824846,-1.834762062338285
-2.7525,9.139531250000001,-0.665625,5.230808075718321,4.319431179886241,3.166977993193985,-0.29851053428026236,0.15545153966449432,-1.5602129737451296
-2.98203125,9.171875,-0.87890625,4.4353921682894555,3.968934789005105,3.3085599762148696,-0.47624763258185715,0.1442352094010256,-0.9572070183994945
-3.01640625,9.3046875,-0.68578125,5.075067538709306,3.9796592068095165,3.246288652391903,-0.20782285348168303,0.15287862066937355,-1.6093739431549685
-3.0725,9.160625,-0.5503125,5.160510815316639,4.173770730331866,3.2036380534235995,-0.2508108187059577,0.2525904189820139,-2.1708589338588657
-3.2215625,9.295,-0.58078125,4.733901409893719,3.9316873763054967,3.301022239723392,-0.3148225062002774,0.159619726798267,-1.6251772938813762
-3.21671875,9.3709375,-0.60203125,5.031366009435056,3.8186236553362716,3.415840022823586,0.09856194840608717,0.011099588027381981,-1.8571631153404007
-3.16890625,9.351875,-0.65921875,4.557501754383748,3.824105236440938,3.245410848744491,-0.5780217083205015,0.05027118491310442,-1.834764611423804
-3.22546875,9.279062499999998,-0.6890625,5.054061772997382,3.9500564547983044,3.2894009327070104,-0.4086955647897051,0.13098302621577926,-2.0647497438061277
-2.9887499999999996,8.962031250000003,-0.4943749999999999,4.662020585272013,3.5494304911525503,3.163524475861535,0.04938885713199734,-0.19358484946968088,-1.4285776924990463
-3.5617187500000003,9.448906249999999,-0.7428125,5.269612638363321,3.859070936276105,3.456215627654581,-0.2521606946323563,0.2094048869506288,-1.5764672039086502
-3.4584374999999996,9.255312499999999,-0.7771875,4.417589210598214,3.000633770946356,2.924822894611527,-0.7768500016559508,0.04580656560982049,-1.8432843771081708
-3.455625,9.1959375,-0.6151562500000001,4.813095377132579,3.595398847289929,3.3544704277405604,-0.2506779950093812,0.22712740930319886,-1.649423641442026
-3.7245312499999996,9.0628125,-0.6215625,4.952484833926646,3.8619402785185257,3.41624666975231,0.025034705575022277,0.3228211988843871,-1.971232214962242
-3.36109375,9.21875,-0.57515625,4.895250924744404,4.098379062202519,3.244295470604664,-0.20810982350365817,0.19514611098221035,-2.3188604615336246
-3.11515625,9.03328125,-0.7865624999999999,5.621139506415575,4.279712700158556,3.7159357917748994,-0.2791926792514639,0.21001579184165362,-2.0581155238072495
-3.35,9.27125,-0.45453124999999994,5.111778372054094,4.53162067449384,3.270652137613145,-0.3466525183919544,0.24126912193245736,-1.924609604926238
-3.5146875,9.12,-0.53734375,4.743374645475914,3.5963557944118936,3.1033843633742726,-0.1952715042336117,0.14773606339768428,-1.9675954533328073
-3.41578125,9.415625,-0.7821874999999999,4.995029656032929,4.214813116779319,3.0466054207664883,-0.6173649977555805,0.20231425247946125,-2.2434273928579023
-3.09171875,8.764375000000001,-0.6273437500000001,4.99040095918138,4.215940314375311,3.244728052061673,-0.354338507606579,0.19570827840585966,-1.832331973652183
-3.3776562500000002,9.072656250000001,-0.81765625,5.222435896622948,4.232760344247704,3.4622309201345796,-0.22477167440044601,0.09293336953108036,-1.6036875791369325
-3.4809374999999996,9.158125,-0.4390624999999999,4.732592352093485,3.531239988923862,3.2279437721394326,-0.1830774852740348,0.17884978448057892,-1.789626436505449
-3.54390625,9.110781250000002,-0.735,5.184641868413954,3.8178799355333894,3.1928416027106636,-0.22034230110747652,0.24899097966490066,-2.1107682490404396
-3.5348437500000003,9.01171875,-0.51546875,4.66234483394203,3.867595972745659,3.182554462263519,-0.4775334920917652,0.3946793146829986,-1.8837578402839592
-3.7298437499999997,9.17828125,-0.7042187500000001,5.3873061137349465,4.323004797984665,3.339650433001699,-0.2273134533552602,0.16358504624251038,-2.2891556137814413
-3.3343749999999996,9.21296875,-0.5546875,5.097194655825398,3.635902432550059,3.441405040436791,-0.10209434591507482,0.10051630341470442,-1.9729327236261602
-3.4145312500000005,9.111718750000001,-0.53890625,5.295899336304783,4.193549568491881,3.543717644114855,-0.33158840188471433,0.1967435371858645,-2.1027485991689607
-3.59140625,9.080781250000001,-0.7279687499999999,5.034694587058974,4.0668285803742,3.472269241652127,-0.4750612712372722,0.15544942984541246,-1.7451836624385257
-3.2874999999999996,9.20515625,-0.53921875,5.349808115717797,4.276992222998065,3.525358716095206,0.051166382089736374,0.2523052658077404,-2.0681831139421085
-3.0346875000000004,9.349687500000002,-0.673125,5.091170042568186,4.340533150126117,3.4985688480255748,-0.10864999334229565,0.2062663232005612,-1.9199651521253098
-2.8146875,9.498750000000001,-0.94296875,4.8504419801028185,4.143456249014825,3.1588767187124347,-0.44222938826261415,0.40811457035845206,-1.6882311954034703
-2.45734375,9.7296875,-0.7962500000000001,4.815725296550452,4.005150968108911,3.6344559857700847,-0.266924213404991,0.011749408338940136,-2.024181981799842
-2.2254687499999997,10.4434375,-0.8309375,4.795346679883889,4.047856770390196,3.350413555979881,0.09609376364170982,-0.09816266317321393,-1.4106450352697986
-1.50140625,9.71390625,-0.6082812500000001,5.251227197994859,4.974615442796653,3.9631673549571986,-0.3543913665005496,-0.1381775703414237,-1.7505318571868593
-0.7953125000000001,9.723906249999999,-0.66953125,5.650800266541346,4.715418067755068,4.4398977429410955,-0.41175616370940143,-0.09946581524651156,-1.362821452930841
-0.49484375,10.19890625,-0.2490624999999999,5.04632879929419,4.314715777569936,4.397247618805854,-0.9374605973158092,-0.06724145990340867,-1.0736676120220237
0.92359375,10.076562500000001,1.9687499999999998,5.397319174595935,4.775315178979682,5.378286349991045,-0.9042311463497615,-0.33579625048413353,-0.8582461226483816
0.49890624999999994,10.1290625,0.5318750000000001,5.405090516467872,5.370845405622261,4.70658344602271,-0.3472045232691892,-0.40458881841138733,-0.8147911001121015
1.146875,10.0103125,0.44109375,4.816216381598215,5.454267242475725,4.449381318364491,-0.2922422678161166,-0.597044610456945,-0.4733542211311867
1.06359375,9.5221875,0.48453124999999997,5.03774514514787,4.934136344371095,4.747413417354069,-0.2988206023830811,-0.287599329782,-0.588916119382974
1.43703125,9.92703125,0.7907812499999999,5.070583570854882,5.021558112182258,4.7670566471512,-0.13895904061020115,-0.37005676516793024,-0.46905689781950716
1.0671875,9.91046875,0.5145312499999999,5.362097440819567,4.913363292366385,4.760377128471382,-0.710634107725731,-0.14239806557760007,-0.7995494593806971
0.5362499999999999,10.7734375,-0.4071875,5.459392565798873,5.598999971744396,4.255319270024724,-0.5826692031720001,-0.4848149228189256,-1.0414241555009358
1.1535937500000002,10.19546875,0.43999999999999995,5.23068332270851,5.444675417807147,4.588526792446569,-0.4025162256260986,-0.5659852913422001,-0.2824004163285912
1.21078125,9.561250000000001,0.651875,5.2980926121717085,5.395680998493146,4.5083443035525805,-0.6823564891687928,-0.24234977924086099,-0.8644218711936196
1.2571875000000001,10.791875000000001,0.46234374999999983,5.591777576481718,5.149445320553953,4.648372276328128,-0.760511556480866,-0.4353312355505651,-0.8754455096435536
1.0848437499999997,9.99,0.62140625,5.552034816226024,5.346808627583374,4.742741120381856,-0.6092469394433505,-0.22776509590166574,-0.6378904022114746
1.033125,9.884062499999999,0.6062500000000001,4.868206123345128,4.731682681255554,4.544582798508571,-0.4158792553583226,-0.20769378806238034,-0.5471442150057948
0.774375,10.042343749999999,0.6034375000000001,5.863483359691148,5.705458390378107,4.786766333715669,-0.3088838404435123,-0.5177119966867251,-1.2479694662338396
1.01984375,9.96796875,0.7196875,4.850402848020558,4.9312549682128015,4.545454105735064,-0.27337927025679243,-0.44575814027862215,-0.4050144986460431
1.18203125,9.7425,0.80828125,4.565553491803971,5.114440035331336,4.514165397213358,-0.44891349493898186,-0.358713288741798,-0.5626398961092324
0.5778125000000001,10.2734375,-0.09046875000000004,5.8244118449714515,5.359440333056591,5.503803352480305,-0.27077015309271807,-0.5330506610953124,-0.7999945185306032
0.9954687499999999,9.72453125,0.18375000000000008,5.491766829106407,5.141505716254086,4.268707174016508,-0.433260853527912,-0.1927522787874794,-0.7801431293060112
0.5809375000000001,10.08546875,0.5346875,5.363766085605687,5.1673729815326315,4.685513568686335,-0.5966050333721888,-0.36976940550948884,-0.8753975967754765
0.79390625,9.83375,0.3971874999999999,5.123146804329439,5.228371071614944,4.697346148608142,-0.3589203755931554,-0.31709848748670977,-0.531796973871814
0.93640625,9.8171875,0.6475,4.645495589542728,4.647904591301735,4.458900859516838,-0.007331932103822384,-0.48097569375396465,-0.47642629037142564
0.7534375,9.90140625,0.8596875,5.2917439288568895,4.8456371701728695,4.234860892325006,-0.06316682304018371,-0.3836467420110193,-0.5193822530156135
0.8214062499999999,10.17953125,0.45875000000000016,5.549262582538416,5.402069750824533,4.638815008975891,-0.29379524721736,-0.2456199941161455,-0.8481213647276263
0.9039062499999999,9.5290625,0.824375,4.952468960398534,4.869036968035235,4.675413041579857,-0.12430038105758633,-0.3871007752370865,-0.5929245591983017
0.63625,9.803593750000001,0.4270312500000001,5.436321280286881,5.25820471001852,5.187236643823322,-0.43034376396832735,-0.25509271035552783,-0.6452038601599507
0.9306249999999999,9.89,0.8201562500000001,5.468256084838657,5.489081207269574,4.984110844783244,-0.10310322622686507,-0.6854394579351967,-0.38397704416010536
0.48609375000000005,9.88359375,0.6671875,5.399399161361469,5.1955781581515,4.553073298865696,-0.26999351093719376,-0.4578178139823768,-0.777760345482204
0.55328125,9.9015625,0.51328125,4.826075351245403,4.737222029691426,4.614615048506044,0.14810903927957983,-0.4331550518669023,-0.3085899503360894
0.68,10.27828125,0.39218749999999986,5.172517822588918,5.020923270017024,4.619922709293279,-0.5858794975442649,-0.1953086844659278,-0.840493823078898
0.5950000000000002,10.054375,0.40734375000000006,4.989780806809052,4.666521682085598,4.347061594552801,-0.8486300341688297,-0.21335586991773706,-0.5620352842774797
0.7371875,9.7065625,0.3925000000000001,4.811139245526339,4.921469616242058,3.9579354624601955,-0.6271677342687648,-0.19593766909871949,-0.5671297859032225
0.8389062500000002,9.71515625,0.4859375,5.549727503779887,5.04635418897504,4.12594372490631,-0.22222179394957586,-0.3024618138250571,-0.8535153463760825
0.58265625,9.96953125,0.3528125,6.221390580636771,5.554038066377781,4.634868683667721,-0.2933701690839698,-0.34198876779804777,-0.639617628686521
0.8915625,9.834531250000001,1.2359375,5.238436735667785,5.14832707345536,5.116762806804098,-0.03765101219178235,-0.24778179956855748,0.062135029903768596
0.6278125,10.03859375,0.67125,5.309687334471188,4.781214498949084,4.454604534916652,-0.3146167587328628,-0.22919044454264403,-0.7297102950330446
0.4981249999999999,9.953125000000002,0.57703125,5.484388603971731,4.997508089975943,4.4370681760621435,-0.2589970694766593,-0.17765937011492458,-0.48618728426931
0.2881250000000001,10.278281250000001,0.41203124999999996,5.848727125142273,5.450472902271732,4.491834320355487,-0.48389500854468154,-0.356092709030499,-0.9712307101419281
0.5440625,10.16703125,0.5299999999999999,5.589176962764173,5.19854747732705,4.4443974563488355,-0.5859866278567786,-0.3877387164608409,-0.806159696420621
0.651875,9.740937500000001,0.44031249999999994,5.81897351208742,5.648293359156706,4.686582566470343,-0.45522833718483957,-0.23023699026601394,-0.3779770134194605
0.7704687499999998,9.9278125,0.4084375,5.957747694621974,5.189383534182432,4.320870578783141,-0.13317038007572038,-0.21006297083344874,-0.5073932473878164
0.6834375000000001,10.008281250000001,0.3578124999999999,5.582251511137218,5.046272001031894,4.410456137390298,-0.23433946286849458,-0.1483901164928549,-0.5142146242216041
0.38187499999999996,9.9871875,0.43000000000000005,5.9609350344031595,5.35403307935651,4.449972963401014,-0.43474323102461054,-0.1763739945307097,-0.9064618829810593
0.19296874999999997,10.2209375,0.23484375000000002,5.792488044788995,4.764391264484241,4.416916342380274,-0.16124864958077262,-0.2420219992891205,-0.6687451451936
0.41671875,10.141875,0.3923437500000001,5.898621675518649,5.324868212864521,4.525747086872612,-0.39067779418546933,-0.1901222829210618,-1.1318051653007783
0.7064062499999999,9.65265625,0.62875,4.921656341869162,4.998682402077165,4.658187516352256,-0.32185065961143045,-0.23698593785820676,-0.42293622049475227
0.454375,10.076718750000001,0.12812499999999988,6.097935325532323,5.4152172898138105,4.796936807419397,-0.4435388204201287,-0.3524380980303004,-0.6418228142923642
0.43671875000000004,9.904062499999998,0.8982812500000001,5.49212818913565,5.1999599513932555,4.47146283204931,-0.5159145941040163,-0.251851376459698,-0.7090142643846928
0.21937499999999988,9.99640625,0.44921874999999994,5.572929513225068,5.137694755185533,4.559158812450871,-0.3292008048657039,-0.444684513491595,-0.24042158870106373
0.3668749999999999,10.4103125,0.40218750000000003,5.628019987915377,5.592982201146697,4.547599802625968,-0.5933575627414704,-0.3405606054421252,-0.6000403277984211
0.8796875000000001,9.427187499999999,0.643125,5.462850094258834,5.557192824605221,4.501737121309396,-0.6183323962764932,-0.23087694618995577,-0.6066603364729587
0.48015624999999995,9.9128125,0.4750000000000001,5.8938138894171015,5.704833879250451,4.966336678075702,-0.5120884066024357,-0.3057326953237262,-0.6024646648424036
0.5990625,9.9221875,0.8882812500000001,5.863168596935768,5.487048805126828,4.62880402840717,-0.12633634966163845,-0.1332275758033915,-0.38808696579288626
0.24921875,10.09734375,1.0335937499999999,5.115907270675304,5.138141761068483,4.225345166073529,-0.48298917361898974,-0.29586905036334393,-0.6831878779961218
1.0265625,9.609375,1.14640625,5.446039047655988,5.52778857088212,4.753458401254916,-0.3487093873814272,-0.46068754719103316,0.04329597423510589
0.78734375,10.07515625,0.48390625,6.082048699396934,5.4531395751058795,4.778161132037192,-0.5282729585867267,-0.014246665092887082,-0.6621357009391371
0.025781250000000033,10.32265625,0.6471875,5.896828015098324,5.413807071445744,4.980509031699847,-0.5684097800422913,-0.34858267307482327,-0.7754216002442246
0.20999999999999985,10.37296875,0.4603125,5.8992523361015845,5.073168906021506,4.275414807634897,-0.43943536568098707,-0.24555205391430723,-0.702431533623952
0.28359375000000003,10.1525,0.4240624999999999,6.008821735370499,5.716601918972494,4.943487736011262,-0.417754500093291,-0.5531078727495562,-0.6039640114841681
0.9164062499999999,9.5459375,0.88578125,5.175591562561804,5.12127508498555,4.340895214658889,-0.518766232977105,-0.16524977543586983,-0.428396939526461
0.59453125,9.9771875,0.3489062500000001,6.183294259961548,5.17886252857167,4.876023007145366,-0.48920469566371866,0.04688199739062624,-0.5861501921896971
0.5434375,10.065625,0.83921875,5.378276100070891,4.997966109766551,4.570082502225582,-0.5862882219982009,-0.2405300984371194,-0.1974200500569695
0.4765624999999998,9.9221875,0.5973437500000001,5.797967914156971,5.008748742434956,4.522994459629144,-0.4606777287458965,-0.08406617138701553,-0.8350599680871912
0.13656249999999992,10.2296875,0.0635937499999999,5.8613490924525005,4.8532849599362855,4.116818540749755,-0.34271509733601596,-0.1595449946931441,-0.7096325174056427
0.22937499999999997,10.17203125,0.022812499999999902,5.168897027836306,4.640511549013044,4.635647699064689,0.2111422096152048,-0.2861822774271827,-0.34488964493011787
0.49859374999999984,10.069375,0.415625,5.198319700630285,4.420511804008106,4.01495013784418,-0.8024443580994444,-0.07736443128581659,-0.6491557253822512
0.18828125000000015,10.31375,0.2803125,4.541127528863116,3.7347839211258256,3.4325905708872053,-0.6254076294805943,0.12622792919730705,-0.4792508963568933
2.095625,8.84,1.3606250000000002,7.837562175790059,7.954366725264809,3.6588069584736225,-0.08977469107256071,-0.26667957700447115,-0.5161629979301082
2.1273437499999996,8.615781250000001,0.96828125,9.444236377645147,8.284127293484115,5.853796725920574,-0.3597010185769338,-0.12781714961120177,-0.5081993335480436
2.033125,8.294374999999999,0.4917187499999999,9.462103009340735,7.962397737765616,6.337227941568651,-0.36928216900678323,-0.16255973143448688,-0.044004607498368695
1.154375,7.94390625,1.16921875,8.249767586688428,8.321589882871598,6.169558408196525,-0.2850675115424108,-0.12503081698981083,-0.21696637500160862
1.07203125,8.9378125,0.9554687500000001,8.858556276929297,7.773518039783773,6.466070080062034,-0.2849203019835073,-0.31177281809990987,-0.5802461836676654
1.30421875,8.12984375,0.3715624999999999,7.544899726944583,7.480153844546644,6.577453491556877,-0.4457827288859542,-0.032213450199910273,-0.12278130030777576
1.0110937500000001,8.46953125,0.365,9.585262958897422,8.576410676546072,5.861679046996688,-0.31192181188118556,-0.2262681698502795,-0.12951430320982354
1.3065625,8.9653125,0.38421875000000005,8.526177744663416,7.527259621027014,6.720747215871791,-0.3542849210541335,-0.035377483152363436,-0.32468001347250486
0.9628124999999997,8.9940625,0.43531250000000005,8.717807828797545,7.590584982140292,5.950376555508378,-0.38191697239785616,-0.20300035736437028,0.012213251774944719
1.1146875,8.9671875,-0.033281249999999984,9.000253810440222,7.912562691052991,6.220948243306517,-0.2868031590754547,-0.25675536223962026,-0.37850943385555985
1.466875,8.894375,0.43687499999999985,8.694781638107711,7.645828289621406,5.541880286452876,-0.24886321407096024,-0.20777106592464073,0.11928255999560133
0.8103125000000001,8.478437500000002,-0.22999999999999998,9.34950532928581,7.643239500276944,6.006357569276075,-0.07965721962688369,-0.11636807617999101,-0.597464720964016
1.3662500000000002,8.138906250000002,0.014062499999999978,7.971751983566724,8.848842282536792,6.366071865451548,-0.26033381864164606,-0.19493016572432942,-0.276349696829212
0.5431249999999999,7.928593749999999,-0.07921875000000003,9.297231085617643,8.690719883010898,6.239689571777464,-0.1776805242486558,-0.2342707512221577,-0.31414147100021994
1.58984375,8.76375,0.02625000000000008,8.613917425485687,7.863672706661944,6.567336432108531,-0.387480337522237,-0.2310623001589352,-0.5952851218691773
1.2049999999999998,8.4934375,-0.07406249999999999,9.68380106802076,8.243864995170274,5.659578639006066,-0.3652577149942913,-0.25094896471654937,0.08731414568545742
1.696875,8.167031249999999,0.25218749999999995,9.302754443409489,7.929461220601526,6.670294565447897,-0.37160330203061487,-0.1999680005488723,-0.4540104652563457
0.6671874999999999,8.71921875,0.7371875,9.434979707972019,8.177866337080133,5.46545385488193,-0.3155221274806063,-0.38444734075874687,-0.04699224529899449
1.17609375,8.763437500000002,0.11953124999999999,8.258074385334085,7.816895207407718,6.731100028433201,-0.2446551295273088,-0.25445602209878987,-0.519341110315642
0.8418749999999999,8.7234375,0.18531250000000007,9.436485686386378,7.66255285845349,5.435040814229802,-0.31703161535780783,-0.2615776536992982,-0.28535202977884805
0.8118749999999999,8.20734375,0.055781250000000004,9.918119761798351,8.015087188037066,5.912904797106786,-0.3009878380438554,-0.06112539930062019,-0.15702199045366685
1.7584375000000003,8.38046875,0.526875,9.213950397825775,8.313491375034525,6.626047765023657,-0.6623304154106873,-0.29952182648026987,-0.6321061528444671
0.9159375000000001,8.23484375,-0.26156249999999986,9.406015648035769,7.751942496922042,6.007795253551319,-0.1521678885808351,-0.2262978005623355,-0.25174047801437643
1.7884375000000001,8.35203125,-0.2262500000000001,9.048073555105184,8.3421065197301,6.375703760174245,-0.3201945796722855,-0.10297987329210324,-0.7731989294904432
1.3154687500000002,8.56578125,-0.36062499999999986,9.879472710133545,7.732827911873407,6.54916284607239,-0.3071699813253168,-0.32861218501968326,-0.010495668070846453
1.6585937499999999,8.48453125,-0.49656249999999996,9.008107609812448,7.939126197527877,6.814305774148512,-0.3957651382761843,-0.10930548826904973,-0.4877860735725697
1.0982812499999999,8.75734375,-0.27687499999999987,9.526744517850704,7.658654467779307,6.073100751212267,-0.15154592772034614,-0.2522509356671892,-0.30267734736073276
1.2824999999999998,8.8421875,0.05578124999999998,9.943571415743943,8.809845427976802,6.783652179294604,-0.3544613923853858,-0.41246125638673564,-0.3043921591599249
1.8745312499999998,8.87328125,0.03734375000000001,9.42591241102279,8.189990089792444,5.694060568420039,-0.5125699957482512,-0.22531015091523052,-0.005746092282156553
0.9446875000000002,8.000781250000001,-0.21421875000000004,9.04263442821525,7.924144730010201,6.647103176546039,-0.28827317709086964,0.042859997208884844,-0.7633276537476964
2.0721875,8.5853125,-0.4125,9.940033398577881,8.17447685037665,6.363171870223215,-0.4337525348782809,-0.2776084212644639,-0.4175781445422884
1.3343749999999999,8.87453125,0.14734374999999988,9.178851520444974,7.765144865375883,6.029177815576178,-0.28975661386656687,-0.3158296577650638,0.09635844644366554
1.56796875,8.697968750000001,-0.5085937500000002,9.70811985847535,7.751298516153499,5.940243278684884,-0.29061542636024595,-0.24043299301679838,-0.437545200924857
1.8992187500000002,8.731093750000001,0.6203125,9.045456266941345,7.860770103253938,6.951660541003405,-0.4120332475644717,-0.2137713196168064,-0.5050745541049649
1.5881249999999998,8.438125000000001,-0.6939062500000001,9.794023668001573,7.883167565095582,5.811986971226874,-0.4134019286429869,-0.07208507352374192,0.21272905761171393
1.41109375,8.9375,0.0715625000000002,10.102295394671993,7.771812248439871,6.559419567202097,-0.16771771384036863,-0.3327226486114911,-0.42806837797549113
1.8321874999999999,8.59359375,-0.4773437500000002,10.475624752960739,8.209711164070326,5.996112084662522,-0.23705407668818676,-0.23587360974384267,0.10813697161602576
1.2595312499999998,8.7878125,-0.22953124999999996,9.37686388633073,8.823551663862105,6.640119170073188,-0.3507259031180579,-0.31958603677054764,-0.05794436558790935
1.85046875,8.529375,-0.09734375000000012,9.983363102821285,8.165574626710297,5.528246852017006,-0.43249738135429694,-0.2973292523674482,-0.31393459075604363
1.4100000000000001,8.287812500000001,-0.35578125,9.661678166861076,7.878887823788568,5.889859348036117,-0.16240024195893055,-0.22064007718785575,-0.41878463844139274
2.0596875,8.735624999999999,0.0640625,9.627534563809354,7.625186857341595,5.759386012943892,-0.5396597256481374,-0.2838997591591425,-0.496979020754973
2.0028125,9.030625,-0.35968749999999994,9.654875787126613,8.386290314219691,6.100572711011955,-0.3307447392078464,-0.33949908094608866,-0.4359692039729823
1.26703125,8.0971875,-0.3482812500000001,10.374547381646268,7.679101808795333,5.589131069173314,-0.38735523088330154,-0.13628799044333575,-0.16741622190330815
1.803125,8.07015625,0.30843750000000003,9.12478559251531,8.578350018394326,6.027799717441991,-0.4867221466479501,-0.3276804389338599,-0.5450157973371205
0.75375,8.232343750000002,0.15640625000000014,9.460059212948934,8.779589565824585,5.7307919302188015,-0.2922081436238927,-0.2694523266310027,-0.348360754294901
1.17609375,8.48703125,-0.0885937500000002,9.176481082294615,8.322227706511246,6.395289738155804,-0.2426234918001633,-0.22938517880760823,-0.5588455060834587
1.5228125000000001,8.7015625,0.11812500000000012,9.645973167070483,8.581990084391485,6.002311501361372,-0.4050500313229413,-0.3070174088181543,-0.27862371892876603
1.05578125,8.29125,-0.49,9.987337890531613,8.601539560596116,6.389403336775665,-0.28714301655013713,-0.26193925187370565,-0.4285851115123996
1.2939062500000003,8.60140625,-0.5528124999999999,9.905497150759821,8.410462209947854,6.560893962703845,-0.4255273425336548,-0.4250951021906805,-0.392324915747084
1.08234375,8.380781249999998,-0.11859375000000011,10.08674420064948,8.5389272790643,6.615556445603117,-0.2898711939749373,-0.3981940713989172,-0.18062117779981227
1.400625,8.20890625,-0.580625,9.697340626912876,8.913578671959481,6.317893457029408,-0.35648753789368387,-0.2436828702497889,-0.07819827186483211
1.5803125000000002,7.750156250000001,-0.5546875,10.166793983471079,8.55710934183302,6.192771736253787,-0.28548892500969025,-0.20620409312519894,-0.3885582013819114
1.0325000000000002,8.26390625,-0.6799999999999999,9.666027978182145,8.43746733645298,6.13297516504021,-0.29449569167186856,-0.29332777558824885,-0.036058204869517656
1.6184375,8.511875,-0.9254687500000001,10.051466655846486,8.40268072458873,5.691629525476288,-0.5394568846015596,-0.24616354783734726,-0.3225634639916959
2.14828125,8.135,-0.48609375000000016,9.572605372018552,8.319635283472469,6.1231126217562695,-0.44068570923751477,-0.2303690565188009,-0.6325278179311166
1.3309375,8.182656249999999,-0.653125,9.824059229569707,8.401697790139558,6.636833505850135,-0.39581582479253274,-0.21962743567108295,-0.421636960117324
1.54265625,8.43125,-0.7870312499999998,10.207190976553537,8.45326684261771,6.4484398984578775,-0.27849971548121916,-0.32578728251255745,-0.6634767136740265
1.65953125,8.48328125,-0.6651562499999999,9.828160819439894,8.528448359514082,6.498825132328608,-0.2867291861329359,-0.27522870694316826,-0.5874710863824297
1.255,7.569999999999999,-1.23625,9.784713843541875,8.935713807525396,6.893690389588149,-0.17863418673835302,-0.19512924775520915,-0.6249169239442988
2.23140625,8.39390625,-0.6423437500000001,10.449834308971647,8.615180754268069,6.310456783730948,-0.5051222124595681,-0.29203733020266476,-0.14014140775820547
1.5417187499999998,7.66578125,-0.8328125,9.446344126613134,8.700322696006651,6.54840497486554,-0.4395600778145846,-0.1971484927137626,-0.4215751505340283
1.8334375,8.0475,-0.90640625,10.29127986737285,8.892861954961406,6.766254818765026,-0.2958913262063898,-0.2633248988989033,-0.5236306374291192
2.1365625,7.930781250000001,-0.8410937500000002,10.237175852430871,8.848217035208192,6.409547838280867,-0.4041163273779992,-0.18548221939778456,-0.3300275274625322
1.3693749999999998,7.76578125,-1.5221875,10.506450529763846,8.508352294342803,6.51864332816605,-0.30152813208941465,-0.2922888222819263,-0.4157753507811897
1.84234375,7.65515625,-1.2532812500000001,10.452545853491193,8.830031142390492,6.700191940974411,-0.2537824345680362,-0.1882311728580576,-0.6891835534827581
1.43109375,8.107968750000001,-0.09687500000000004,8.769916283306868,8.22539782086699,5.868807873782801,-0.5123660589057308,-0.12612032717934535,-0.17297350752415622
0.86640625,8.47765625,0.34734374999999995,8.85705869052819,8.164925700478598,5.4500631424632076,-0.28835609764974096,-0.10487340175832856,-0.4817569374942314
1.28125,8.944375,0.3690625000000001,8.474121543705872,7.901390675657988,6.034020404845657,-0.45144632061461104,-0.33723766984571113,-0.7181429286031074
1.71875,8.73921875,0.5078125,9.8316746570714,8.470142653884198,5.506907159635411,-0.2644634942802086,-0.4979526089997249,0.05312658082225192
1.15234375,8.19390625,-0.18312499999999998,9.76413090445514,8.171106224294904,6.953312806452403,-0.21916950295103932,-0.23721737810303745,-0.752047731755033
2.20515625,8.5415625,-0.41859375000000004,10.098133489689367,8.214314148703696,6.256537797373316,-0.38597100940731904,-0.260205335500393,-0.507655840301179
1.90390625,8.2571875,-0.6520312500000002,9.803783328578358,8.469301083315184,6.125189838815074,-0.2240194854046278,-0.31397300988604504,-0.2562760096738511
1.4290625000000001,8.1890625,-0.8312499999999999,9.858500728868146,8.183131032562887,6.2112044675328475,-0.3474233461526511,-0.16989009238975122,-0.43707191985158483
2.156875,8.51484375,0.24812499999999998,8.784414265298228,8.269026543407993,5.582581693031908,-0.3113029801226902,-0.12588313725658554,-1.120931754006736
2.5378125,8.134375,-0.2215625000000001,9.976891967934892,8.217542568151076,6.2038280064484175,-0.6501746227541123,-0.20612881559088664,-0.8024333563155371
1.3496875,8.18578125,-0.480625,9.80359499889422,8.24698407083756,6.36003338115257,-0.15678759096586795,-0.2037377710650621,-0.07845169440628641
2.52453125,8.758437500000001,-0.9537500000000001,10.424097822127028,7.698453825840209,6.617710494385501,-0.5432432259783473,-0.2731048579476914,-0.8535105957247928
2.70203125,8.4359375,-0.6592187499999999,9.983039394970023,8.804907849949013,5.837687712369379,-0.719097735327499,-0.31776345527440286,-0.4794774363178772
2.72515625,5.0690625,0.17562500000000003,8.981315499445833,8.819674689074066,9.29942133196335,-0.3158253816497093,-0.10698314803299075,-0.155300649110645
1.9710937499999999,8.4590625,-0.02031250000000001,9.365549089146398,8.630484256175533,6.617976222180293,-0.47854911259359595,-0.39928256804218604,-0.8097298663659075
2.65625,9.91375,0.6682812499999999,6.334032458671174,6.305945731014501,5.117493452208653,-0.2882594510030634,-0.5266906344491038,0.24285151137149022
2.13671875,9.84015625,-0.2096874999999999,7.12786018352622,5.601655305629394,5.85264095535885,-0.04914336285117129,-0.5799964433589025,0.43683081629155956
2.0000000000000004,9.99859375,-0.2532812499999999,6.610238507421649,5.855884825110628,6.2050403037287705,0.20654118350390221,-0.3515251082578348,0.7529606372434885
2.45375,9.697812500000001,0.26156249999999986,8.227065565102786,7.152584862470612,5.8737177373954355,-0.38576426802885105,-0.36799739472216914,0.5352341396638938
2.0454687499999995,8.3346875,-0.5584375,10.170612065174517,8.078511807712097,6.468974324310907,-0.4737051070606702,-0.22492642278550834,-0.551463587156294
2.1825,8.6609375,0.006093750000000009,8.913486095518408,7.68935683240762,6.165568358124897,-0.2408628625240764,-0.2901142894550613,-0.3441806705948143
1.5903125,9.776562499999999,-0.24187500000000012,6.790534075265638,5.68195147450185,5.804699032626498,0.2212459615582587,-0.2164946745280396,1.0509090093379867
2.32265625,9.754999999999999,0.609375,6.448555856301157,4.898658298452751,5.292096369528337,-0.149479710331581,0.07050095539278275,0.7998255854721887
2.54875,10.39203125,0.336875,6.476798857267377,4.989321778711354,5.1710969203230945,0.13727547246391572,-0.07726505819169992,1.1642941073132491
2.0895312500000003,9.893593749999999,0.17000000000000007,6.095125724115413,5.132521422016759,5.393241719967686,0.21790918037386545,-0.09006858102681092,1.0723566559114963
2.26140625,10.18734375,0.1973437500000001,6.413195349040985,5.29463621336121,5.4781535558832175,0.05130584720701002,-0.18065020270803978,0.8867681779785718
2.44328125,9.99609375,0.2315624999999999,6.00513583700639,4.783388448967002,4.966663624466001,0.09358588701704168,-0.06490414584342022,1.2087887034417473
2.30859375,10.3384375,0.16937500000000003,6.327738010929414,5.3132823596712555,5.082002212157626,0.16439633353332295,-0.1875009302420278,0.990874881058334
2.09703125,9.76921875,0.040468749999999956,6.254597978609291,4.950774972380429,5.0086136522767895,0.4386415089491561,0.12235128162356247,1.437825028472016
1.87203125,10.225,0.4876562499999999,6.405293265067841,5.00131232777958,5.223064456747202,0.19388345548284294,-0.13810981324837138,1.132369131227823
2.3618750000000004,10.114687499999999,0.3076562500000001,6.133565152859713,4.554958825537697,4.804285763184361,-0.07041323857461543,0.13578367769518723,1.0649634829378258
2.38765625,10.19359375,0.2785937499999999,5.850128134864734,4.600576175595937,4.902438126581603,0.11726157007730872,0.014040347660405223,1.1547519028908726
2.41203125,10.3275,0.14515625000000004,5.513544736512386,4.315583680106319,5.27398538589044,0.11343695197081848,-0.0337181833951961,0.7441931779599432
1.7596875,9.73828125,-0.21890625000000014,5.778205541285612,4.3208117563021,4.906362934110249,0.030992829956887718,-0.02783945540007843,0.833125199397282
2.1193750000000002,9.997812500000002,0.20281249999999984,6.401906911957952,4.804216399668499,5.253813040530064,0.2113131424015334,0.18188670974717736,1.2402024600064836
2.3915625,10.1459375,0.07624999999999993,6.119193987658322,4.604248621772476,4.8881855337640365,0.04152430346861327,0.04520776102749476,1.0491078347084921
3.094642857142857,10.487857142857147,0.26142857142857123,5.317280106369406,3.6180463918912857,4.586993813479364,-0.38849529900755037,0.015232139355948705,0.3239053398396627
