1621395152949 0.4727048828631029 0
1621395153273 0.4778966279600722 1
1621395153565 0.49517908945624195 2
1621395153883 0.5107796240828518 3
1621395154297 0.5086815302377664 4
1621395154669 0.5190979614732514 5
1621395154969 0.5201138964780073 6
1621395155311 0.5265751156527783 7
1621395155674 0.5246934241291504 8
1621395155981 0.5203852055706136 9
1621395156407 0.5236828329935219 10
1621395156859 0.5248717374981781 11
1621395157186 0.5255089161849094 12
1621395157441 0.5212216490507819 13
1621395157699 0.5201286809712219 14
1621395157953 0.5281319477724968 15
1621395158215 0.5191386489205413 16
1621395158525 0.5286252537231741 17
1621395158813 0.5203721594861104 18
1621395159052 0.5243028840609155 19
1621395159284 0.5238020317815331 20
1621395159534 0.5239560327896993 21
1621395159794 0.5141039715621321 22
1621395160034 0.529579841035599 23
1621395160293 0.525063642307166 24
1621395160539 0.5217341812645602 25
1621395160814 0.5317982986253907 26
1621395161055 0.5195395466999405 27
1621395161316 0.5267085906511659 28
1621395161564 0.52529921007363 29
1621395161806 0.5225567160362335 30
1621395162038 0.5164253709013515 31
1621395162269 0.5278417975102235 32
1621395162506 0.5278200654598129 33
1621395162747 0.5321099456744646 34
1621395162982 0.5240721749813544 35
1621395163221 0.5237330158781511 36
1621395163460 0.537277235530348 37
1621395163726 0.5277376263109874 38
1621395163959 0.5301255570120482 39
1621395164195 0.5317155594043451 40
1621395164427 0.52725804322033 41
1621395164668 0.534340990860693 42
1621395164908 0.5370357857489236 43
1621395165141 0.5395240117524907 44
1621395165379 0.5403025938590608 45
1621395165613 0.5280788424990381 46
1621395165849 0.5392602779744335 47
1621395166136 0.5454951832673338 48
1621395166519 0.5316148100289954 49
