4.18640625,7.614531250000001,1.9832812499999999,2.070555758114458,2.488048890249835,2.4428064384839083,-0.16400367890382883,0.1906415364593733,0.18303016230376876
2.9184374999999996,8.49921875,0.6607812500000001,3.852302565816158,3.4333066717303944,3.521604439335633,0.32631780391270343,0.5070274573927396,1.5352991542537047
2.00234375,8.99625,1.3846874999999998,3.1153660209253,3.92854517442526,4.228301213530529,-0.24153911239641077,0.2633664370739128,1.3812275194721726
1.970625,8.6428125,1.03171875,3.1273450576127666,4.277652126440829,4.605220731235197,0.08395977355836173,0.3836572693129983,1.613322031444836
1.2946874999999998,8.692968749999999,0.9740625,2.9625880623778507,4.090113338774787,4.1871233855827255,0.035358775746429684,0.08269025416184053,1.4825300525868628
0.8399999999999999,9.2525,0.6309374999999999,2.7770909914873156,4.2824664330266495,4.160815619694503,0.6610593928184512,0.00837039393822675,1.609687610334007
-0.20265625000000004,9.471093750000001,1.255625,3.023913669706187,4.110306450401349,4.619088071186238,0.9916713245590769,0.10017762526709251,1.3620903186522273
-1.24359375,9.13765625,1.08453125,3.6674588303702795,4.15681621789272,4.964098272120873,0.10733546804408788,-0.21280610775606257,1.5187665866089288
-2.45140625,8.525781249999998,0.6656249999999999,3.8662877330794894,4.282528387488919,4.430046513229291,-0.6581988035665647,0.2689659306543295,1.3506661733997014
-6.0795312500000005,7.287343750000001,1.2803125,3.4028932679079777,3.6812176323651307,4.118984617274474,-0.866656766365663,0.36235379794299294,0.774350953672059
-6.413125,6.7925,1.1290624999999999,3.4118950356619995,3.932105034202418,4.175568344081288,-0.7261335895294622,0.23265473758560246,0.5334954925403838
-6.10734375,7.12515625,0.93671875,3.5671873733847983,3.85657230913488,4.550139783116387,-0.35493207177690694,0.2923622122454578,0.7895477865974243
-6.08421875,7.5153125,0.628125,4.315916691694644,4.236433113757816,4.659084497986165,-0.4518280066196366,0.31872031824737435,0.729109302192647
-6.4662500000000005,6.9303125,1.0965624999999999,3.9537148275387795,3.7127503992786464,4.686328593215989,-0.5709460595570369,0.2433299621370504,0.9771633897071627
-6.91734375,6.81625,0.7440625,4.268889727650029,3.496926999166554,4.619007509313419,-0.383009101128829,0.16372004542201934,0.7924673223987396
-6.67296875,6.4215625,0.61703125,3.7239804308056503,3.8174268242618288,4.5191594488381845,-0.40014614416767624,0.2315525008370163,0.9519585539378664
-7.074843749999999,6.79484375,1.14203125,4.047757864001494,3.4349213019494256,4.580202021911636,-0.4305822691710135,0.3646777769389085,0.766805237347996
-7.07921875,6.29296875,0.98828125,3.9445572884860525,3.4652622915189895,4.628137974217973,-0.5362282059892391,0.3843226335819818,0.910077363111911
-7.1621875,6.45703125,0.97890625,4.077056409328151,3.5994824626636865,4.188797976891573,-0.6650510437845581,0.1739001103028918,0.6631982676154539
-7.4765625,6.5675,0.5045312500000001,4.336918988013697,3.742322557583726,4.623435184500097,-0.5586257849495598,0.3906644535620846,0.9114130774314009
-8.190156250000001,6.276718750000001,1.6829687500000001,4.680741291514191,3.622739404911487,5.758475460052204,-0.8484057087291638,0.363693049886443,1.168209432240022
-7.46296875,6.227343749999999,0.7987500000000001,4.730124430078287,3.833242851273049,4.511217442387364,-0.4959569685459766,0.43218338182687455,1.2696495537355852
-7.378593749999999,6.1228125,0.405625,4.463116857641187,4.012971338652165,4.3189834868143455,-0.6054670686407313,0.13230313858406717,0.5019672436736882
-7.795937500000001,5.912968749999999,0.5884375000000001,4.2771645538947585,3.6905689261987016,4.965646111896593,-0.41871462455699443,0.49695184496473876,0.8540530859830118
-8.23078125,5.890625,1.3845312500000002,4.2988506111690405,3.4766362492177696,4.848620270785643,-0.21974387468189013,0.48064363591327225,0.7283006032231845
-8.04671875,6.0353125,0.6342187499999999,4.09576727194044,3.5784336520807183,4.712963108772276,-0.445039533112067,-0.05889812993621254,0.9026191891427711
-8.08015625,5.83828125,0.95359375,4.109677790056775,3.4062642452397083,4.810302539597789,-0.5835795555863632,0.2850654439952163,0.9598404692288166
-7.94609375,5.634375,0.9601562499999999,4.174894316472088,3.510738381647798,4.499738357736584,-0.41816616615913765,0.2694110506700117,0.7803949749781066
-8.1478125,5.6896875,0.70046875,4.48466814155114,3.6613189088556255,4.813271830862395,-0.3744280884712214,0.34653104299737403,0.8261593190024327
-8.44953125,5.57265625,0.53890625,4.7804950154532575,3.694364476041304,4.403695932533369,-0.5277403354485717,0.5072579775982341,0.4274955701008804
-8.25546875,5.376875,0.56828125,4.5245127257278694,3.7434759394678894,5.035848846857741,-0.6330146281740757,0.37472438833040345,0.5527481121161884
-8.5153125,4.6096875,0.69125,4.558517429202586,3.5988787180653574,4.842825718266145,-0.3671464795369162,0.6500273382237624,0.7603385514219329
-9.025937500000001,4.4467187500000005,0.46312499999999995,4.753420057820868,3.631257553644252,5.598352959520773,-0.26596944964220215,0.5072703384979388,0.5591677673478974
-9.409531249999999,4.05625,0.6696875,4.5998252105676185,3.839813838260912,5.343079919610388,-0.3861497898957956,0.3259537304137419,0.4588399226544418
-10.00421875,3.3484374999999997,0.834375,4.4226967185924515,3.8761035600966274,5.383656945736328,-0.3255617526834359,0.3360965571355166,0.8933138396812779
-9.581875,2.78609375,0.12109375000000004,4.767461613309016,4.048292702326616,5.048683342338965,-0.2831716030137291,0.1278200736648613,1.3112016869110348
-10.443750000000001,1.5715624999999998,0.5839062500000001,4.496934546165866,3.986352193245568,5.27098206492025,-0.024947994131414273,-0.3407817507401565,0.8860345534442421
-10.6603125,-0.27328125,0.63921875,4.735116474527712,4.40184231838198,5.326644788433751,-0.19571954034606967,-0.5663032415591458,0.8384584587739635
-10.239531249999999,-0.43406249999999996,0.49812500000000004,4.375984328442395,4.770272109229593,5.2224449120479,0.0005356832237497255,-0.6411186464455373,0.9872249901488519
-10.83796875,-0.9784375000000001,0.9150000000000001,4.252539380949157,4.6536380992287905,5.589298088758552,-0.014669581752245054,-0.6526070193514836,0.6522065491302828
-10.4996875,-1.05765625,0.6425000000000001,4.254427461756018,4.421040510370374,5.586787146920849,0.11234852487777955,-0.526085943150919,0.9433404313047036
-10.4875,-0.96828125,0.8518749999999999,4.470961865191874,4.233581357243349,5.704415470438229,0.2321960748830109,-0.6023206880192153,0.8213326523063543
-10.6134375,-1.0160937499999998,1.2603125,4.328838332462157,4.870128853912485,5.154176998061257,-0.09017167788914866,-0.454806272593127,0.806389281303356
-10.743906249999998,-1.0892187500000001,0.965,4.297788899970651,4.341939840341922,5.8335661263073035,-0.08939959291402409,-0.7008643365969295,0.843626043555189
-10.200156250000001,-1.20609375,1.0739062499999998,4.1250713979379725,4.226761325614558,5.437542705920657,-0.32124858096802866,-0.6527099964005189,0.8261775582192038
-10.377187500000002,-0.78734375,0.5703125,4.234899448610763,4.123772257513251,5.440236084247057,-0.1547386062474268,-0.4835916457356174,0.7607084549443409
-10.07609375,-1.00859375,0.63671875,4.240626655190355,3.950749876284367,4.959906770383737,0.045492042167431926,-0.6965257192568373,1.2441133810470795
-10.4934375,-0.6907812499999999,0.411875,4.369827377436521,4.143677904609435,5.199438934575056,-0.12145678808896203,-0.7557145366030659,1.2620026663096986
-10.707812500000001,-1.02640625,0.6828125,4.199659014711045,3.787072734640957,5.03157917207349,-0.011934202639719312,-0.4812161549170248,0.7064232429843976
-10.477968749999999,-0.8393750000000001,1.32453125,4.131010840160485,4.124993892040933,5.3625457252384745,0.07079676776743807,-0.3082285879331822,0.5843653105207777
-10.75875,-1.26421875,0.8187499999999999,4.124541830615857,3.953756048322713,5.732618702434341,-0.06980239070873114,-0.4807517776052649,0.595960772618158
-10.223125,-0.694375,1.1839062500000002,4.234632464497362,3.9545910325057636,5.199094758100774,0.020354236657956323,-0.25825770690665445,0.4559469287177147
-10.50296875,-0.913125,0.610625,4.286290164468971,4.058530705116693,5.729569375998078,-0.01849679118145858,-0.46264983473007326,0.7486002797783256
-10.733593749999999,-0.7246875,0.7721875,4.645914323086569,4.6676091205609485,6.554272334885373,0.046920235644220175,-0.7406490668633307,0.5280508080088796
-10.85515625,-0.8845312500000001,0.9624999999999999,4.29072072624005,4.34813678835814,5.75900300616348,-0.20814648163306826,-0.5911324097470944,0.7920365015350339
-10.555156250000001,-0.7274999999999999,0.44421875000000005,4.589827744652944,4.246074289858811,5.460151040918963,-0.09965783013239318,-0.7429348022558414,0.7402054757621827
-10.93703125,-0.5943750000000001,0.484375,4.1390618954086005,4.005161854953555,5.208143825719006,-0.20104234877084345,-0.7639543510594123,0.8518796484295414
-10.732187500000002,-0.74734375,0.981875,3.9928261720044556,4.048802771417241,5.045365408904988,-0.09014479442129274,-0.45230253292583916,0.3951521210009413
-10.53484375,-1.03328125,1.1759375,4.313265146682491,4.458566562909927,5.09206267106894,0.1513704212642666,-0.5186367198492094,1.0700177117533813
-10.6040625,-0.888125,0.6707812499999999,4.362928961270598,4.556844054208461,5.4261091333614395,-0.0011064622156430606,-0.5169283864758072,1.1482086409263799
-10.418125,-0.7203125,0.66328125,4.303960703163424,3.787072157662665,5.155244312435487,-0.06912826410489636,-0.3770641520910428,0.6684129799351508
-10.2428125,-0.90671875,0.5518749999999999,4.009299529200051,3.768605948609968,5.053333019837006,-0.15633090222119103,-0.3376677781342353,0.7896779939570339
-10.498906250000001,-1.1453125,1.1178124999999999,4.1693986066591116,3.9091950772945254,5.3342763885876545,0.06119012071308551,-0.2748421716393926,1.0502334512470297
-10.30421875,-0.71265625,0.568125,4.164622883845359,3.819995599714211,4.682858326852842,0.026299662576578606,-0.3714699231750792,0.855043181852128
-10.421406249999999,-0.49359375,1.24265625,4.308749407886346,3.739256011890726,5.149012418108539,0.0024913424636814007,-0.5125962079255557,1.2556805039908165
-10.524687499999999,-0.8160937500000001,0.70453125,4.0561376982720585,4.320176362570275,5.323146370359679,-0.16273528953615082,-0.33325795655459106,0.9783610502452106
-10.89203125,-0.9606250000000001,0.5509375000000001,4.117932270754758,4.158676876047838,5.039802426295474,-0.23840181335597002,-0.6787340731064452,0.8180142158070495
-10.6759375,-0.8440624999999999,0.9954687499999999,4.26277811363596,3.9862006969160184,5.1054195866033805,0.01077357964751485,-0.38066181282370154,0.7625416232550094
-10.7859375,-1.0878125,1.7503125000000002,4.453119594294964,4.657600800288035,6.055716041670362,0.01576282905988707,-0.7895180337414837,0.9602032343741707
-10.59984375,-0.9657812499999999,1.1078125,4.077909426174879,4.1354711055269675,5.096627705144231,0.1202728925751718,-0.8400818657472146,0.8819958126267415
-10.5853125,-1.26328125,0.8875000000000001,4.279212094807145,3.9632960772440957,5.141399979577547,-0.12556693881610329,-0.5900398796420911,0.9986190211487626
-10.710312499999999,-0.66125,1.1303125000000003,4.16779129483996,4.174163651259974,5.388574129799436,-0.1476989500637351,-0.6176646460967733,1.0916038686577414
-10.7584375,-0.7910937500000002,0.77421875,4.181308937831997,4.066520363432469,4.60798146042803,-0.07377710717559127,-0.8311879288820782,1.0763466446749659
-10.293906250000001,-0.89171875,0.9914062500000002,4.147170201319321,3.8655144202807517,4.78344569426276,0.04512515421204969,-0.44674448441519465,0.9472720919025617
-10.6396875,-0.57421875,0.6904687500000001,4.2247030105492325,3.9910238366424773,4.583277153715826,0.04367415053994246,-0.8663595487782002,0.9999285167317549
-10.81984375,-0.6025,1.0592187499999999,4.000070894757484,3.7670085114053036,4.636464946718398,0.2593429196845109,-0.9382548401261979,1.185382255231026
-10.0840625,-0.583125,1.03734375,4.252245626853386,4.338835124128941,4.778850293934299,-0.05718495684253635,-0.8971880711914688,1.4105602961612684
-10.493437499999999,-0.8270312499999999,0.32625000000000004,4.486445983024175,3.9269158062050984,4.371495918161196,-0.22892869736431065,-0.057364787122667585,0.8763299612683696
-10.700468749999999,-0.9715625000000001,1.21328125,4.485068780718244,4.399122504385818,4.962257882849141,0.01374085719284455,-0.8601690062944927,1.141339602383796
-10.33140625,-0.53640625,0.8635937499999999,4.386051351724115,3.8924531817943473,4.505001861538011,-0.12652560341659272,-0.40513262237380687,1.106304926873443
-10.5525,-0.6987500000000001,0.40796875,4.34257376160728,4.4251534224815305,4.734389869510478,-0.002051257139543623,-0.7733418303010942,1.5006264619242442
-10.73515625,-0.61453125,0.9053125,4.064922736115157,3.9380050984316206,4.566742537339252,-0.047614376978388884,-0.4821737690237127,1.1422145116554219
-10.29765625,-0.79328125,1.3201562500000001,4.0859376762667265,3.7116038710911,5.00327970316331,-0.16104533333960483,-0.46353307260089277,1.3085566744463486
-10.884999999999998,-1.0775,1.1228125000000002,4.054056610359554,3.9906550997298673,5.394504573159963,-0.020151436225966816,-0.8144367365724811,1.276333699219148
-10.5603125,-0.57390625,1.3170312499999999,3.954953764248547,3.9104641736897343,5.1926443407018965,0.12039761970496204,-0.410922958051828,1.042122033005484
-10.684843750000002,-0.5962500000000002,0.64953125,3.816003714697607,3.6465212446248,5.17378289724003,0.03883130179806503,-0.6855975810539728,1.5297691989759494
-10.3640625,-1.0096875,1.36640625,3.4311303343204194,3.6377869168415775,4.701835534922605,-0.10755658921981802,-0.6156136130361132,1.0326180810354084
-5.751093749999999,3.3743749999999997,2.2045312499999996,5.165976467833641,7.450341618635685,4.253663101407238,-0.09751928416633798,0.6775233185469981,0.7456648658773455
-1.401875,8.9575,2.31890625,2.948394624092067,8.360874281437319,5.321783393864404,0.26015980091141544,-0.2811066228531189,0.8834454412706779
-1.5437500000000002,8.243125,0.7804687499999998,2.670140153156759,8.615867062250611,5.185771829513273,-0.08146183140449702,-0.1321509932748338,0.7645248396028111
-1.724375,9.24625,1.6310937499999996,3.2324356504615834,8.738392211242296,5.589847693918944,-0.06558203433468926,-0.27683166530477693,1.2068063806348188
-1.85578125,8.23078125,1.51515625,2.749304914819096,8.55170492955343,5.419117199838544,0.42362858925571945,-0.1629820689090601,1.1242305774622734
-1.885625,9.195781250000001,1.68953125,3.3387707669702333,8.427138601841579,5.551461077299691,-0.057777952730644684,-0.37078312667003327,0.8272493411791036
-1.4850000000000003,8.4234375,1.5139062500000002,3.1152693503130675,9.007209823724201,5.2907565672322265,-0.043862702747285646,-0.2570982751545707,0.7358056356383104
-1.9312500000000001,8.279062499999998,1.6884375,2.744552274506718,8.674448779092177,5.59650678402106,0.09842844742210426,-0.22883526304886204,0.8525511582973632
-1.6285937499999998,8.34125,1.83390625,2.744816061225403,8.576740074906082,4.869413984630074,-0.20575349851902505,-0.13898125986714702,0.7270174567398017
-1.3871874999999998,10.87453125,3.4428125000000005,2.7689333848692983,8.57353430069965,6.425923928887094,-0.2173473190919083,-0.530860617414216,0.33137466839656776
-1.2745312500000001,9.69609375,2.4640625,3.081250724993576,8.095530907773185,5.36684343875371,-0.03781412680376303,-0.3694371410846125,0.43089769104803943
-1.50515625,9.05125,1.8918750000000002,3.3974958573316814,8.33576921690494,5.386944830734301,-0.11630021671500547,-0.3146688831941014,1.12393471940127
-1.5812499999999998,8.78828125,1.685625,3.470364939383177,8.927449165825502,5.2907637311994,0.30845987035526706,-0.21702411587985823,0.7888561100460962
-1.2021875,9.123124999999998,2.0549999999999997,3.5235393555122596,8.54278622490198,5.876691777692616,0.49839951781861264,-0.2971794559992956,0.7562980317031056
-1.7064062500000001,9.08671875,1.05296875,3.328054220931645,8.64292233106942,4.911712939395322,0.23099464170408449,-0.23879863685857086,1.1230475809685223
-1.77203125,8.87578125,2.0364062499999998,3.2488542113371968,8.712650071284193,5.611807687587034,0.2820815953440892,-0.3639651145881638,1.0547397310054767
-1.5465625,8.43140625,2.61046875,3.5431237183583852,9.098075494848398,6.0573192889077125,0.0107626326136996,-0.20012104362196356,0.5251645402349457
-1.68546875,8.79484375,1.9117187500000004,3.692147888461869,8.697576888167529,5.52546874558154,0.6254559319244509,-0.2910359510899707,0.905326106147359
-1.7335937499999998,8.534375,1.3804687500000004,3.8289021628217323,9.218647012136596,5.38547567237783,0.314619245903968,-0.2519270177912084,0.31924133203316885
-1.33234375,8.4684375,1.8709375000000001,3.7172960360100373,7.806351023915959,5.70746104858314,-0.6208416810026142,-0.1968563181781179,1.2142105466982847
-1.748125,8.865312500000002,1.6582812500000002,2.759281425366938,8.992043352450194,4.964295189994088,-0.30542155812524074,-0.29037844537773283,0.8667678074223466
-1.13140625,9.44625,1.9540624999999996,3.6456030310445127,8.084834278604601,5.706998367889529,0.1632320865856325,-0.36337867112711997,0.7884355593470065
-1.31234375,8.494218749999998,1.42828125,3.966683415567209,8.898518276356375,5.933470620842278,-0.25577538638253716,-0.21517323749510278,0.45181062025175817
-1.8010937500000002,8.479375,2.044375,4.297574576573505,8.957647723279532,5.8266585286401495,0.024845896752625933,-0.16090966698518228,0.14574061192540338
-1.475,8.91875,1.8746875,3.7414832453186264,8.578271150849687,5.497516760078477,-0.010867978546909346,-0.19698915210981158,0.6970240175039536
-1.5181249999999997,8.723125,1.9728124999999999,4.397884745462869,8.83210069770352,5.600027753488705,0.035473412376237086,-0.32864796862375506,0.39683152971482194
-1.67375,8.704375,2.01515625,3.5941199809550044,8.82034117023684,5.706291481828275,-0.17403093447403267,-0.32669560040135187,0.6158723591240618
-1.4539062499999997,9.061875,1.8978125000000003,4.268866805571584,8.685492911134922,5.8796480200641055,-0.2169225569026476,-0.26863281308647075,0.7945886969600766
-1.0104687499999998,8.357187499999998,1.7453125000000003,4.415672524403665,8.338356865404823,5.859066683554962,-0.1407683180728156,-0.10551560945084736,0.7853728749133703
-1.5051562499999998,8.71984375,2.12828125,4.122599677459108,8.87492314970028,6.346496463277864,-0.13249696830956137,-0.3252533551112334,0.9770796351368187
-1.9431250000000002,8.691875,1.47515625,4.585639225819558,9.671397726511664,6.37752498823689,0.12336564878792813,-0.29024398591540235,0.48304039371018476
-2.47984375,8.90953125,1.3107812500000002,4.300807879118287,9.570813939669575,5.337988942677611,0.1496724906839197,-0.294556045257011,0.33158808749603
-1.6906250000000003,8.81484375,1.5234375,4.336099152392044,9.450777744481453,6.144465553129398,0.2452354753115442,-0.30983927640238,0.32484961923365485
-1.6765625,10.42578125,1.5509375,4.696473483752863,8.472242509492302,6.223317222036311,-0.23237699445743798,-0.5505184136690922,0.8741093681252546
-1.2214062499999998,8.621875,1.4735937500000003,4.571642848578718,9.279513537054354,6.06527626307829,-0.032744116132491924,-0.34730515936686873,0.5307398062066909
-1.71015625,9.298125,1.3459374999999998,4.041633910077202,8.530176374751873,5.656691203441615,-0.13762498451616673,-0.3980947863317693,0.9639021717556007
-1.8773437499999999,8.97078125,2.10078125,4.379825639433143,9.046727534150039,6.241026634468758,-0.10165439406092006,-0.44479259939109966,0.6325593640166522
-1.0559375,8.675625,2.0446874999999998,4.573407413635237,9.050832467755383,6.03314101669634,-0.1926565115140119,-0.2013697451114894,0.35573587384702554
-0.9342187500000001,9.201718750000001,1.5240624999999999,4.141008257616548,8.550667655709608,6.1777508343323255,-0.27160498770428576,-0.38674368274803195,0.8631598029780742
-1.30671875,9.155,2.0690625,4.19606327953934,8.416200523395341,5.815650952051176,-0.2604892950979261,-0.4435963911739963,0.7319355985801206
-1.20203125,7.5221875,2.1953125,4.080465728507401,9.729852014025893,5.9667971854541655,0.0036013384377452,-0.44700321052289443,0.7081615813385667
-1.80546875,9.173125,2.87015625,3.518763956316683,8.85460930021054,5.40281104269675,0.11240830919454016,-0.2794546926664961,0.3774114467351476
-2.338125,8.63578125,2.3364062499999996,3.614287133637144,9.195510930048881,6.235387008635546,-0.494019613430748,-0.329140280115114,0.6303882333036406
-1.29296875,8.74578125,1.41953125,3.4212130888068693,9.136100577634226,5.9220558164182675,0.19518819671301918,-0.43863791475681463,0.9733994102991474
-1.4484374999999998,8.803125000000001,0.9871874999999999,3.7452324772427343,9.58105403827653,6.221699041648009,0.1931497552882269,-0.44867874469636504,0.624204385919118
-1.90140625,8.829687499999999,0.81734375,3.8904076213118,9.655965282007996,6.899313426482083,0.4407959422553599,-0.34939868532961205,0.6811949789295494
-1.7745312500000001,8.73109375,1.7887500000000003,4.203898833853336,9.753100487343035,6.105777361442194,0.029434619819122317,-0.2905526336964991,0.5072577826875773
-1.86375,7.722343749999999,1.4854687500000003,4.387858781626866,9.677276983704452,5.0463715088440955,0.479721936431147,-0.16373112998037304,0.10212387064333653
-1.6684374999999998,9.18359375,2.05265625,4.904126839570297,9.530039737454453,6.427892160874818,-0.030976897765049343,-0.3897235547889487,0.5051127054435576
-1.19625,9.750625,1.83703125,5.079138860328589,8.812509906909325,6.37641863619567,-0.1549264427298019,-0.6344626318285941,0.43884347270379453
-1.12078125,9.432500000000001,1.709375,5.25422428405454,9.294055559872666,6.478754190380664,0.13537433808114352,-0.3951980683371326,0.40430237588016377
-0.97640625,9.403906249999999,1.6304687499999997,4.264956171810085,9.129616574846445,6.545521949605962,0.5402906366210285,-0.5397477173657216,0.8058142904572069
-1.4914062500000005,9.239375,1.93265625,4.888786552914837,9.269908959066157,6.8603922633356715,-0.2887835195904184,-0.40514113489923725,0.6100511898111578
-1.8146875,9.15953125,1.2981250000000002,4.158065569149163,9.42396752131359,5.910140881093699,-0.058883518112850516,-0.4550187353121099,0.6073854736117653
-1.3810937499999998,8.964375,2.18125,4.765764995382267,8.818257671409642,5.74234558455863,-0.4433469121330972,-0.27980006635840926,0.3350130882358107
-1.4864062500000002,8.6525,2.0096875,4.660805445141531,8.643449109007353,5.710140094808861,-0.061840937042721346,-0.39225252960689966,0.6366711366747193
-1.4021875,9.072031249999998,2.2034375,5.051143889243678,9.10503023397086,6.094432197390808,-0.03293351687683654,-0.4678896218739165,0.3341597785389842
-1.1070312499999997,9.127656250000001,1.7178125000000002,4.1734146240247245,8.382232276925755,5.662102488461662,-0.1866307210615039,-0.5270813019811581,0.6548297998898647
-1.4187499999999997,9.46234375,1.9304687500000004,4.22430412168679,8.646045834330046,6.489665926900509,-0.5237940388383399,-0.6743044244168785,0.7270091127730095
-1.4546875,9.477968750000002,1.3482812500000003,3.8858356440209554,8.888158762450379,5.984424981432923,0.05196923209982109,-0.4864243907196177,0.9925072682621019
-1.2068749999999997,9.265625,2.420625,4.8076897632204805,8.45151149111063,5.874028077850412,-0.06732920136308534,-0.3861056478938665,0.6105574975621199
-1.11578125,9.2465625,2.6475,4.869747428219295,8.504742650932698,6.347011599957889,-0.4929840508353958,-0.491980717766427,0.6951788071949936
-1.0495312499999998,8.6975,1.33453125,3.758482668281635,9.526738686455086,6.302236936618096,0.23754536463331535,-0.38575443502193346,0.6784172565569805
-1.5425,9.4671875,1.9840624999999998,4.7335006205767,8.929681627294658,6.018351808933551,0.04513901823269206,-0.5032249496572426,0.4405057505275551
-1.82609375,8.66875,1.69875,4.643187084720035,9.425189238816376,6.051301642002321,-0.3760929697758071,-0.3155447969475469,0.5483114264530523
-1.5945312499999997,8.620156249999999,1.43109375,4.935698383235491,8.99130143739414,5.628018667009815,-0.33403683071522233,-0.31167917984993504,0.626402620864137
-1.8315624999999998,8.67,1.6225,5.21665847871928,9.14318855077374,6.322434756484245,-0.9001691208710747,-0.3106251953965624,0.4945192587077221
-1.6835937499999996,8.12890625,1.7596875,4.850604462070778,8.554029042866931,6.319601443314582,-0.06589399814586472,-0.1488084909039211,0.4443680873944788
-1.5428125,8.827343749999999,1.205625,5.138953708182606,9.055417964226496,6.73929959152841,0.3028517124976855,-0.3306872973380542,0.4119055971651647
-1.36265625,9.989374999999999,1.8101562500000004,5.709900733098251,8.267551949300048,7.2394286057731065,-0.24839367882100452,-0.5101706042676726,0.6112118677020446
-1.6437500000000003,9.1965625,1.98625,4.644871331640953,8.76931942533705,6.13204862280951,0.0763593650274592,-0.41984974029011174,0.5736475230610184
-1.8178124999999998,10.075156250000001,0.5784375000000002,5.320311747430196,8.88564590227328,6.103940381720136,-0.2261718697204055,-0.4852593587331238,0.578239206022198
-2.61796875,8.6346875,1.595,4.930054886765809,9.457508916323778,6.042235978923696,-0.4445943913748308,-0.31167257186561653,0.5350325546517668
-1.6949999999999998,9.5040625,1.3882812500000004,4.558087935198267,8.990087548021641,6.639882000713449,-0.14846960104774096,-0.4871679923166115,0.3698363672388343
-1.3617187499999999,9.4025,2.1553125,4.3160603255050125,8.877778614326898,6.625290316457366,-0.2807962775336286,-0.5662910205806487,0.5077661090215274
-1.6053125000000001,8.843124999999999,1.50921875,3.920221999752533,8.851232589836005,6.092958616480867,-0.37867660921610075,-0.37328020782406884,0.8186713664100226
-1.265,9.416718750000001,1.4429687500000001,4.233365608472767,8.594782766067938,6.178920233262721,-0.36194890433035815,-0.35986357649082795,0.8077894684325589
-1.96296875,9.36734375,1.7453124999999998,4.431703848298467,8.739794448774864,5.52254610911885,-0.2680042162027665,-0.3464668998621694,0.8106998594243995
-1.8182812499999998,8.87078125,1.52484375,4.4109560169421815,8.376223474940748,5.7440050248573025,-0.19764286219755342,-0.298291977674033,0.47424845572698454
-1.9240625000000002,9.0165625,1.14546875,4.361193113253958,8.678201898065852,5.264578844055186,-0.10242244598938206,-0.4250804416420496,0.6974362732126406
-1.9137500000000003,8.87953125,1.09328125,4.470411928726479,9.276327975970526,6.126546757423666,-0.26811067688489754,-0.4286856602422041,0.6059399716923305
-1.9598437499999999,6.8637500000000005,2.932187500000001,3.9900268217251296,9.417200270648385,6.400697097960795,0.018951105368432808,-0.13612591469881652,0.5303299145353717
-1.7609374999999998,8.69234375,2.19609375,4.51881024121325,9.138474596142178,5.669645220709223,-0.32428529094800546,-0.32355275134648537,0.3177391156965194
-1.5085937500000002,8.83265625,2.0796875000000004,4.4647227892626145,9.159760204657976,5.972768403541505,-0.27751247500502124,-0.3058082267737816,0.4883072470011251
-1.3835937500000002,9.32171875,2.1823437500000002,4.591441551676438,8.234734466477862,6.001155030020133,-0.39903948306185,-0.36222044864392666,0.42910799047155895
-1.31265625,8.3759375,1.7342187499999997,3.518812051933996,8.841394424585623,5.19656521316229,-0.0372274738787598,-0.19816098862295206,0.6740980985206326
-1.51953125,9.110625,2.1004687499999997,3.907014697025523,8.949528073277104,5.794026673460646,-0.19935599222775718,-0.4057033268453033,0.6069372033780333
-1.5565624999999998,8.9378125,1.4896874999999998,4.380622179964138,9.289536026618539,5.860511648085323,0.26564532166852844,-0.35219342058181186,0.5916322521972617
-2.1484375,8.92015625,2.20546875,4.216452974194512,9.023434679382676,6.150161311321309,-0.7041613775147736,-0.4541094525318704,0.7337875313604315
-1.6209375000000001,9.28796875,1.76328125,4.279318257163605,8.54112115366147,5.35717131944634,0.15023378817375127,-0.3466268916987415,0.753493262293253
-1.31921875,9.264999999999999,2.38953125,4.181774184141037,8.235541497072308,5.9678543646584945,-0.5361358323527597,-0.4117286808006092,0.5761457405908947
-1.4734375000000002,9.42296875,1.74890625,3.9634392493885597,8.510237893209768,5.336390434199033,-0.15244432727832566,-0.47696990438244663,0.6917567551060254
-1.9578125000000002,8.775625,1.899375,4.290987090966803,8.646593779308416,5.3550320596029115,-0.17704213073914718,-0.261948337767249,0.6880844102504099
-1.09203125,9.392499999999998,0.9042187500000001,4.583421954339731,8.736558783354004,5.479887317696271,0.24705532421496584,-0.49975917155960636,1.1679015780721291
-1.6096875000000002,9.09015625,1.6331250000000002,4.262277475404875,9.068081986455898,5.576537028871502,0.12182122735399936,-0.3360068406908464,0.4334530256776106
-1.7357812499999998,8.694374999999999,1.36796875,4.3573977342731105,9.20858496780993,5.436947724737055,0.2118611241883255,-0.22782939677371078,0.5073345070873597
-1.8834374999999999,8.6328125,1.9600000000000002,4.8843939039141535,8.840239933952232,6.045206261989743,0.19353409379679545,-0.3270400311916373,0.6765557900793474
-1.4384375,8.595156249999999,1.0482812499999998,4.415485257431367,9.116516260369744,5.901756506193596,-0.328141607890197,-0.2769255449220481,0.6351369360450285
-1.24796875,7.2875,1.2699999999999998,4.00270501492721,9.419357395809971,6.057366125223075,-0.42285765776262857,0.0428300914990018,0.7847641680670415
-1.2675,8.93328125,1.1671874999999998,3.3758068479994527,5.227068685783499,5.249960556027421,-0.8442747531826723,0.05706452429633795,0.9510405571878747
-0.7889062499999999,9.04265625,0.836875,4.137448306772054,3.7428324176799497,3.9269150881289754,-1.0805724816885365,0.3646894935829058,0.3262657902513753
-1.7840625,9.061250000000001,0.3017187499999999,3.686785404806435,3.7553476453585493,4.072553159063542,-0.7719677334934255,-0.015783544490535296,0.13640386662220816
-1.8871875,9.276093750000001,0.42046875,4.016873188792963,3.975372866626593,4.45434458902468,-0.7558331775582965,0.07261476086232754,0.2551948393794633
-1.8373437499999998,8.929375,0.8140624999999999,3.730871313357771,3.825483170055124,4.275746542545963,-0.43028712998958923,0.04533770504318459,0.19281239363948088
-1.5251562499999998,8.93203125,0.32718749999999996,3.518525078152199,3.9397280123789558,3.902488976902273,-0.5747862143234671,0.12881481374553783,0.7099130343434831
-1.96109375,9.423124999999999,0.9143750000000002,3.9408406928231616,3.72561860425554,4.39273294594322,-0.5790244528097538,0.04263137187233341,0.38196097572017557
-1.81546875,8.8540625,0.02109374999999998,4.900214577472443,3.933354849373973,4.615130725798668,-1.039232965460566,-0.06289320119365611,0.2064315448771517
-2.0434375,9.197343749999998,0.44906250000000003,4.6185015896493695,3.960362689430848,4.082061258860987,-1.2183132701022479,0.29026365235049173,0.3591794836589587
-1.72390625,9.06984375,0.34484374999999995,4.423325819302817,4.207809886162389,4.369965672129009,-1.5022513172986989,0.1960566191632822,0.7281635122610134
-2.0109375,9.4778125,0.29875000000000007,4.982655453781021,4.576476697727603,4.646181059483154,-1.2998189034792638,-0.031387315778793425,0.3773805733693106
-1.6328125,9.00828125,0.2834375,4.659066922662063,4.589491922685826,4.781533559810466,-1.1748902501440197,0.23784264745836184,0.6642320982554011
-1.666875,9.634062499999999,0.15406249999999994,4.764219792828097,4.887221449463258,4.612915536414443,-1.307656304640798,0.31363674582489537,0.28515902213995215
-1.49359375,9.142187499999999,0.5204687499999999,4.425303085378553,4.389652060795223,4.677840523978285,-1.020518243954805,0.36662883566908255,0.6374951313178867
-2.18734375,9.47578125,0.042031249999999964,5.1309813395524975,4.698056381595312,4.8883925590651405,-0.807674429938461,-0.018533758839318817,0.5937670371290086
-1.6271875,9.07578125,0.31390625000000005,4.264235888742993,4.7982235660344585,4.562624182278324,-0.8403910369197034,0.25490642150723813,0.3461715256535536
-1.3484375,8.956875,0.16124999999999995,4.742796913066567,4.966212677622154,4.127284026754156,-1.6083523811645315,0.2397612631179727,0.583354840102697
-1.275,9.5359375,0.05484375,5.357897500419358,4.860454492235654,4.851644048730898,-1.0904171181796336,0.009630473965321176,0.5736052066189868
-1.37671875,9.25328125,-0.10390625000000002,4.73670509646721,4.806226448150195,4.425229025565901,-1.3102455499409844,0.04689382760517541,0.420006610758708
-1.6410937499999998,8.80828125,0.16171875000000002,4.864007837289218,4.867398738895185,4.356795537823463,-1.2580947237718914,0.032618329599306474,0.5138362053146228
-1.6209374999999997,9.36828125,0.06859375000000004,5.306207661418251,4.765271029374766,4.774171023325509,-0.8991811342140014,0.30172222946225086,0.4901134681189248
-0.589375,8.6115625,0.025468750000000054,4.4887518709965475,4.427068096787505,4.177130044094083,-0.6776296205440688,0.40597526196850925,0.4787826561853154
-1.1875,8.878125,-0.43296874999999996,4.7295936664791824,4.765290807954432,4.3455374666459194,-0.6953256149354332,0.3141221284704128,0.5648221865884944
-1.4171874999999998,9.28625,-0.09437499999999996,5.010239973279099,5.076468229734132,4.70826463353272,-1.0026288292486425,0.07003517815289283,0.5518656195615474
-1.5590625,9.170781250000001,0.24250000000000002,5.470715994830453,4.896313123376449,4.479677025188312,-1.084164139261917,0.20729869592151778,0.5401002294243382
-1.9164062499999999,9.1271875,0.2562500000000001,5.239908863468996,4.9706213358939095,4.703620115134725,-0.7534026751448167,0.2196685269568202,0.2250858994753324
-1.8157812500000001,9.49875,0.51515625,5.568736898045052,5.108826461380343,4.759006590201986,-0.9297892057464267,0.25155900272147674,0.5082782891065345
-1.5262499999999999,9.21125,0.21453124999999995,5.145253729166328,4.720094510441501,4.639822844707914,-0.8363828354049034,0.1500354512343264,-0.008978251598009673
-1.9290625,8.6115625,-0.30515624999999996,5.34672905813393,4.677894564715386,4.975579737637207,-0.8722327453990169,0.24371998297357703,0.6354519023839602
-1.19,8.8478125,-0.036250000000000004,4.292459231023633,4.6876464872944235,4.468875173072078,-0.46944560846320105,0.015140381908548517,0.26233147956621916
-1.5375,9.333593749999999,-0.09812500000000002,4.744933482147037,4.87517543504446,4.690218170232063,-0.8113325422915936,0.2832006734245636,0.7816745831049147
-1.94578125,9.01984375,0.12156250000000005,5.3237004883490995,4.670257786042001,4.716490756759071,-1.1152855974552183,0.23584031643760317,0.44333224496725326
-1.6257812500000002,9.57859375,0.04046875000000011,5.316383816998961,5.013350572218238,4.557551573243406,-1.170368980017285,0.251914078603106,0.32824965011212504
-1.3006250000000001,9.20328125,0.26187499999999997,5.244726182974188,4.944096244097443,4.329755288624867,-1.6262989936021464,0.2588122647945913,0.31138023159304856
-1.36765625,8.75390625,0.3899999999999999,4.217470265969393,4.484460536531784,4.542714978402233,-1.112552012378231,0.19291800155831132,0.4667306538404615
-1.05578125,8.9371875,0.04265624999999999,4.802818119567764,5.03282800370167,4.029853534166712,-1.1693019137047946,0.24026251918146066,0.470641772642189
-1.346875,9.206249999999999,-0.2153125,5.11868692726709,5.038373838601101,4.552629723834758,-1.5464206074258953,0.3090476502778875,0.6142904007496042
-0.9198437499999998,8.900468749999998,0.23156249999999998,4.764463339462896,4.498342204943221,4.16173612313344,-1.3483404633446052,0.2811600952392345,0.31428855523341176
-1.8370312500000001,9.1609375,0.25093750000000004,4.988125800240351,4.610055490023276,4.75692709331284,-1.0265574890399218,0.09487224338733125,0.645693236066419
-1.3665625000000001,9.118437499999999,-0.013906249999999926,4.550624002111551,4.792823808423772,4.480098916732859,-0.970200905215601,0.3495644907177529,0.6843217802221604
-1.3934375,8.764999999999999,0.17265625000000007,5.1427036355980835,4.65230823086777,4.264399958591588,-1.0496780911547907,0.2863300144862785,0.7066405505632675
-1.66421875,9.395781250000002,0.28203125,4.496613588540652,4.533628791007094,4.229093128145021,-1.2214234528773626,0.28660730589001737,0.17038770619346302
-1.2323437499999998,9.1140625,0.51734375,4.722399662177688,4.254061926100013,4.714702814795004,-1.7377237453008176,0.05741877356117383,0.6370040432998951
-1.7028125000000003,9.37375,0.245,5.284290831307807,4.7901410796029795,4.364323759186525,-1.109533534066998,0.15837759569819387,0.48753516338196595
-0.89625,8.908125000000002,-0.29093750000000007,4.263308757584888,4.846482898388789,3.8222100604354217,-0.9402583125345529,0.3871019632379669,0.5158787058567472
-1.2584374999999999,9.2728125,-0.30906249999999996,4.7240485876622555,5.0362152421082795,4.365826353176882,-0.7744772929797116,0.2810773330720692,0.6020115507460227
-1.13484375,9.31390625,0.025624999999999912,4.880607349560702,4.9641057279948155,4.858973938433401,-1.106441813974633,0.2953498260548899,0.8370647899166882
-1.40625,8.959375000000001,0.6009375000000001,4.856514793295703,4.389486685180284,4.92295411781318,-1.2470480549209186,0.35457383014174854,0.9956383118884624
-0.9053125,9.139218750000001,0.07953125000000005,4.281319148620405,4.84565085433819,4.937830188227764,-0.8164957494993137,0.34914850066396774,0.6889300120536869
-1.6378125,9.700781249999999,0.38875000000000004,5.133819688092264,4.454164590823788,4.953847463083618,-1.1155430500090453,-0.1041378597220445,0.635079428563619
-1.2515625,9.4028125,0.25125,5.4527404860852995,4.772162595704777,4.533886129745651,-1.1634766646236454,0.13181371042118398,0.4851057695641848
-1.27421875,9.630624999999998,-0.25609375,5.17959391648114,5.135002091954296,4.821863817935025,-0.9058583735562951,0.3145444405789673,0.4458854755584187
-1.22921875,9.645625,-0.0015624999999998834,5.778288107402437,5.466018567876897,4.845221298722459,-0.9896769627236537,0.13061382107633493,0.4486234530772638
-1.665625,9.03921875,-0.15640624999999997,5.23553867661915,4.673664683858743,4.413429210654788,-0.9550944516171913,0.11484440980010728,0.44192970174838514
-1.0865625,9.1396875,-0.4296875,5.491738175076607,5.0807482743532715,4.510789831320425,-0.8428822287214024,0.057628304746167223,0.23065078254059831
-1.6307812499999998,9.1128125,0.32515625,5.672892864504709,4.659822444561997,4.623411886862984,-0.7921755752575819,0.22248676090516684,0.3247449998073094
-1.8317187499999998,9.6671875,0.030781250000000038,5.456758583023298,4.921083616932733,4.114487857212418,-0.7932259063226191,-0.1798877519879573,0.7048808521306275
-1.61828125,9.20453125,0.03562500000000016,5.247599914093913,4.885946661627963,4.973789700457289,-0.9878595114976514,0.20524818393767752,0.5485635456685116
-1.6076562500000002,9.05125,0.33140625,4.746131563635371,4.998225466353033,4.669357178451969,-1.131563763716224,0.1577459924913808,0.17207411598839617
-1.7584375,9.265156249999999,0.06796875000000002,4.6570152789736206,4.71418404663903,5.043603678078149,-1.0426937689046736,0.21944803708769,0.44211763394111453
-1.8009374999999999,9.2334375,0.2684375,4.89634420982571,4.505708954603454,4.644947261120814,-1.231074702386036,0.16563276729195395,0.1845141585796716
-1.54109375,9.3103125,0.27374999999999994,5.02202278630941,4.756113818270516,4.470743611246344,-0.9580875399364058,0.1768978375810779,0.35252329688812445
-1.53625,9.07546875,0.13140625000000006,4.810265552700807,4.747858704750326,4.40215957911125,-0.8288305408061483,0.2574778599915942,0.2409624195114608
-2.07234375,9.139375000000001,0.5371875,4.755854530926691,4.49724459912678,4.388102333565587,-0.9568662465735877,0.09426966557527917,0.37285403884160456
-1.37359375,9.157812499999999,0.13843750000000002,4.980893609329649,4.865160412550006,4.2279642777102255,-1.1108889794075398,0.0755924524449503,0.45772033092635117
-1.553125,8.95765625,-0.26375000000000004,4.977759559719111,4.915571476882005,4.195165558413637,-0.8770790615620219,0.10248965131789335,1.0221911933461627
-2.2532812499999997,9.3421875,1.29640625,5.133745299087055,4.661232223333627,5.500358615350542,-0.886307594673249,0.08184411624461814,0.6169948946065591
-1.51140625,9.464375,-0.05640624999999996,5.211177850060477,4.773754377780135,4.317837771670091,-1.3285496328694044,0.19153760338269718,0.544308860930818
-2.36,9.81890625,0.07765625000000001,4.9329947800499445,5.0249195009682435,4.543849807083849,-0.9727094646805259,0.21338024695415528,0.8118258139036637
-1.5859375,9.2521875,0.121875,4.6758855173211575,4.882171797964892,4.315015887499721,-1.1088565657860443,0.26521473723538797,0.6495521846058363
-1.6549999999999998,9.68890625,0.16765625000000006,4.660933718151332,4.358121053414067,4.561984129119252,-1.273776829977383,0.07175585621904874,0.9934308609072116
-1.83546875,9.3403125,0.3670312500000001,4.612731000207299,4.717771576957044,4.210899428747194,-1.069541830863286,0.07208703541986676,0.3502188069733105
-1.42,9.03140625,0.32390625000000006,4.652235349807659,4.576783418511404,4.41927582344788,-1.2759288258549535,0.252390524466324,0.7345546980481193
-1.39234375,8.94328125,0.25109374999999995,4.323910896900622,4.996051583090234,4.468877137068207,-1.0427475374536386,0.1579307652664417,0.3653698424978212
-1.8409375,9.23453125,0.18296874999999993,4.734417770021331,4.451823337720561,4.209028124047574,-0.9416909000394589,-0.003764975419753294,0.48072429472797434
-1.4410937499999998,9.4309375,0.30578125,4.449227502186299,4.661515887680075,4.652040817173516,-1.4857263728608867,0.12930758639946205,0.544620417825198
-1.47375,9.07890625,0.28874999999999995,4.8518145767846494,4.344925602494356,4.2178132293286765,-1.41587239852131,0.10067319030902963,0.505971802804999
-1.2740625,9.25,0.40406250000000005,4.556347467664615,4.373351475127514,4.259717830572085,-1.116045145915834,-0.05835128575494037,0.43982758528357957
-1.4790625,9.21015625,-0.02625000000000003,4.487084841084883,4.405956370424693,4.310904596195559,-1.2926142844247839,0.421352508856647,1.210703423944449
-1.76140625,9.11234375,0.6040625000000001,4.613068348177918,4.520477969124054,4.380221783322592,-1.2418896674055862,0.2599704128310846,0.38520773462010666
-0.858125,9.479062500000001,0.15000000000000008,4.422171368160104,4.505677917482978,4.442281930494731,-1.3135579708096032,-0.26571979790079286,1.2388404872301626
-1.498125,9.287031249999998,0.51875,4.064923459842141,4.2420619542886735,4.310564964421717,-1.3127744067417835,0.11939795269797143,1.1629476420845437
-0.394375,8.326875000000001,1.35640625,3.773837103582374,7.229411472199864,4.646691822948982,-0.42573991959117874,-0.23868828508429943,0.4389110716605586
-0.7710937499999999,8.93703125,2.05625,3.0691321641810956,9.255384189704037,4.9376444599120335,0.30681289589913424,-0.30563617413118227,1.0587399834221185
-1.09625,9.5725,2.101875,3.400230001411669,9.41820146047004,4.707291177989205,0.3499096116577155,-0.4593162535578194,0.9015866925768484
-1.0903125,8.49703125,2.1692187499999998,4.145402562157716,8.384428774461826,5.193896449405632,0.027665285724816833,-0.17192144409581542,0.6454887714174696
-1.6159374999999998,8.04984375,1.3815624999999998,3.9313713092372424,8.825216798361723,4.022666722286815,-0.4826129687878676,-0.12118147462838451,0.5134310884326095
-1.41625,8.68265625,1.1556250000000001,3.8353978362746153,9.20600759052674,5.234126859789988,-0.544886955222545,-0.2702095110768974,0.4968199888299742
-1.8753125,8.220624999999998,3.281875,5.673668337358446,8.731969436179618,6.7712069352054955,-1.0166122866368492,-0.21701092484048778,0.34426878332044936
-0.8296875,8.633125,1.9584374999999998,3.5757328657694423,8.959264561579538,5.240475651941696,-0.2708727733861891,-0.21090394367590834,0.7746523250310864
-0.5387500000000001,8.02125,1.29890625,4.287967722301556,8.816757393594314,5.574250262699993,-0.2942226009410717,-0.13156505354566117,0.8526242073081506
-1.1989062500000003,7.6990625,2.13484375,4.231985023746059,8.912133884266648,5.85662205119862,-0.38117470609516935,-0.15597162691369543,0.2793736199350757
-1.083125,8.25625,2.3754687499999996,4.641764506561595,8.848737109751877,5.91583598532561,0.022337935560732672,-0.1731840859395175,0.5116906553370189
-1.26953125,8.88609375,2.6753125,4.557199465436359,8.838247425463429,5.858748791537639,-0.011779035518610455,-0.3605076709337574,0.4783767597020318
-0.49406249999999985,8.630625,1.8071874999999997,4.406067804300537,8.56028746505484,6.1427649181654145,0.0064653494280509285,-0.2206283237133191,0.7733579121157209
-0.17312499999999997,8.24859375,1.14109375,4.455996617971675,9.389730072529291,6.0648075807243,-0.48670764359862817,-0.12826612081718747,0.490789110970193
-0.9246874999999999,8.13828125,1.7112500000000002,5.567741622717756,9.192107782407604,6.069787244006169,-0.464776938873052,-0.15006258896057825,0.6152046368392773
-0.8409375,8.967656250000001,2.28203125,4.910839324503883,8.793315241951465,5.326332925805844,-0.3845257790084654,-0.3067573921784681,0.7597186479430442
-1.0576562499999995,9.037500000000001,2.90078125,5.829414298995735,8.455381237708918,6.372006479685063,-0.3365632709695652,-0.3368610519967917,0.28039868222270864
-0.18421875,8.682031250000001,2.01546875,4.953586391660939,8.762257874630457,5.707936615386811,-0.14957132481096247,-0.2886477150248594,0.27688962033985326
-0.5320312500000001,9.09265625,1.5878124999999998,3.871784221973564,8.886861306548896,5.047185004023901,0.2629496652244036,-0.3393218844938723,0.9575401761908939
-0.45999999999999996,8.16953125,0.9153124999999999,4.6127435572552695,9.215360212317988,6.001298809619777,-0.0016077479747733149,-0.11406816942243833,0.5871993084037896
0.2193750000000001,9.06953125,1.0849999999999997,5.027335239406161,9.184708152291691,6.721552322566566,-0.22443147193594362,-0.3352160987205059,0.6997257556546363
-0.21781249999999996,9.1303125,1.9348437500000002,5.0158453514680605,8.89364221100353,6.938898505929161,0.1600880340851135,-0.294051135934383,0.6805226828671099
-0.016093750000000018,8.07703125,2.20734375,3.7217925021031113,9.570724841882324,6.488375480953298,0.40804977021399064,-0.22838812947904696,0.8232399252634662
-0.7584374999999999,9.1546875,1.95671875,4.913018172019492,9.313991653815444,6.4667104404711395,-0.22798752352589347,-0.3954100286179414,0.5729587894946273
-0.8078124999999998,8.145624999999999,1.7829687500000002,4.457486844046065,9.642373747390993,5.9639638349023745,0.43592993459074403,-0.11756012527334113,0.5030490799000229
-0.27250000000000013,7.3634375,1.1270312500000002,4.297597075692416,9.87511522381353,5.958682918567109,-0.004785313352875748,-0.10313570809829258,0.7035938780796834
-0.27937500000000004,8.68875,1.51171875,4.599632415680083,8.838468741105554,6.423664392961267,-0.8141537852692251,-0.26012051804767367,0.6031034793046074
-0.4364062499999999,7.459687499999999,2.0953125,5.280719460685347,10.010962736038115,5.716942738679805,1.2405001255118338,-0.12020402382441495,0.6900862314249308
-0.32296875000000014,7.7246875,1.9803125000000001,5.081555089145786,9.092282264500138,6.072305207031655,0.18560191056596856,-0.04246887757132132,0.6968499538375411
-0.580625,8.983281250000001,2.5490625,5.617207623399281,8.61508579736142,6.815913071342221,0.17862960397228964,-0.35626863919283763,0.37174767246269486
-0.7775,9.226875,3.1,5.002099246816281,9.091529174697456,6.596486280589084,0.48477347291670764,-0.36642340518933186,0.49961340055217995
0.008281250000000018,7.84734375,1.77546875,5.126635578856609,9.087695190852076,6.12891913637906,-0.2805442997474628,-0.061307059785557505,0.5387050804571474
-0.39546875,7.866718749999999,2.2457812500000003,4.619416538403247,9.032651544308484,5.4437673090102265,-0.032981583410415904,-0.04782183929039336,0.859202597466989
-0.24078125000000006,7.9506250000000005,1.55375,4.56983085870237,9.54169171894455,5.8643492552456316,0.2130767346852199,-0.12839382088394571,0.9748641126215087
-0.521875,8.795156250000002,2.8679687499999997,4.769284496585939,8.48285458148293,6.240370126164268,-0.20921517056711372,-0.23893100029801695,0.641677060837558
0.5742187499999997,8.419062499999999,1.9709375000000002,4.267985767859171,8.958908924701364,5.3483074772392944,0.38629680295339525,-0.22651078173449612,0.8892731970484214
1.6542187500000003,8.56828125,2.314375,4.871526905360212,8.609954005881706,5.896516152303409,-0.31995186007817433,-0.28321271009864835,0.782004706411228
2.3929687499999996,7.888437499999999,1.8400000000000003,5.287559597680525,9.238695832399385,5.811212222935935,0.09709735130537162,-0.14933050526036049,0.4412412034141363
1.61953125,7.843125000000001,2.11125,4.5321929810824955,8.64569417307685,5.918661562169271,-0.12035496819788626,-0.12223223848622708,0.9561716700075933
-0.22828125,9.02421875,2.3107812500000002,4.319234435452472,8.424800591981299,5.557587804268002,-0.22691557807417614,-0.32344242607842194,0.4239304065024534
-0.259375,8.641718749999999,1.6710937499999998,4.760658395576709,8.596093326819949,5.098688899237817,-0.38008982126460517,-0.26398209099002484,0.799588861828971
0.65484375,8.230625,1.3959375,4.891186906118589,9.066255751928411,5.198229782444573,-0.4232700898759974,-0.2096787147998592,0.7901724579841519
0.4407812499999999,8.67421875,1.81890625,3.617426703078922,8.730462259505417,6.000579950405705,0.06778085482208746,-0.25989732997158416,0.554442938678504
0.3479687499999996,8.448125,1.6864062499999999,4.228586931413783,8.656443206327586,6.271024728659658,-0.6436847694766874,-0.11048590362430541,0.3664102970245913
-0.18968749999999984,8.37671875,1.7059374999999999,4.686001416703131,9.143485224240177,5.826678330841145,0.015828251990740665,-0.2722022534792558,0.5322538909872037
-0.4815625000000001,7.96625,1.70703125,5.2674472644340495,9.926416381932606,6.337665845879178,-0.5163306154282961,-0.19588899907755128,0.6814159151676463
-0.5223437499999999,9.09953125,1.9221875,5.732390356067523,9.76932002970388,5.304949183530767,-0.1811647214800646,-0.29673002992472053,0.09552224090339471
-0.30406249999999985,8.09046875,2.281875,5.5733062782421845,8.939390259842863,6.063168745332345,-0.1463364403730796,-0.13208176256588425,0.7924570458949823
-0.9420312500000001,7.841562500000001,2.6628125,4.707162487797021,8.843699066770293,6.570232698683035,-0.1178925974415202,-0.12510462762550756,0.3096177472170329
-0.8635937500000002,8.48609375,2.02796875,5.464725910094754,9.481691670198463,5.449727682327204,-0.18421177488546805,-0.2418972396119529,0.5601086282030139
-0.6785937499999999,8.29875,2.03515625,5.440014610270908,9.605825950302245,6.316947441255621,0.15058163116589066,-0.18792587631062685,0.707310181776239
-0.8729687499999998,8.2221875,1.5245312500000001,4.919728358763666,9.464610971394638,5.302574236186933,0.01489088944078602,-0.08466079288551945,0.6553308456703935
-1.23296875,8.2971875,2.318125,5.42761995482582,9.073212714625605,5.814299419050845,-0.11547451412228252,-0.20630707256810402,0.6739629012821862
-0.1239062500000001,8.09625,1.4246875,4.767897734191762,9.436241389584097,6.129073127508249,-0.2810572206267819,-0.24489571035167737,0.8027273427974776
-0.6264062499999999,8.96015625,2.04453125,5.086448714226945,9.402654959535948,6.11104914521831,-0.08098936110235988,-0.24717640029449597,0.46171490795565795
0.535,8.07984375,1.531875,5.615314160846212,9.175675637961813,6.391456425133086,-0.5614940157864425,-0.11844634641943959,0.7393000407444809
-0.9620312500000001,8.28453125,2.0562500000000004,6.017871348036898,9.658239346810237,6.5605679298746695,0.059895720948452226,-0.09979909044416546,0.379564289433556
-0.9065624999999999,8.1403125,1.70578125,5.603869817687929,9.922901851391243,6.5831745297879225,0.14531246890168317,-0.2226380537972549,0.7905654348617615
-0.0720312500000001,8.73125,1.6712500000000001,5.811200171782369,9.473905032377093,6.226295673392006,0.01494607833036588,-0.19425569311134158,0.7743231227865776
-0.6946875,8.790000000000001,2.1309375,5.506340370640354,8.828403734537744,6.847014111720068,-0.3507959002306368,-0.20301090019500068,0.4998972269190168
-0.20296874999999998,7.75984375,1.9784375,4.889441327904798,9.013509044100747,6.388152662045089,-0.172644057469373,0.03300262776744267,0.5069350478124404
-0.6810937499999999,8.61953125,1.5128125,5.911553337847079,9.378348640233707,5.436754968714679,-0.18077919256285685,-0.12235537253254468,0.19752871690791815
-0.45984375000000005,8.48484375,1.0584375,5.8061759931202515,9.192691559091164,5.576927979057444,-0.1491163158596949,-0.11393151005502086,0.7561153812669344
-0.9392187500000002,7.69609375,2.0042187499999997,4.8862333092217805,9.558441886819784,5.26768266314975,0.018357741441582073,0.015567150792912036,0.46175752187679003
-1.165,8.72484375,1.7359375000000001,5.9116159487064115,9.720041472421089,6.295312670637873,-0.11707957219906452,-0.17092817744808125,0.24640204232221674
-0.5134375,9.024687499999999,1.818125,5.599155410291248,9.467168262069906,5.8829979801437124,0.1326242277372995,-0.22242265395323493,0.5689058311288177
-0.4207812499999999,8.3375,2.52703125,6.238831347067208,9.351821847907498,7.088138128170431,0.007273413514697442,-0.09770612181929052,0.609567604135448
-0.24656250000000002,8.0096875,0.8051562499999998,5.681470215410246,9.434099879020986,6.566702224144623,-0.23123689812159012,-0.013455053927362579,0.5873305928496514
-0.7178125000000001,9.267031249999999,1.400625,5.346645113044604,9.575720710422972,6.229051110271532,0.3406685782251358,-0.2349171092261531,0.7105900571095263
-0.7318749999999998,8.637343750000001,0.6685937499999999,6.247910869592732,9.276865082388335,5.787315835943373,0.07744696892587939,-0.1874387833468281,0.7613683348680896
-0.590625,8.077187499999999,0.6910937499999998,5.648234479408146,10.145441474615273,6.4752792211001164,-0.4280026572233777,-0.15199317084605599,0.6473392040198752
-0.17609374999999994,8.73609375,1.494375,6.080529535222318,9.554096735364936,6.384716339382275,-0.30848006457517946,-0.2404418625769823,0.5958286712004552
0.16593750000000007,8.96890625,1.295,5.122604842372067,9.196275081042918,6.727363432281624,0.11716427296871124,-0.27187490082241833,0.6362396998827
-0.6945312499999998,8.389687499999999,2.1728125,5.534830600865164,8.908657651540087,6.900905390950071,0.26707984557289793,-0.14528657870130215,0.5950046996959742
-0.7960937500000003,8.12796875,1.9681249999999997,5.967320801977294,8.77798296515341,6.434585960601894,-0.23004618337216926,0.06256178242278368,0.32059074321321435
-0.7828125,8.315468749999999,2.02328125,5.220444924989033,9.420477351507907,6.390187804039756,-0.34546274514744363,-0.08870048112591275,0.2355415478449745
-0.8553125000000001,8.31484375,0.931875,5.285635595871489,9.495849420962083,6.08747661058135,-0.013325095381817384,-0.11990765575916972,0.728362388605592
-0.7778125,8.38609375,1.1631249999999997,5.770451257470576,9.928133418659872,6.031950574596497,-0.3804400010118235,-0.14561214686529786,0.6516332714783495
-0.5049999999999999,8.27,2.14390625,6.176265811556364,9.339916521307886,6.29782715932336,0.15861455388354626,-0.22577168985843732,0.7450543467039669
-0.77546875,7.8396875,1.7979687500000001,4.978575954052869,9.134180308180026,6.098206493430953,-0.8779912466621128,0.00829632823465026,0.6505981396045002
-0.12812500000000004,9.0271875,1.4392187500000002,4.715125222024861,9.04524486069027,6.735242039240196,-0.29457351401643084,-0.2672071080701703,0.8501612647410312
-0.20718750000000002,8.78921875,1.3990625,5.727208762987757,9.649976409408907,6.750059888333863,0.12469673259461742,-0.2500963831169178,0.5407680647756311
-0.8007812500000001,8.405468749999999,1.0475,5.189140796138455,9.215073068363237,5.572680851708628,-0.19389883520677606,-0.08821129374292487,0.7357090700580114
-0.7059374999999999,8.06859375,2.22609375,5.618294814362606,9.528042963272203,5.988881003886363,0.40002972803948156,-0.12683359992566595,0.7344365166228305
-0.6360937500000001,8.76765625,1.66796875,5.362650818737962,9.70776891563329,6.342591933628037,-0.3311294322844022,-0.18309723268993125,0.7318268218063122
-0.6159375000000001,8.89921875,1.6609375000000002,4.995209179413186,9.449154278407589,6.339966659698909,-0.20962086262977964,-0.23949794206946073,0.6880493642101143
-0.9317187500000003,8.505937500000002,1.72875,4.934644286409957,8.832842782541404,5.933243342599392,-0.08491573740271671,-0.10726436012737067,0.6440771283954965
-0.9015625,8.112343749999999,1.23921875,5.721292527357236,9.508422211089279,6.096668738101853,-0.4579814667471123,-0.1189571580342313,0.27606295152469346
-0.45578125000000025,7.555781249999999,1.0604687499999998,6.8019001951402105,9.26870807554367,6.33432623431833,-0.12364114537244478,-0.03075177375756699,0.6283313128051913
-0.54546875,8.1340625,1.31515625,5.647295516906605,9.70815020336489,6.065334644567103,0.24611046709086562,-0.12357828865209446,0.7272324661063146
-0.6707812499999999,8.384375,2.04296875,5.755167869154508,9.584722034799704,6.151298562013019,-0.05729689394444079,-0.14399286580484788,0.4474928919000998
-0.270625,8.33390625,2.0846875,5.096002071170596,9.114162677048888,6.077721604544235,0.07009531428436462,-0.07736071077300205,0.5904074662648106
-0.7350000000000001,7.366250000000001,1.5959375000000002,5.130341119262929,9.067918121735552,6.14526665378271,-0.32692156977702014,-0.007424347166412352,0.8457537560797181
1.16515625,7.15453125,2.5984375,4.759770540749411,6.349704700241849,4.40479114812425,-0.49660824227194494,0.026208795069068973,0.3743395745280362
8.14515625,-2.19609375,4.0375,0.08069991069349142,0.07635478839560422,0.08429857650043673,-0.8738101121955499,0.06608146034929561,0.8313207480135957
8.065,-2.1956249999999997,4.2059375,0.03665719574653772,0.044995659512890765,0.05883554277602966,0.9382973284435935,1.4596076335896122,-0.46841656965123296
8.0828125,-2.1784375000000002,4.1850000000000005,0.02885679891723912,0.03841462734102726,0.04670385423067363,0.22557583885739152,-0.5857046992770203,-1.1199630334476394
8.083437499999999,-2.178125,4.1865625,0.030883791764450975,0.024929588343973935,0.02699645520711943,0.7329943418961463,-0.03242948866564325,-0.2814344360013096
8.08234375,-2.1831250000000004,4.178437499999999,0.021194205244299227,0.0318627427413272,0.03428824279180848,0.4399121104866637,-0.7868041544455784,-1.513599672566013
8.0665625,-2.19125,4.20421875,0.018809800470764915,0.026896793489187523,0.03076141492905531,0.16461437300814194,0.09455389339621013,0.9048708492964909
8.0565625,-2.1956249999999997,4.231562500000001,0.02244568095981934,0.030509988118647236,0.03153464117046528,-0.263752984060818,-0.6884126582082936,0.5139185903780954
8.05109375,-2.193125,4.219843750000001,0.019534999640069155,0.030045538354304766,0.03347070489155413,-0.5055903520018769,-0.04401583458188607,-0.5064557503573445
8.068437499999998,-2.1940625000000002,4.17484375,0.023731489497079244,0.03324712158593582,0.028061995401922248,0.3404358120844934,0.2757114304190799,-0.3398374035737513
8.060156249999999,-2.203125,4.1850000000000005,0.025279202636505217,0.028111107680061215,0.02633913438213195,-0.08141311926822628,-0.26158908977830675,0.1487869290638285
8.057968749999999,-2.213125,4.18734375,0.02292512864604027,0.030458732327527903,0.025448611670138423,-0.38061407085142834,-0.5117018432050366,-0.1967266588135351
8.06109375,-2.2100000000000004,4.184531249999999,0.018465947333876243,0.0316227766016837,0.02351393785475978,0.1223555192742928,0.09486832980509166,-0.608105509504324
8.06453125,-2.215,4.1853125,0.014992673992236688,0.03041381265149099,0.024746764308693065,0.06253053994816662,-0.21327436190966653,0.2966784406541627
8.05953125,-2.1820312500000005,4.1809375,0.02334722196402584,0.03738230227577613,0.027083133012079784,0.24072119646306753,-0.40422779561772215,-0.6937968013058503
8.091093749999999,-2.149375,4.11046875,0.03553682893756102,0.03699134189239432,0.04668477025152316,1.276270206430487,0.8506766437298255,-0.5189230188267899
8.16375,-2.1509375,3.9828125,0.032953565816160185,0.03668781941939322,0.04310121626764126,-0.007531853767690065,0.3025958928080894,0.5638461821187948
8.158124999999998,-2.13859375,4.0059375,0.04653207898858587,0.050647901841413996,0.05611703033616424,-0.3349926330627963,-0.5426052776597634,0.08475706059987688
8.17140625,-2.1103125,3.97890625,0.03494939142442239,0.03787185424229989,0.04220919581012511,-1.7338120053647452,0.1553499793645701,-0.20544571364521935
8.180625,-2.105625,3.95328125,0.021203994317108846,0.028606981228364615,0.026460742590439443,-0.37690839709109103,0.1489822760465953,-0.28536720636431906
8.169531249999999,-2.1103125,3.94375,0.03139614265220317,0.021137108216357406,0.0290204669156097,-1.8348872659646955,0.4778520189554261,-0.4895463813632158
8.19109375,-2.09953125,3.91625,0.04627084623105025,0.06757934428090812,0.05993486047368418,-0.5354242817362159,0.42677988727266963,1.5125708003944212
8.16796875,-2.12078125,3.96140625,0.05826072024475411,0.05440888850580858,0.0838687066845404,-0.3832615873103997,1.2602471022581567,0.6296215255176086
8.213281250000001,-2.0484374999999995,3.8965625000000004,0.034688555727177724,0.03825158289208437,0.044448662451754335,-1.2986972163670802,-1.148289877312256,0.2595168075420039
8.226875,-2.03234375,3.85328125,0.021999644883497895,0.03498848862036627,0.03905343644850606,-0.09341445085346353,0.41466244365548277,-0.21094167837625583
8.225312500000001,-2.0312499999999996,3.85734375,0.020914166102190556,0.023418742493993953,0.03396883624644067,-0.1874508605093142,0.00456205566391703,0.5009593045017346
8.2109375,-2.0151562499999995,3.8368749999999996,0.020820569006393945,0.02817313589108419,0.029626582236228355,1.0177918696970445,0.4105519932126685,-0.05492262139577274
8.21484375,-2.0059375,3.8215624999999998,0.02358443524737267,0.03462832790866455,0.03212372322365518,-0.05188732074630548,1.4443587401690332,0.3620787277505518
8.213125,-2.025625,3.8259374999999998,0.025548666794962364,0.023576670142324962,0.03141052520652911,-0.4174979908445735,-0.028949673120347248,-0.9842522130263558
8.21375,-2.02609375,3.8235937499999997,0.023684119151870818,0.027364278008701382,0.036630212406393484,-0.2813845581996541,-1.0068836972594077,1.0243658465630343
8.2103125,-2.0199999999999996,3.82046875,0.025918667862180132,0.03082207001484482,0.034479599380467046,0.10561527857837635,-0.25613908599597496,0.5069723064328331
8.215000000000002,-1.9689062499999999,3.7818749999999994,0.025000000000000272,0.02937458443854992,0.04049980709830605,-0.4800000000001767,-0.48101481084652664,-0.07689257161481465
8.205625000000001,-1.96,3.7726562499999994,0.023310070248714555,0.023717082451262868,0.03173337101439904,-0.027409991534443377,-0.056218269514104545,0.20547330344202855
8.196874999999999,-1.9623437499999998,3.7590624999999993,0.025792137852454145,0.02590500600149516,0.023366559304912597,0.07384913043415726,-0.420819196374216,-0.8275020026528822
8.19625,-1.9631249999999998,3.7703124999999993,0.028912583765550944,0.02833256739160785,0.0300504133707009,-0.10521564241478043,0.09590212023905534,-0.09914263161962064
8.190625,-1.9692187499999998,3.7793749999999995,0.027149758286216758,0.027116916278174037,0.025364529859628844,-0.27207332317234123,0.18545693954317055,0.12755718591705842
4.424999999999999,2.480625,3.43171875,5.299312455404002,6.190228912114236,2.3679068781095336,-1.1037483920386773,0.9818523227315598,-2.5551013308405497
-2.3337499999999998,7.4784375,2.8403125000000005,5.232084461522004,5.5116848089847945,3.215695865958681,-0.5815656778088145,-0.21335943498345541,0.8503887172148006
-1.7953125,7.7515625,2.5515625,5.08539482511867,5.6160059257976,3.57397897078225,-0.3633076877874544,-0.14346800620118355,0.6373480977790699
-1.801875,7.859687499999999,2.98359375,4.919445432096488,5.391802217472721,2.93044811376365,-0.35503805293331203,-0.36327895078202266,0.47103498728609383
-2.02921875,7.9609375,2.775,4.509127654230743,5.882338427113298,3.807094528639918,-0.45113112932948873,-0.1881529208567771,1.0667316753170426
-1.92921875,8.1725,2.14578125,4.768658847322635,5.577229374877816,4.293491733385362,-0.5548621002319898,-0.5645720646684035,1.058182024511469
-1.7371874999999999,8.2765625,2.3690625,4.4380078824675095,4.683749572574707,3.9517846912621324,-0.3070138990438878,-0.18402960139346972,1.406006510924749
-1.69328125,7.6271875,2.3948437499999997,4.571115856210433,6.147208326943519,3.21517884037357,-0.22365439943060006,-0.19134498186758198,0.4473050877563427
-1.6240625,7.533906249999999,2.8935937500000004,4.067927804311889,5.844776679113663,3.208092972851775,0.5351879355393235,-0.4794874818562904,0.05346817285980076
-1.89359375,6.393593749999999,3.47765625,4.574752509421787,5.105758197609924,4.862169571738108,-0.182680506430328,-0.16765408859780545,1.3045337939486592
-2.556875,8.06546875,3.11421875,4.594590866918947,5.66195083697072,4.488318798798548,-0.8143385043659483,-0.3522607473174491,1.2927843765317464
-2.12875,8.119375000000002,2.52734375,3.794658046188088,4.5537068948687285,3.821554511168974,-0.8817895522175087,-0.36807769503745785,0.8543006336642871
-2.1399999999999997,7.69171875,2.8401562499999997,4.115996234206246,5.931356968131191,3.840477058658981,-0.39545455245831906,-0.39204441967699233,-0.23597865749107064
-0.58546875,8.318750000000001,3.4153124999999998,4.333181181911672,5.456436422932096,4.430881320611482,0.8874533970917104,0.15097165072072144,0.47779044828093115
-1.0140624999999999,7.98171875,2.89078125,3.8913846020528156,6.37237042696032,5.834960449921528,0.05917270296479501,0.2179163124029942,0.6986946617589157
-1.09359375,7.749062500000001,2.8449999999999998,4.316296288192104,5.694065089731039,4.4955210348746,-0.5347124392831387,0.27795116165640793,0.24953958428231657
-0.4615625000000001,7.8792187500000015,2.1246875000000003,4.209908408575387,6.440764780066761,5.587884206239759,-0.2871988067777862,-0.08870377165120266,0.8981578779000285
-0.49812499999999993,8.22234375,2.48421875,4.004984345709106,6.204745850503141,4.113638446029067,-0.2563578823543711,-0.14137513245981845,1.0243097117839384
-1.21140625,7.959687499999999,2.61953125,4.553898353055428,5.962672683230545,5.341445096392309,-0.4474356038705422,0.3511357332794373,0.510940216906438
-1.5437500000000002,8.4203125,1.8209374999999999,3.370542658460207,5.761038580615803,5.28186393436008,-0.7329134749099079,-0.06245166871419584,0.594821018605281
-1.46046875,8.802968749999998,1.7775,4.1994878518425836,5.7558835876017715,5.3275390073654085,-0.5348418526235713,-0.3214721144067561,0.24394915205041404
-1.3292187500000001,8.0915625,2.1728125000000005,3.6967626482029434,5.3639459643618475,4.999674510890059,-0.025341507839069497,0.3167874941132279,0.6639712820819955
-0.5540624999999999,8.792031249999999,1.4118750000000002,3.3580387313272237,4.985757897403707,4.860908761165447,0.3216422576940728,0.12990323515894228,1.262797775719491
-1.82234375,8.65640625,1.5226562499999998,2.7852377267184822,1.8826654701409218,1.8547331699832021,0.4680189844678076,0.5825871401648074,-0.2241864899638093
-2.6165625,8.335625,3.53375,3.1464221837817234,7.690292556813102,3.7693167069775395,-0.32998714990835815,-0.3237495425270228,-0.08429878855832218
-1.6887499999999998,7.76203125,2.73640625,3.964976946654293,7.2038985061231555,5.299345881565095,-0.90938789507117,-0.03265093741027112,0.13250982000949638
-1.75671875,8.15765625,2.8942187500000003,4.0797476387515,8.152754469768848,4.414702992801264,0.14627837659150386,-0.3280810524606241,0.02744560259722857
-1.62015625,7.868125,1.9007812499999999,4.8886215120508085,7.2966139139586526,5.456508242653761,-0.1640978746249843,-0.46678372537319546,-0.11396175018825348
-1.62,8.997343749999999,2.3153125,4.647708776913631,7.52910877075341,4.703028601586827,-0.552243279797165,-0.9366752104354376,0.0018594312486552233
-1.73484375,8.43328125,2.85453125,4.294780986917253,7.239108641324458,4.701209927271217,-0.5940621317933917,-0.43486665794578133,-0.03318799157134364
-1.33,8.7575,2.5164062499999997,3.837041503554529,7.720261896464393,5.083100175823898,-0.43541538878524233,-0.6192666112249353,0.16547734687783144
-2.26171875,8.850625,2.63484375,4.586733435507064,7.774073673716695,4.911376459363091,0.00952788984419888,-0.49167659272932757,0.48105823088103633
-1.56859375,9.9096875,2.48234375,3.559541695915492,7.276860794830676,4.3961036520236805,-0.045946313740291095,-0.2978808408194662,0.4538040760322664
0.19624999999999998,8.10640625,2.7246875,2.4038319018808285,3.9118938696571175,2.8706107629464066,-0.08154707914735687,-0.837497281475181,0.5268603554670136
-0.9300072881250001,7.8107898703125,1.431263166625,4.0823510802678955,2.5741515426176025,1.6914351598015096,-0.0825448258063359,-1.1575045275793812,0.35477358159942396
-2.26736225825,7.8644739529687495,3.5910898096875004,3.4052962890760665,5.463773497280061,3.8563780104490166,0.16781543796330384,-0.1339228380044088,0.5999712933123753
-2.183299190375,9.04731592759375,2.612552898125,3.3577763047336577,5.18790384086676,4.2748739267152684,-0.8528747359428466,-0.09044108623658755,1.1919497941266848
-3.33485707259375,8.5925240640625,0.77401877271875,3.8476980317452303,4.643988649361607,4.943595535788542,-0.08579953268419285,0.2375435757011456,0.24216258261554666
-2.1513764934374997,8.404180271718749,3.0371247079687502,3.826334110576875,5.477883853116079,4.693248403551576,-0.4877169560357999,0.0625717192218464,0.5903134052153651
-1.63210077234375,9.1799014759375,1.6840282957812502,3.440951646116299,4.732809535559259,5.058716736296607,-0.04622947727307973,-0.041202299574953374,0.7921078412204497
-0.6390922295312499,8.592736865625,2.2750236950000002,3.985779236232019,5.158201790475516,5.492706018859147,0.18651273576958716,-0.12742663439748864,0.7618700340500754
-1.3641629641250002,7.789562033593748,2.36887639421875,3.258454024253341,4.656054357678934,4.661314174895121,-0.14261872607784187,0.25407979345759807,0.65910611389132
-1.3633116790625,9.2648159796875,1.5331403736875,3.3426281145316326,5.186933554039161,4.245202486191375,-0.19719449495874014,-0.053546559197754216,0.6150307512121737
-0.02809196328124991,10.965869648750001,2.94220793234375,3.7958846058570836,5.368395790844318,4.405855874872626,-0.4108804796655192,-0.5937054513190366,0.6693290710754869
-1.22051083665625,8.592736918125002,2.94476174734375,4.211294622114881,5.538083923032128,5.016240990657041,-0.6911386294292332,-0.15096299688936787,1.0602263479108438
-0.12254686384374999,9.13171379125,1.5469860939062499,2.5353675058626086,3.2624860540374976,3.737825218382686,-0.018308041770107884,0.05936764696059871,0.8071539505266017
-0.08546874999999998,8.520624999999999,2.75328125,4.482082011216823,7.883148933603564,4.797984295086681,-0.4475017073952693,-0.3688868740762981,0.08795610608834092
1.04640625,8.22546875,2.1075,4.463234661930844,8.35645239651812,6.877882577508865,0.47405246727754247,-0.17521479411967508,0.26219262578757624
0.1857812499999999,8.446562499999999,1.1087500000000001,4.384239103270764,8.04427323837236,6.6536713314906075,0.6799917476415742,-0.529696821409946,0.1842502384942412
-1.3128124999999997,8.21796875,1.93125,3.9767109009637287,8.059096797192812,5.739926910466718,-0.06025118636365035,-0.44462935873592274,0.4840380878783097
-0.65375,9.404843750000001,2.7978124999999996,3.7380490817403667,6.852269695187569,5.298573059309813,-0.8072726332347789,-0.5966622475446357,0.15215938382907215
-0.52078125,7.36359375,2.3584375,4.716429828498293,7.524283264701093,4.640302461434357,0.33078995363135943,-0.3105413055557071,0.0542881910969579
-0.2250000000000001,8.80984375,2.191875,4.115552818273628,6.454748371399612,5.41938963208727,-0.09289891649307487,-0.5034679279034797,0.5897698649976301
-1.1553125,9.7815625,1.3220312499999998,3.3826879884706704,7.118458009540672,5.6717951246958345,-0.3724820372578313,-0.6611824155338285,0.1359506158603235
-2.55078125,8.286406249999999,2.59734375,3.6332248522694597,7.008565377269512,4.496331574943727,0.19425102817998874,-0.9172582347018176,0.5500783130996726
-1.0892187500000001,8.72125,2.17234375,3.357333998450026,1.8724962449895592,2.41392687220138,0.7239608401061742,0.46606962302302,-0.4598376408197779
-2.30296875,7.53734375,2.629375,3.3637816700885086,5.461162663008303,4.095368143937124,-0.11251125481167515,0.0743922123936924,0.19992850155143152
-1.5250000000000001,8.3803125,1.9975,3.601375605237532,4.968488190822612,3.858548950058817,0.30099092111400794,-0.032246996831385696,1.12584331209289
-1.63625,7.2278125,2.9290625,3.762274702556952,5.718192860497428,4.834041631605354,-0.06839333410818495,0.23073684102352496,0.482939449892614
-2.51453125,8.69328125,1.69640625,4.399913681570746,5.46046559790449,5.22019377250126,0.028808482831834695,-0.08325827982058333,0.5700748779949519
-1.7878124999999998,8.709843750000001,2.06890625,4.399942992794765,6.661255393173717,4.967221342582887,-0.5767432968277643,-0.25304749762950446,1.354054572918781
-2.42015625,8.03859375,1.880625,3.633371149922058,6.025400885829999,5.024929687008068,-0.44402136069694226,0.021736148141311567,1.5849319444522316
-2.40859375,7.78515625,2.345,3.439124101418985,5.429410934952883,4.994266087224428,-0.38510662513207367,0.27609312422710097,1.132829248031173
-0.86109375,9.15140625,1.7148437500000002,4.343415317030014,5.172803841724615,3.9468832609523603,-0.43537376650477067,0.14634898569111834,0.906068906419093
-1.8564062499999998,9.1375,2.5525,4.648169453931401,6.096594079894118,5.507549364281722,0.12110484729515672,-0.20035782099956526,0.776254132893653
-1.59859375,7.848125,2.335,3.6100228821935376,5.417411707575399,4.3411004509225535,-0.5086877091901109,0.0017313054668042604,0.7239066987568891
-1.5684375,8.369062500000002,1.0970312500000001,3.129194793967571,5.092259358191975,3.9919448892768346,-0.39667895892201793,0.30467428085568066,0.4202995804462945
-2.14453125,8.71875,-0.13281250000000006,1.9182120008678492,1.144967930773609,1.8955230715672522,1.0020020477820089,0.45653957370979653,1.4748882172822027
-3.3221874999999996,8.4328125,-1.32328125,0.10652858697903586,0.08597726352792343,0.11643204412204357,0.6957767123464724,-0.4213650497557179,0.5926070113401017
-3.33109375,8.43796875,-1.17328125,0.11628517193063577,0.0876815917022352,0.10624345108493748,0.3698953306284733,-0.17430887510707405,0.8131769369850871
-3.3218749999999995,8.41328125,-1.2615625000000001,0.08963249619976013,0.08162518544197916,0.09668277299369314,-0.04477082927022259,-0.1971145467155922,-0.2832214143821432
-3.3048437499999994,8.435156249999999,-1.1935937500000002,0.10682918882935277,0.07572549495340045,0.11547953264945914,0.2043100107308078,0.631252273008101,0.06576263746032197
-3.27453125,8.484062499999999,-0.9771875,0.13451219377230267,0.10345166066211774,0.16654080534136373,0.521511567934733,0.31044879297880634,0.2765025711744323
-3.2778125000000005,8.4884375,-0.96640625,0.18080954024539195,0.09834916671609371,0.13902975386922578,-0.14171398964529866,0.6268804866579869,0.3180000383930782
-3.2818749999999994,8.47203125,-1.0564062499999998,0.12166648829895604,0.08080028789204569,0.10100073000200295,0.5868747386335466,0.027317575484371526,0.0615285881903182
-3.286875,8.45140625,-1.17296875,0.14575101843554988,0.0863833604401766,0.12900677898249185,0.6235182673879844,0.3023207117133458,0.5904460031442346
-3.2278124999999998,8.469843749999999,-1.134375,0.11877590178041164,0.08167183165533563,0.09327169653758849,0.25359546569510966,0.36228021610753214,-0.23463609211477668
-3.2279687499999996,8.47515625,-1.1575,0.0918759300548163,0.06322064999616403,0.11394900175078324,0.02797239553256062,0.01949970567736467,-0.18567112818999335
-3.1653124999999998,8.46265625,-1.185,0.20067829315536345,0.11857542677948697,0.16631107900557918,0.12849834086660583,0.3578928267254079,0.28936779739055013
-3.249375,8.44359375,-1.25203125,0.17349238996278774,0.09752190759484494,0.18986162467291146,-0.22055491868706067,0.5341695759611621,0.5486218850776019
-3.27953125,8.44078125,-1.2160937499999998,0.1356861001482374,0.11413129346694302,0.14933830289291994,-0.22778739774041248,0.3445105487293007,0.5767037177916086
-3.23375,8.468125,-1.1434375,0.14113933718138258,0.09954388165527804,0.126271269866704,0.6143430940504699,0.2584842528964622,0.19848959467473257
-3.2328124999999996,8.471406250000001,-1.0678124999999998,0.1413491770182975,0.08238376636775888,0.13289409258409496,-0.06023823477292388,0.2179751117918724,0.2553620943907995
-3.2454687499999997,8.4721875,-1.06828125,0.12038907871330147,0.07511384588576178,0.1311672916486328,0.5160835186728888,-0.4638234187766208,0.203538910226412
-3.2418749999999994,8.45484375,-1.1828124999999998,0.13293413547693458,0.07206750714390978,0.13668472790970468,0.021165668018523376,0.6018570534255065,0.8016375506504719
-3.24453125,8.46484375,-1.15328125,0.09759498077994327,0.06738397870367613,0.12836781488534227,0.0012356708690261647,-0.07195663577996034,-0.6370558574665568
-3.22796875,8.48109375,-1.1034375,0.10558142129862386,0.07263171628797892,0.12085914774542306,-0.45550311714122627,0.7989949329710524,0.2670914810645105
-3.20609375,8.482968750000001,-1.1053125000000001,0.15188006357299663,0.08733340725883461,0.15568366113292043,-0.5727996294266398,-0.2228948433599088,0.07685337570784588
-3.1770312499999998,8.497812500000002,-1.04390625,0.33220701230322863,0.1696086372911179,0.286130527401285,0.7806099099505439,-0.33731931763165296,0.6011998876557669
-3.1559375000000003,8.542499999999999,-0.77234375,0.1985314738114589,0.10812319362652933,0.2530238513182848,-0.22885942964081768,0.2952800673612776,0.3964817661934304
-3.1090625000000003,8.55234375,-0.8096875,0.14065381649194592,0.09547156297001468,0.1561546584119411,-0.013999161773385109,-0.33992474963133823,0.23891004801309415
-3.14265625,8.5390625,-0.8312499999999999,0.15411280555468934,0.08767337733742195,0.14514540123613975,0.4734038774489955,0.11457459160836622,0.18194344853174585
-3.1968749999999995,8.497343749999999,-0.9590625,0.09911916754593932,0.07758548083203111,0.10273933566920705,-0.6079989854444848,0.16481096759091013,-0.23044505248588096
-3.3470312499999997,7.81625,1.4932812500000001,2.222430173036588,5.101223045750892,3.33664176918926,-1.496916774178539,-0.8238936981206056,1.610260735387316
-1.4803125000000001,8.8715625,3.41453125,3.892254716400733,7.477057245908563,5.803944491057219,-0.4368638180725369,-0.1910132142956766,0.4363616418278983
-1.0165625,8.9996875,2.3525,3.8576268687619013,8.590779753744345,5.253908366635261,0.35573445013319466,-0.4341070953527525,0.32005270012523124
-0.7984375,8.1321875,2.6960937499999997,3.9415472131630938,8.258978725595783,6.14545121847948,0.9043873042150491,-0.2697789457457128,0.4854353114313671
-1.20015625,7.89046875,2.0592187500000003,4.00825300637147,7.582386132859066,6.235639327859529,-0.505988616970425,-0.152227116218934,0.8894895650090022
-1.4959375,8.0784375,3.38125,3.31045300844065,6.312180491604605,4.940531822334515,0.3888671750371714,-0.5690727631892613,0.02806064842278601
-0.9271875,7.706250000000001,1.95015625,4.298848126515259,8.205363242264173,6.091988974307648,-0.34206295686443544,-0.5117480485883455,0.014541290840846249
-1.6481249999999998,9.46921875,2.20125,3.5607262579949897,6.890248613232213,4.745239884610682,-0.12625687394968774,-0.6843303898729286,0.35869307493292746
-0.8332812499999999,9.403593749999999,2.45078125,3.470110343475901,6.161521820740469,4.440198582512773,-0.652244104881898,-0.8928931300257228,0.6253048516712909
0.11328125,8.355625,3.46390625,3.601892755329958,5.524324583998934,4.258168846900149,0.9015102460096528,-0.14453874583901974,1.0550962292036585
-0.017656250000000012,8.73953125,1.3754687500000002,4.17290394321939,5.32365400526494,4.717217443077374,1.136559917043147,0.1455004505110297,1.0022816475491114
-1.0971875,8.693125,0.9434375000000002,3.89640558269333,5.450029493899551,4.2989101884772785,0.47017014018724007,-0.238182359846146,0.8889517987584944
-0.5520312499999999,8.607968750000001,2.5728125000000004,3.6879987712204345,5.623973845202646,4.083542223345284,-0.18753359118799248,0.11320914964156484,1.0115527421148722
-0.79421875,8.384062499999999,2.3353125,3.7146007544079938,6.165677861848911,4.520042508355839,-0.44771505471203216,0.16314027227731848,0.9220826291780317
-1.24671875,8.61421875,1.9681250000000001,3.0655536075721197,5.741967978371913,4.841152004882206,-0.353345700831054,-0.042225529000450374,1.1503746376936288
-1.5893749999999998,8.147499999999999,1.6524999999999999,3.742797614669407,5.4729648043816255,3.6178848274924396,-0.5192230345368282,0.15147740434628568,0.6637333381833541
-1.495625,8.55890625,3.1940625000000002,3.927291080932886,5.6147999511301325,4.7859869406522355,-0.07417656591422621,0.13241315516249683,0.8596688596050402
-1.3728125,8.48859375,2.95390625,3.5018849695333727,5.974765912566026,4.32062807109232,-0.2612349103980277,0.035253199950296736,0.6541188758486732
-1.07515625,8.70109375,2.87265625,3.528269756635104,5.7487148338746925,4.398335353498632,0.1253295249347358,-0.017481841525744564,0.45702667228104965
-0.84125,9.42140625,1.6087500000000001,3.2114202952120734,5.4700005333602055,4.315465103844543,-0.09461646199519314,-0.13863771551391327,1.3210852789363197
-3.17,7.89,1.08,0.0,0.0,0.0,0.0,0.0,0.0
