1621395459896 0.4660243229041714 0
1621395464822 0.5131200947536597 1
1621395469224 0.5256065776898396 2
1621395474461 0.5819434008663784 3
1621395479162 0.5831319933931403 4
1621395483652 0.6016687569041593 5
1621395488341 0.5985763976987488 6
1621395492975 0.5760939813051295 7
1621395498116 0.5894801437979579 8
1621395502835 0.5950381444110988 9
1621395507468 0.5957448658082252 10
1621395512126 0.5781218700384805 11
1621395516846 0.5881787408897354 12
1621395521492 0.5894525480435415 13
1621395526240 0.6124416407580817 14
1621395531373 0.5948902037967189 15
1621395535859 0.5929005527361818 16
1621395540490 0.5682595020576986 17
1621395545136 0.5932172144316362 18
1621395550043 0.5807435216218331 19
1621395554738 0.6018045100224412 20
1621395559280 0.6000923623749964 21
1621395563873 0.6036855480098459 22
1621395568206 0.6048654503999005 23
1621395572796 0.6103408317432231 24
1621395578103 0.6059311801934308 25
1621395582841 0.6190629821008946 26
1621395587539 0.5797258807080132 27
1621395592884 0.5906217584517347 28
1621395597830 0.6061289426530445 29
1621395602671 0.6017896611193215 30
1621395607456 0.6094493728465621 31
1621395611959 0.6108575283877791 32
1621395616823 0.612576846953823 33
1621395621357 0.6094437916752292 34
1621395625981 0.5992551910088139 35
1621395630762 0.6145059784875186 36
1621395635369 0.6100758216189972 37
1621395640046 0.6158651053323031 38
1621395644674 0.6200977175450147 39
1621395649301 0.6084186532792517 40
1621395654335 0.6226330117888925 41
1621395658971 0.6155016298811898 42
1621395663364 0.6070118102398014 43
1621395667888 0.6071681080064478 44
1621395672441 0.6194125785730283 45
1621395677711 0.6126799121422788 46
1621395682445 0.6147763122370654 47
1621395687298 0.6154699610375481 48
1621395691883 0.6133511549528392 49
